#;MsgType;Timestamp;Lat;Lon;SpeedKnots;SpeedKmph;TrueHeading;MagnHeading
0;RMC;12/26/2016 9:41:03 PM;49.209814;16.598786;;;;
1;;;;;;;;NMEA message parser not found for RMB.
2;;;;;;;;Failed to parse: GGA.. Meters expected in GGA message.
3;GSA;;;;;;;
4;GSV;;;;;;;
5;GSV;;;;;;;
6;;;;;;;;NMEA message parser not found for GRM.
7;RMC;12/26/2016 9:41:04 PM;49.20981125;16.5987763833333;;;;
8;;;;;;;;NMEA message parser not found for RMB.
9;;;;;;;;Failed to parse: GGA.. Meters expected in GGA message.
10;GSA;;;;;;;
11;GSV;;;;;;;
12;GSV;;;;;;;
13;;;;;;;;NMEA message parser not found for GRM.
14;RMC;12/26/2016 9:41:05 PM;49.2098084833333;16.59876675;;;;
15;;;;;;;;NMEA message parser not found for RMB.
16;;;;;;;;Failed to parse: GGA.. Meters expected in GGA message.
17;GSA;;;;;;;
18;GSV;;;;;;;
19;GSV;;;;;;;
20;;;;;;;;NMEA message parser not found for GRM.
21;RMC;12/26/2016 9:41:06 PM;49.2098057333333;16.5987571333333;;;;
22;;;;;;;;NMEA message parser not found for RMB.
23;;;;;;;;Failed to parse: GGA.. Meters expected in GGA message.
24;GSA;;;;;;;
25;GSV;;;;;;;
26;GSV;;;;;;;
27;;;;;;;;NMEA message parser not found for GRM.
28;RMC;12/26/2016 9:41:07 PM;49.2098029833333;16.5987475;;;;
29;;;;;;;;NMEA message parser not found for RMB.
30;;;;;;;;Failed to parse: GGA.. Meters expected in GGA message.
31;GSA;;;;;;;
32;GSV;;;;;;;
33;GSV;;;;;;;
34;;;;;;;;NMEA message parser not found for GRM.
35;RMC;12/26/2016 9:41:08 PM;49.2098002333333;16.5987378833333;;;;
36;;;;;;;;NMEA message parser not found for RMB.
37;;;;;;;;Failed to parse: GGA.. Meters expected in GGA message.
38;GSA;;;;;;;
39;GSV;;;;;;;
40;GSV;;;;;;;
41;;;;;;;;NMEA message parser not found for GRM.
42;RMC;12/26/2016 9:41:09 PM;49.2097974666667;16.5987282666667;;;;
43;;;;;;;;NMEA message parser not found for RMB.
44;;;;;;;;Failed to parse: GGA.. Meters expected in GGA message.
45;GSA;;;;;;;
46;GSV;;;;;;;
47;GSV;;;;;;;
48;;;;;;;;NMEA message parser not found for GRM.
49;RMC;12/26/2016 9:41:10 PM;49.2097947166667;16.5987186333333;;;;
50;;;;;;;;NMEA message parser not found for RMB.
51;;;;;;;;Failed to parse: GGA.. Meters expected in GGA message.
52;GSA;;;;;;;
53;GSV;;;;;;;
54;GSV;;;;;;;
55;;;;;;;;NMEA message parser not found for GRM.
56;RMC;12/26/2016 9:41:11 PM;49.2097919666667;16.5987090166667;;;;
57;;;;;;;;NMEA message parser not found for RMB.
58;;;;;;;;Failed to parse: GGA.. Meters expected in GGA message.
59;GSA;;;;;;;
60;GSV;;;;;;;
61;GSV;;;;;;;
62;;;;;;;;NMEA message parser not found for GRM.
63;RMC;12/26/2016 9:41:12 PM;49.2097892;16.5986993833333;;;;
64;;;;;;;;NMEA message parser not found for RMB.
65;;;;;;;;Failed to parse: GGA.. Meters expected in GGA message.
66;GSA;;;;;;;
67;GSV;;;;;;;
68;GSV;;;;;;;
69;;;;;;;;NMEA message parser not found for GRM.
70;RMC;12/26/2016 9:41:13 PM;49.20978645;16.5986897666667;;;;
71;;;;;;;;NMEA message parser not found for RMB.
72;;;;;;;;Failed to parse: GGA.. Meters expected in GGA message.
73;GSA;;;;;;;
74;GSV;;;;;;;
75;GSV;;;;;;;
76;;;;;;;;NMEA message parser not found for GRM.
77;RMC;12/26/2016 9:41:14 PM;49.2097837;16.5986801333333;;;;
78;;;;;;;;NMEA message parser not found for RMB.
79;;;;;;;;Failed to parse: GGA.. Meters expected in GGA message.
80;GSA;;;;;;;
81;GSV;;;;;;;
82;GSV;;;;;;;
83;;;;;;;;NMEA message parser not found for GRM.
84;RMC;12/26/2016 9:41:15 PM;49.20978095;16.5986705166667;;;;
85;;;;;;;;NMEA message parser not found for RMB.
86;;;;;;;;Failed to parse: GGA.. Meters expected in GGA message.
87;GSA;;;;;;;
88;GSV;;;;;;;
89;GSV;;;;;;;
90;;;;;;;;NMEA message parser not found for GRM.
91;RMC;12/26/2016 9:41:16 PM;49.2097781833333;16.5986609;;;;
92;;;;;;;;NMEA message parser not found for RMB.
93;;;;;;;;Failed to parse: GGA.. Meters expected in GGA message.
94;GSA;;;;;;;
95;GSV;;;;;;;
96;GSV;;;;;;;
97;;;;;;;;NMEA message parser not found for GRM.
98;RMC;12/26/2016 9:41:17 PM;49.2097754333333;16.5986512666667;;;;
99;;;;;;;;NMEA message parser not found for RMB.
100;;;;;;;;Failed to parse: GGA.. Meters expected in GGA message.
101;GSA;;;;;;;
102;GSV;;;;;;;
103;GSV;;;;;;;
104;;;;;;;;NMEA message parser not found for GRM.
105;RMC;12/26/2016 9:41:18 PM;49.2097726833333;16.59864165;;;;
106;;;;;;;;NMEA message parser not found for RMB.
107;;;;;;;;Failed to parse: GGA.. Meters expected in GGA message.
108;GSA;;;;;;;
109;GSV;;;;;;;
110;GSV;;;;;;;
111;;;;;;;;NMEA message parser not found for GRM.
112;RMC;12/26/2016 9:41:19 PM;49.2097699166667;16.5986320166667;;;;
113;;;;;;;;NMEA message parser not found for RMB.
114;;;;;;;;Failed to parse: GGA.. Meters expected in GGA message.
115;GSA;;;;;;;
116;GSV;;;;;;;
117;GSV;;;;;;;
118;;;;;;;;NMEA message parser not found for GRM.
119;RMC;12/26/2016 9:41:20 PM;49.2097671666667;16.5986224;;;;
120;;;;;;;;NMEA message parser not found for RMB.
121;;;;;;;;Failed to parse: GGA.. Meters expected in GGA message.
122;GSA;;;;;;;
123;GSV;;;;;;;
124;GSV;;;;;;;
125;;;;;;;;NMEA message parser not found for GRM.
126;RMC;12/26/2016 9:41:21 PM;49.2097644166667;16.5986127833333;;;;
127;;;;;;;;NMEA message parser not found for RMB.
128;;;;;;;;Failed to parse: GGA.. Meters expected in GGA message.
129;GSA;;;;;;;
130;GSV;;;;;;;
131;GSV;;;;;;;
132;;;;;;;;NMEA message parser not found for GRM.
133;RMC;12/26/2016 9:41:22 PM;49.2097616666667;16.59860315;;;;
134;;;;;;;;NMEA message parser not found for RMB.
135;;;;;;;;Failed to parse: GGA.. Meters expected in GGA message.
136;GSA;;;;;;;
137;GSV;;;;;;;
138;GSV;;;;;;;
139;;;;;;;;NMEA message parser not found for GRM.
140;RMC;12/26/2016 9:41:23 PM;49.2097589;16.5985935333333;;;;
141;;;;;;;;NMEA message parser not found for RMB.
142;;;;;;;;Failed to parse: GGA.. Meters expected in GGA message.
143;GSA;;;;;;;
144;GSV;;;;;;;
145;GSV;;;;;;;
146;;;;;;;;NMEA message parser not found for GRM.
147;RMC;12/26/2016 9:41:24 PM;49.20975615;16.5985839;;;;
148;;;;;;;;NMEA message parser not found for RMB.
149;;;;;;;;Failed to parse: GGA.. Meters expected in GGA message.
150;GSA;;;;;;;
151;GSV;;;;;;;
152;GSV;;;;;;;
153;;;;;;;;NMEA message parser not found for GRM.
154;RMC;12/26/2016 9:41:25 PM;49.2097534;16.5985742833333;;;;
155;;;;;;;;NMEA message parser not found for RMB.
156;;;;;;;;Failed to parse: GGA.. Meters expected in GGA message.
157;GSA;;;;;;;
158;GSV;;;;;;;
159;GSV;;;;;;;
160;;;;;;;;NMEA message parser not found for GRM.
161;RMC;12/26/2016 9:41:26 PM;49.2097506333333;16.5985646666667;;;;
162;;;;;;;;NMEA message parser not found for RMB.
163;;;;;;;;Failed to parse: GGA.. Meters expected in GGA message.
164;GSA;;;;;;;
165;GSV;;;;;;;
166;GSV;;;;;;;
167;;;;;;;;NMEA message parser not found for GRM.
168;RMC;12/26/2016 9:41:27 PM;49.2097478833333;16.5985550333333;;;;
169;;;;;;;;NMEA message parser not found for RMB.
170;;;;;;;;Failed to parse: GGA.. Meters expected in GGA message.
171;GSA;;;;;;;
172;GSV;;;;;;;
173;GSV;;;;;;;
174;;;;;;;;NMEA message parser not found for GRM.
175;RMC;12/26/2016 9:41:28 PM;49.2097451333333;16.5985454166667;;;;
176;;;;;;;;NMEA message parser not found for RMB.
177;;;;;;;;Failed to parse: GGA.. Meters expected in GGA message.
178;GSA;;;;;;;
179;GSV;;;;;;;
180;GSV;;;;;;;
181;;;;;;;;NMEA message parser not found for GRM.
182;RMC;12/26/2016 9:41:29 PM;49.2097423833333;16.5985357833333;;;;
183;;;;;;;;NMEA message parser not found for RMB.
184;;;;;;;;Failed to parse: GGA.. Meters expected in GGA message.
185;GSA;;;;;;;
186;GSV;;;;;;;
187;GSV;;;;;;;
188;;;;;;;;NMEA message parser not found for GRM.
189;RMC;12/26/2016 9:41:30 PM;49.2097396166667;16.5985261666667;;;;
190;;;;;;;;NMEA message parser not found for RMB.
191;;;;;;;;Failed to parse: GGA.. Meters expected in GGA message.
192;GSA;;;;;;;
193;GSV;;;;;;;
194;GSV;;;;;;;
195;;;;;;;;NMEA message parser not found for GRM.
196;RMC;12/26/2016 9:41:31 PM;49.2097368666667;16.59851655;;;;
197;;;;;;;;NMEA message parser not found for RMB.
198;;;;;;;;Failed to parse: GGA.. Meters expected in GGA message.
199;GSA;;;;;;;
200;GSV;;;;;;;
201;GSV;;;;;;;
202;;;;;;;;NMEA message parser not found for GRM.
203;RMC;12/26/2016 9:41:32 PM;49.2097341166667;16.5985069166667;;;;
204;;;;;;;;NMEA message parser not found for RMB.
205;;;;;;;;Failed to parse: GGA.. Meters expected in GGA message.
206;GSA;;;;;;;
207;GSV;;;;;;;
208;GSV;;;;;;;
209;;;;;;;;NMEA message parser not found for GRM.
210;RMC;12/26/2016 9:41:33 PM;49.20973135;16.5984973;;;;
211;;;;;;;;NMEA message parser not found for RMB.
212;;;;;;;;Failed to parse: GGA.. Meters expected in GGA message.
213;GSA;;;;;;;
214;GSV;;;;;;;
215;GSV;;;;;;;
216;;;;;;;;NMEA message parser not found for GRM.
217;RMC;12/26/2016 9:41:34 PM;49.2097286;16.5984876666667;;;;
218;;;;;;;;NMEA message parser not found for RMB.
219;;;;;;;;Failed to parse: GGA.. Meters expected in GGA message.
220;GSA;;;;;;;
221;GSV;;;;;;;
222;GSV;;;;;;;
223;;;;;;;;NMEA message parser not found for GRM.
224;RMC;12/26/2016 9:41:35 PM;49.20972585;16.59847805;;;;
225;;;;;;;;NMEA message parser not found for RMB.
226;;;;;;;;Failed to parse: GGA.. Meters expected in GGA message.
227;GSA;;;;;;;
228;GSV;;;;;;;
229;GSV;;;;;;;
230;;;;;;;;NMEA message parser not found for GRM.
231;RMC;12/26/2016 9:41:36 PM;49.2097231;16.5984684166667;;;;
232;;;;;;;;NMEA message parser not found for RMB.
233;;;;;;;;Failed to parse: GGA.. Meters expected in GGA message.
234;GSA;;;;;;;
235;GSV;;;;;;;
236;GSV;;;;;;;
237;;;;;;;;NMEA message parser not found for GRM.
238;RMC;12/26/2016 9:41:37 PM;49.2097203333333;16.5984588;;;;
239;;;;;;;;NMEA message parser not found for RMB.
240;;;;;;;;Failed to parse: GGA.. Meters expected in GGA message.
241;GSA;;;;;;;
242;GSV;;;;;;;
243;GSV;;;;;;;
244;;;;;;;;NMEA message parser not found for GRM.
245;RMC;12/26/2016 9:41:38 PM;49.2097175833333;16.5984491833333;;;;
246;;;;;;;;NMEA message parser not found for RMB.
247;;;;;;;;Failed to parse: GGA.. Meters expected in GGA message.
248;GSA;;;;;;;
249;GSV;;;;;;;
250;GSV;;;;;;;
251;;;;;;;;NMEA message parser not found for GRM.
252;RMC;12/26/2016 9:41:39 PM;49.2097148333333;16.59843955;;;;
253;;;;;;;;NMEA message parser not found for RMB.
254;;;;;;;;Failed to parse: GGA.. Meters expected in GGA message.
255;GSA;;;;;;;
256;GSV;;;;;;;
257;GSV;;;;;;;
258;;;;;;;;NMEA message parser not found for GRM.
259;RMC;12/26/2016 9:41:40 PM;49.2097120666667;16.5984299333333;;;;
260;;;;;;;;NMEA message parser not found for RMB.
261;;;;;;;;Failed to parse: GGA.. Meters expected in GGA message.
262;GSA;;;;;;;
263;GSV;;;;;;;
264;GSV;;;;;;;
265;;;;;;;;NMEA message parser not found for GRM.
266;RMC;12/26/2016 9:41:41 PM;49.2097093166667;16.5984203;;;;
267;;;;;;;;NMEA message parser not found for RMB.
268;;;;;;;;Failed to parse: GGA.. Meters expected in GGA message.
269;GSA;;;;;;;
270;GSV;;;;;;;
271;GSV;;;;;;;
272;;;;;;;;NMEA message parser not found for GRM.
273;RMC;12/26/2016 9:41:42 PM;49.2097065666667;16.5984106833333;;;;
274;;;;;;;;NMEA message parser not found for RMB.
275;;;;;;;;Failed to parse: GGA.. Meters expected in GGA message.
276;GSA;;;;;;;
277;GSV;;;;;;;
278;GSV;;;;;;;
279;;;;;;;;NMEA message parser not found for GRM.
280;RMC;12/26/2016 9:41:43 PM;49.2097038166667;16.5984010666667;;;;
281;;;;;;;;NMEA message parser not found for RMB.
282;;;;;;;;Failed to parse: GGA.. Meters expected in GGA message.
283;GSA;;;;;;;
284;GSV;;;;;;;
285;GSV;;;;;;;
286;;;;;;;;NMEA message parser not found for GRM.
287;RMC;12/26/2016 9:41:44 PM;49.20970105;16.5983914333333;;;;
288;;;;;;;;NMEA message parser not found for RMB.
289;;;;;;;;Failed to parse: GGA.. Meters expected in GGA message.
290;GSA;;;;;;;
291;GSV;;;;;;;
292;GSV;;;;;;;
293;;;;;;;;NMEA message parser not found for GRM.
294;RMC;12/26/2016 9:41:45 PM;49.2096983;16.5983818166667;;;;
295;;;;;;;;NMEA message parser not found for RMB.
296;;;;;;;;Failed to parse: GGA.. Meters expected in GGA message.
297;GSA;;;;;;;
298;GSV;;;;;;;
299;GSV;;;;;;;
300;;;;;;;;NMEA message parser not found for GRM.
301;RMC;12/26/2016 9:41:46 PM;49.20969555;16.5983721833333;;;;
302;;;;;;;;NMEA message parser not found for RMB.
303;;;;;;;;Failed to parse: GGA.. Meters expected in GGA message.
304;GSA;;;;;;;
305;GSV;;;;;;;
306;GSV;;;;;;;
307;;;;;;;;NMEA message parser not found for GRM.
308;RMC;12/26/2016 9:41:47 PM;49.2096927833333;16.5983625666667;;;;
309;;;;;;;;NMEA message parser not found for RMB.
310;;;;;;;;Failed to parse: GGA.. Meters expected in GGA message.
311;GSA;;;;;;;
312;GSV;;;;;;;
313;GSV;;;;;;;
314;;;;;;;;NMEA message parser not found for GRM.
315;RMC;12/26/2016 9:41:48 PM;49.2096900333333;16.59835295;;;;
316;;;;;;;;NMEA message parser not found for RMB.
317;;;;;;;;Failed to parse: GGA.. Meters expected in GGA message.
318;GSA;;;;;;;
319;GSV;;;;;;;
320;GSV;;;;;;;
321;;;;;;;;NMEA message parser not found for GRM.
322;RMC;12/26/2016 9:41:49 PM;49.2096872833333;16.5983433166667;;;;
323;;;;;;;;NMEA message parser not found for RMB.
324;;;;;;;;Failed to parse: GGA.. Meters expected in GGA message.
325;GSA;;;;;;;
326;GSV;;;;;;;
327;GSV;;;;;;;
328;;;;;;;;NMEA message parser not found for GRM.
329;RMC;12/26/2016 9:41:50 PM;49.2096845333333;16.5983337;;;;
330;;;;;;;;NMEA message parser not found for RMB.
331;;;;;;;;Failed to parse: GGA.. Meters expected in GGA message.
332;GSA;;;;;;;
333;GSV;;;;;;;
334;GSV;;;;;;;
335;;;;;;;;NMEA message parser not found for GRM.
336;RMC;12/26/2016 9:41:51 PM;49.2096817666667;16.5983240666667;;;;
337;;;;;;;;NMEA message parser not found for RMB.
338;;;;;;;;Failed to parse: GGA.. Meters expected in GGA message.
339;GSA;;;;;;;
340;GSV;;;;;;;
341;GSV;;;;;;;
342;;;;;;;;NMEA message parser not found for GRM.
343;RMC;12/26/2016 9:41:52 PM;49.2096790166667;16.59831445;;;;
344;;;;;;;;NMEA message parser not found for RMB.
345;;;;;;;;Failed to parse: GGA.. Meters expected in GGA message.
346;GSA;;;;;;;
347;GSV;;;;;;;
348;GSV;;;;;;;
349;;;;;;;;NMEA message parser not found for GRM.
350;RMC;12/26/2016 9:41:53 PM;49.2096762666667;16.5983048333333;;;;
351;;;;;;;;NMEA message parser not found for RMB.
352;;;;;;;;Failed to parse: GGA.. Meters expected in GGA message.
353;GSA;;;;;;;
354;GSV;;;;;;;
355;GSV;;;;;;;
356;;;;;;;;NMEA message parser not found for GRM.
357;RMC;12/26/2016 9:41:54 PM;49.2096735;16.5982952;;;;
358;;;;;;;;NMEA message parser not found for RMB.
359;;;;;;;;Failed to parse: GGA.. Meters expected in GGA message.
360;GSA;;;;;;;
361;GSV;;;;;;;
362;GSV;;;;;;;
363;;;;;;;;NMEA message parser not found for GRM.
364;RMC;12/26/2016 9:41:55 PM;49.20967075;16.5982855833333;;;;
365;;;;;;;;NMEA message parser not found for RMB.
366;;;;;;;;Failed to parse: GGA.. Meters expected in GGA message.
367;GSA;;;;;;;
368;GSV;;;;;;;
369;GSV;;;;;;;
370;;;;;;;;NMEA message parser not found for GRM.
371;RMC;12/26/2016 9:41:56 PM;49.209668;16.59827595;;;;
372;;;;;;;;NMEA message parser not found for RMB.
373;;;;;;;;Failed to parse: GGA.. Meters expected in GGA message.
374;GSA;;;;;;;
375;GSV;;;;;;;
376;GSV;;;;;;;
377;;;;;;;;NMEA message parser not found for GRM.
378;RMC;12/26/2016 9:41:57 PM;49.20966525;16.5982663333333;;;;
379;;;;;;;;NMEA message parser not found for RMB.
380;;;;;;;;Failed to parse: GGA.. Meters expected in GGA message.
381;GSA;;;;;;;
382;GSV;;;;;;;
383;GSV;;;;;;;
384;;;;;;;;NMEA message parser not found for GRM.
385;RMC;12/26/2016 9:41:58 PM;49.2096624833333;16.5982567;;;;
386;;;;;;;;NMEA message parser not found for RMB.
387;;;;;;;;Failed to parse: GGA.. Meters expected in GGA message.
388;GSA;;;;;;;
389;GSV;;;;;;;
390;GSV;;;;;;;
391;;;;;;;;NMEA message parser not found for GRM.
392;RMC;12/26/2016 9:41:59 PM;49.2096613333333;16.5982468;;;;
393;;;;;;;;NMEA message parser not found for RMB.
394;;;;;;;;Failed to parse: GGA.. Meters expected in GGA message.
395;GSA;;;;;;;
396;GSV;;;;;;;
397;GSV;;;;;;;
398;;;;;;;;NMEA message parser not found for GRM.
399;RMC;12/26/2016 9:42:00 PM;49.2096605;16.5982368166667;;;;
400;;;;;;;;NMEA message parser not found for RMB.
401;;;;;;;;Failed to parse: GGA.. Meters expected in GGA message.
402;GSA;;;;;;;
403;GSV;;;;;;;
404;GSV;;;;;;;
405;;;;;;;;NMEA message parser not found for GRM.
406;RMC;12/26/2016 9:42:01 PM;49.2096596833333;16.5982268333333;;;;
407;;;;;;;;NMEA message parser not found for RMB.
408;;;;;;;;Failed to parse: GGA.. Meters expected in GGA message.
409;GSA;;;;;;;
410;GSV;;;;;;;
411;GSV;;;;;;;
412;;;;;;;;NMEA message parser not found for GRM.
413;RMC;12/26/2016 9:42:02 PM;49.2096588666667;16.5982168666667;;;;
414;;;;;;;;NMEA message parser not found for RMB.
415;;;;;;;;Failed to parse: GGA.. Meters expected in GGA message.
416;GSA;;;;;;;
417;GSV;;;;;;;
418;GSV;;;;;;;
419;;;;;;;;NMEA message parser not found for GRM.
420;RMC;12/26/2016 9:42:03 PM;49.20965805;16.5982068833333;;;;
421;;;;;;;;NMEA message parser not found for RMB.
422;;;;;;;;Failed to parse: GGA.. Meters expected in GGA message.
423;GSA;;;;;;;
424;GSV;;;;;;;
425;GSV;;;;;;;
426;;;;;;;;NMEA message parser not found for GRM.
427;RMC;12/26/2016 9:42:04 PM;49.2096572333333;16.5981969166667;;;;
428;;;;;;;;NMEA message parser not found for RMB.
429;;;;;;;;Failed to parse: GGA.. Meters expected in GGA message.
430;GSA;;;;;;;
431;GSV;;;;;;;
432;GSV;;;;;;;
433;;;;;;;;NMEA message parser not found for GRM.
434;RMC;12/26/2016 9:42:05 PM;49.2096564166667;16.5981869333333;;;;
435;;;;;;;;NMEA message parser not found for RMB.
436;;;;;;;;Failed to parse: GGA.. Meters expected in GGA message.
437;GSA;;;;;;;
438;GSV;;;;;;;
439;GSV;;;;;;;
440;;;;;;;;NMEA message parser not found for GRM.
441;RMC;12/26/2016 9:42:06 PM;49.2096556;16.5981769666667;;;;
442;;;;;;;;NMEA message parser not found for RMB.
443;;;;;;;;Failed to parse: GGA.. Meters expected in GGA message.
444;GSA;;;;;;;
445;GSV;;;;;;;
446;GSV;;;;;;;
447;;;;;;;;NMEA message parser not found for GRM.
448;RMC;12/26/2016 9:42:07 PM;49.2096547666667;16.5981669833333;;;;
449;;;;;;;;NMEA message parser not found for RMB.
450;;;;;;;;Failed to parse: GGA.. Meters expected in GGA message.
451;GSA;;;;;;;
452;GSV;;;;;;;
453;GSV;;;;;;;
454;;;;;;;;NMEA message parser not found for GRM.
455;RMC;12/26/2016 9:42:08 PM;49.20965395;16.598157;;;;
456;;;;;;;;NMEA message parser not found for RMB.
457;;;;;;;;Failed to parse: GGA.. Meters expected in GGA message.
458;GSA;;;;;;;
459;GSV;;;;;;;
460;GSV;;;;;;;
461;;;;;;;;NMEA message parser not found for GRM.
462;RMC;12/26/2016 9:42:09 PM;49.2096531333333;16.5981470333333;;;;
463;;;;;;;;NMEA message parser not found for RMB.
464;;;;;;;;Failed to parse: GGA.. Meters expected in GGA message.
465;GSA;;;;;;;
466;GSV;;;;;;;
467;GSV;;;;;;;
468;;;;;;;;NMEA message parser not found for GRM.
469;RMC;12/26/2016 9:42:10 PM;49.2096523166667;16.59813705;;;;
470;;;;;;;;NMEA message parser not found for RMB.
471;;;;;;;;Failed to parse: GGA.. Meters expected in GGA message.
472;GSA;;;;;;;
473;GSV;;;;;;;
474;GSV;;;;;;;
475;;;;;;;;NMEA message parser not found for GRM.
476;RMC;12/26/2016 9:42:11 PM;49.2096515;16.5981270833333;;;;
477;;;;;;;;NMEA message parser not found for RMB.
478;;;;;;;;Failed to parse: GGA.. Meters expected in GGA message.
479;GSA;;;;;;;
480;GSV;;;;;;;
481;GSV;;;;;;;
482;;;;;;;;NMEA message parser not found for GRM.
483;RMC;12/26/2016 9:42:12 PM;49.2096540666667;16.5981185666667;;;;
484;;;;;;;;NMEA message parser not found for RMB.
485;;;;;;;;Failed to parse: GGA.. Meters expected in GGA message.
486;GSA;;;;;;;
487;GSV;;;;;;;
488;GSV;;;;;;;
489;;;;;;;;NMEA message parser not found for GRM.
490;RMC;12/26/2016 9:42:13 PM;49.2096619;16.5981123333333;;;;
491;;;;;;;;NMEA message parser not found for RMB.
492;;;;;;;;Failed to parse: GGA.. Meters expected in GGA message.
493;GSA;;;;;;;
494;GSV;;;;;;;
495;GSV;;;;;;;
496;;;;;;;;NMEA message parser not found for GRM.
497;RMC;12/26/2016 9:42:14 PM;49.2096697333333;16.5981061;;;;
498;;;;;;;;NMEA message parser not found for RMB.
499;;;;;;;;Failed to parse: GGA.. Meters expected in GGA message.
500;GSA;;;;;;;
501;GSV;;;;;;;
502;GSV;;;;;;;
503;;;;;;;;NMEA message parser not found for GRM.
504;RMC;12/26/2016 9:42:15 PM;49.2096775666667;16.5980998666667;;;;
505;;;;;;;;NMEA message parser not found for RMB.
506;;;;;;;;Failed to parse: GGA.. Meters expected in GGA message.
507;GSA;;;;;;;
508;GSV;;;;;;;
509;GSV;;;;;;;
510;;;;;;;;NMEA message parser not found for GRM.
511;RMC;12/26/2016 9:42:16 PM;49.2096854;16.5980936333333;;;;
512;;;;;;;;NMEA message parser not found for RMB.
513;;;;;;;;Failed to parse: GGA.. Meters expected in GGA message.
514;GSA;;;;;;;
515;GSV;;;;;;;
516;GSV;;;;;;;
517;;;;;;;;NMEA message parser not found for GRM.
518;RMC;12/26/2016 9:42:17 PM;49.2096932333333;16.5980874;;;;
519;;;;;;;;NMEA message parser not found for RMB.
520;;;;;;;;Failed to parse: GGA.. Meters expected in GGA message.
521;GSA;;;;;;;
522;GSV;;;;;;;
523;GSV;;;;;;;
524;;;;;;;;NMEA message parser not found for GRM.
525;RMC;12/26/2016 9:42:18 PM;49.2097010666667;16.5980811833333;;;;
526;;;;;;;;NMEA message parser not found for RMB.
527;;;;;;;;Failed to parse: GGA.. Meters expected in GGA message.
528;GSA;;;;;;;
529;GSV;;;;;;;
530;GSV;;;;;;;
531;;;;;;;;NMEA message parser not found for GRM.
532;RMC;12/26/2016 9:42:19 PM;49.2097089;16.59807495;;;;
533;;;;;;;;NMEA message parser not found for RMB.
534;;;;;;;;Failed to parse: GGA.. Meters expected in GGA message.
535;GSA;;;;;;;
536;GSV;;;;;;;
537;GSV;;;;;;;
538;;;;;;;;NMEA message parser not found for GRM.
539;RMC;12/26/2016 9:42:20 PM;49.2097167333333;16.5980687166667;;;;
540;;;;;;;;NMEA message parser not found for RMB.
541;;;;;;;;Failed to parse: GGA.. Meters expected in GGA message.
542;GSA;;;;;;;
543;GSV;;;;;;;
544;GSV;;;;;;;
545;;;;;;;;NMEA message parser not found for GRM.
546;RMC;12/26/2016 9:42:21 PM;49.2097245666667;16.5980624833333;;;;
547;;;;;;;;NMEA message parser not found for RMB.
548;;;;;;;;Failed to parse: GGA.. Meters expected in GGA message.
549;GSA;;;;;;;
550;GSV;;;;;;;
551;GSV;;;;;;;
552;;;;;;;;NMEA message parser not found for GRM.
553;RMC;12/26/2016 9:42:22 PM;49.2097324;16.59805625;;;;
554;;;;;;;;NMEA message parser not found for RMB.
555;;;;;;;;Failed to parse: GGA.. Meters expected in GGA message.
556;GSA;;;;;;;
557;GSV;;;;;;;
558;GSV;;;;;;;
559;;;;;;;;NMEA message parser not found for GRM.
560;RMC;12/26/2016 9:42:23 PM;49.2097403833333;16.59805025;;;;
561;;;;;;;;NMEA message parser not found for RMB.
562;;;;;;;;Failed to parse: GGA.. Meters expected in GGA message.
563;GSA;;;;;;;
564;GSV;;;;;;;
565;GSV;;;;;;;
566;;;;;;;;NMEA message parser not found for GRM.
567;RMC;12/26/2016 9:42:24 PM;49.2097491833333;16.5980454666667;;;;
568;;;;;;;;NMEA message parser not found for RMB.
569;;;;;;;;Failed to parse: GGA.. Meters expected in GGA message.
570;GSA;;;;;;;
571;GSV;;;;;;;
572;GSV;;;;;;;
573;;;;;;;;NMEA message parser not found for GRM.
574;RMC;12/26/2016 9:42:25 PM;49.2097579666667;16.5980406833333;;;;
575;;;;;;;;NMEA message parser not found for RMB.
576;;;;;;;;Failed to parse: GGA.. Meters expected in GGA message.
577;GSA;;;;;;;
578;GSV;;;;;;;
579;GSV;;;;;;;
580;;;;;;;;NMEA message parser not found for GRM.
581;RMC;12/26/2016 9:42:26 PM;49.2097667666667;16.5980358833333;;;;
582;;;;;;;;NMEA message parser not found for RMB.
583;;;;;;;;Failed to parse: GGA.. Meters expected in GGA message.
584;GSA;;;;;;;
585;GSV;;;;;;;
586;GSV;;;;;;;
587;;;;;;;;NMEA message parser not found for GRM.
588;RMC;12/26/2016 9:42:27 PM;49.20977555;16.5980311;;;;
589;;;;;;;;NMEA message parser not found for RMB.
590;;;;;;;;Failed to parse: GGA.. Meters expected in GGA message.
591;GSA;;;;;;;
592;GSV;;;;;;;
593;GSV;;;;;;;
594;;;;;;;;NMEA message parser not found for GRM.
595;RMC;12/26/2016 9:42:28 PM;49.20978435;16.5980263166667;;;;
596;;;;;;;;NMEA message parser not found for RMB.
597;;;;;;;;Failed to parse: GGA.. Meters expected in GGA message.
598;GSA;;;;;;;
599;GSV;;;;;;;
600;GSV;;;;;;;
601;;;;;;;;NMEA message parser not found for GRM.
602;RMC;12/26/2016 9:42:29 PM;49.2097931333333;16.5980215333333;;;;
603;;;;;;;;NMEA message parser not found for RMB.
604;;;;;;;;Failed to parse: GGA.. Meters expected in GGA message.
605;GSA;;;;;;;
606;GSV;;;;;;;
607;GSV;;;;;;;
608;;;;;;;;NMEA message parser not found for GRM.
609;RMC;12/26/2016 9:42:30 PM;49.2098019333333;16.59801675;;;;
610;;;;;;;;NMEA message parser not found for RMB.
611;;;;;;;;Failed to parse: GGA.. Meters expected in GGA message.
612;GSA;;;;;;;
613;GSV;;;;;;;
614;GSV;;;;;;;
615;;;;;;;;NMEA message parser not found for GRM.
616;RMC;12/26/2016 9:42:31 PM;49.2098107166667;16.5980119666667;;;;
617;;;;;;;;NMEA message parser not found for RMB.
618;;;;;;;;Failed to parse: GGA.. Meters expected in GGA message.
619;GSA;;;;;;;
620;GSV;;;;;;;
621;GSV;;;;;;;
622;;;;;;;;NMEA message parser not found for GRM.
623;RMC;12/26/2016 9:42:32 PM;49.2098195166667;16.5980071833333;;;;
624;;;;;;;;NMEA message parser not found for RMB.
625;;;;;;;;Failed to parse: GGA.. Meters expected in GGA message.
626;GSA;;;;;;;
627;GSV;;;;;;;
628;GSV;;;;;;;
629;;;;;;;;NMEA message parser not found for GRM.
630;RMC;12/26/2016 9:42:33 PM;49.2098283166667;16.5980024;;;;
631;;;;;;;;NMEA message parser not found for RMB.
632;;;;;;;;Failed to parse: GGA.. Meters expected in GGA message.
633;GSA;;;;;;;
634;GSV;;;;;;;
635;GSV;;;;;;;
636;;;;;;;;NMEA message parser not found for GRM.
637;RMC;12/26/2016 9:42:34 PM;49.2098371;16.5979976166667;;;;
638;;;;;;;;NMEA message parser not found for RMB.
639;;;;;;;;Failed to parse: GGA.. Meters expected in GGA message.
640;GSA;;;;;;;
641;GSV;;;;;;;
642;GSV;;;;;;;
643;;;;;;;;NMEA message parser not found for GRM.
644;RMC;12/26/2016 9:42:35 PM;49.2098459;16.5979928333333;;;;
645;;;;;;;;NMEA message parser not found for RMB.
646;;;;;;;;Failed to parse: GGA.. Meters expected in GGA message.
647;GSA;;;;;;;
648;GSV;;;;;;;
649;GSV;;;;;;;
650;;;;;;;;NMEA message parser not found for GRM.
651;RMC;12/26/2016 9:42:36 PM;49.2098546833333;16.59798805;;;;
652;;;;;;;;NMEA message parser not found for RMB.
653;;;;;;;;Failed to parse: GGA.. Meters expected in GGA message.
654;GSA;;;;;;;
655;GSV;;;;;;;
656;GSV;;;;;;;
657;;;;;;;;NMEA message parser not found for GRM.
658;RMC;12/26/2016 9:42:37 PM;49.2098634833333;16.59798325;;;;
659;;;;;;;;NMEA message parser not found for RMB.
660;;;;;;;;Failed to parse: GGA.. Meters expected in GGA message.
661;GSA;;;;;;;
662;GSV;;;;;;;
663;GSV;;;;;;;
664;;;;;;;;NMEA message parser not found for GRM.
665;RMC;12/26/2016 9:42:38 PM;49.2098722666667;16.5979784666667;;;;
666;;;;;;;;NMEA message parser not found for RMB.
667;;;;;;;;Failed to parse: GGA.. Meters expected in GGA message.
668;GSA;;;;;;;
669;GSV;;;;;;;
670;GSV;;;;;;;
671;;;;;;;;NMEA message parser not found for GRM.
672;RMC;12/26/2016 9:42:39 PM;49.2098810666667;16.5979736833333;;;;
673;;;;;;;;NMEA message parser not found for RMB.
674;;;;;;;;Failed to parse: GGA.. Meters expected in GGA message.
675;GSA;;;;;;;
676;GSV;;;;;;;
677;GSV;;;;;;;
678;;;;;;;;NMEA message parser not found for GRM.
679;RMC;12/26/2016 9:42:40 PM;49.2098896166667;16.5979685;;;;
680;;;;;;;;NMEA message parser not found for RMB.
681;;;;;;;;Failed to parse: GGA.. Meters expected in GGA message.
682;GSA;;;;;;;
683;GSV;;;;;;;
684;GSV;;;;;;;
685;;;;;;;;NMEA message parser not found for GRM.
686;RMC;12/26/2016 9:42:41 PM;49.20989785;16.5979628166667;;;;
687;;;;;;;;NMEA message parser not found for RMB.
688;;;;;;;;Failed to parse: GGA.. Meters expected in GGA message.
689;GSA;;;;;;;
690;GSV;;;;;;;
691;GSV;;;;;;;
692;;;;;;;;NMEA message parser not found for GRM.
693;RMC;12/26/2016 9:42:42 PM;49.2099060833333;16.5979571333333;;;;
694;;;;;;;;NMEA message parser not found for RMB.
695;;;;;;;;Failed to parse: GGA.. Meters expected in GGA message.
696;GSA;;;;;;;
697;GSV;;;;;;;
698;GSV;;;;;;;
699;;;;;;;;NMEA message parser not found for GRM.
700;RMC;12/26/2016 9:42:43 PM;49.2099143166667;16.59795145;;;;
701;;;;;;;;NMEA message parser not found for RMB.
702;;;;;;;;Failed to parse: GGA.. Meters expected in GGA message.
703;GSA;;;;;;;
704;GSV;;;;;;;
705;GSV;;;;;;;
706;;;;;;;;NMEA message parser not found for GRM.
707;RMC;12/26/2016 9:42:44 PM;49.2099225666667;16.59794575;;;;
708;;;;;;;;NMEA message parser not found for RMB.
709;;;;;;;;Failed to parse: GGA.. Meters expected in GGA message.
710;GSA;;;;;;;
711;GSV;;;;;;;
712;GSV;;;;;;;
713;;;;;;;;NMEA message parser not found for GRM.
714;RMC;12/26/2016 9:42:45 PM;49.2099308;16.5979400666667;;;;
715;;;;;;;;NMEA message parser not found for RMB.
716;;;;;;;;Failed to parse: GGA.. Meters expected in GGA message.
717;GSA;;;;;;;
718;GSV;;;;;;;
719;GSV;;;;;;;
720;;;;;;;;NMEA message parser not found for GRM.
721;RMC;12/26/2016 9:42:46 PM;49.2099390333333;16.5979343833333;;;;
722;;;;;;;;NMEA message parser not found for RMB.
723;;;;;;;;Failed to parse: GGA.. Meters expected in GGA message.
724;GSA;;;;;;;
725;GSV;;;;;;;
726;GSV;;;;;;;
727;;;;;;;;NMEA message parser not found for GRM.
728;RMC;12/26/2016 9:42:47 PM;49.2099472666667;16.5979287;;;;
729;;;;;;;;NMEA message parser not found for RMB.
730;;;;;;;;Failed to parse: GGA.. Meters expected in GGA message.
731;GSA;;;;;;;
732;GSV;;;;;;;
733;GSV;;;;;;;
734;;;;;;;;NMEA message parser not found for GRM.
735;RMC;12/26/2016 9:42:48 PM;49.2099555166667;16.597923;;;;
736;;;;;;;;NMEA message parser not found for RMB.
737;;;;;;;;Failed to parse: GGA.. Meters expected in GGA message.
738;GSA;;;;;;;
739;GSV;;;;;;;
740;GSV;;;;;;;
741;;;;;;;;NMEA message parser not found for GRM.
742;RMC;12/26/2016 9:42:49 PM;49.20996375;16.5979173166667;;;;
743;;;;;;;;NMEA message parser not found for RMB.
744;;;;;;;;Failed to parse: GGA.. Meters expected in GGA message.
745;GSA;;;;;;;
746;GSV;;;;;;;
747;GSV;;;;;;;
748;;;;;;;;NMEA message parser not found for GRM.
749;RMC;12/26/2016 9:42:50 PM;49.2099719833333;16.5979116333333;;;;
750;;;;;;;;NMEA message parser not found for RMB.
751;;;;;;;;Failed to parse: GGA.. Meters expected in GGA message.
752;GSA;;;;;;;
753;GSV;;;;;;;
754;GSV;;;;;;;
755;;;;;;;;NMEA message parser not found for GRM.
756;RMC;12/26/2016 9:42:51 PM;49.2099802166667;16.59790595;;;;
757;;;;;;;;NMEA message parser not found for RMB.
758;;;;;;;;Failed to parse: GGA.. Meters expected in GGA message.
759;GSA;;;;;;;
760;GSV;;;;;;;
761;GSV;;;;;;;
762;;;;;;;;NMEA message parser not found for GRM.
763;RMC;12/26/2016 9:42:52 PM;49.20998845;16.59790025;;;;
764;;;;;;;;NMEA message parser not found for RMB.
765;;;;;;;;Failed to parse: GGA.. Meters expected in GGA message.
766;GSA;;;;;;;
767;GSV;;;;;;;
768;GSV;;;;;;;
769;;;;;;;;NMEA message parser not found for GRM.
770;RMC;12/26/2016 9:42:53 PM;49.2099967;16.5978945666667;;;;
771;;;;;;;;NMEA message parser not found for RMB.
772;;;;;;;;Failed to parse: GGA.. Meters expected in GGA message.
773;GSA;;;;;;;
774;GSV;;;;;;;
775;GSV;;;;;;;
776;;;;;;;;NMEA message parser not found for GRM.
777;RMC;12/26/2016 9:42:54 PM;49.2100049333333;16.5978888833333;;;;
778;;;;;;;;NMEA message parser not found for RMB.
779;;;;;;;;Failed to parse: GGA.. Meters expected in GGA message.
780;GSA;;;;;;;
781;GSV;;;;;;;
782;GSV;;;;;;;
783;;;;;;;;NMEA message parser not found for GRM.
784;RMC;12/26/2016 9:42:55 PM;49.2100131666667;16.5978832;;;;
785;;;;;;;;NMEA message parser not found for RMB.
786;;;;;;;;Failed to parse: GGA.. Meters expected in GGA message.
787;GSA;;;;;;;
788;GSV;;;;;;;
789;GSV;;;;;;;
790;;;;;;;;NMEA message parser not found for GRM.
791;RMC;12/26/2016 9:42:56 PM;49.2100214;16.5978775;;;;
792;;;;;;;;NMEA message parser not found for RMB.
793;;;;;;;;Failed to parse: GGA.. Meters expected in GGA message.
794;GSA;;;;;;;
795;GSV;;;;;;;
796;GSV;;;;;;;
797;;;;;;;;NMEA message parser not found for GRM.
798;RMC;12/26/2016 9:42:57 PM;49.21002965;16.5978718166667;;;;
799;;;;;;;;NMEA message parser not found for RMB.
800;;;;;;;;Failed to parse: GGA.. Meters expected in GGA message.
801;GSA;;;;;;;
802;GSV;;;;;;;
803;GSV;;;;;;;
804;;;;;;;;NMEA message parser not found for GRM.
805;RMC;12/26/2016 9:42:58 PM;49.2100378833333;16.5978661333333;;;;
806;;;;;;;;NMEA message parser not found for RMB.
807;;;;;;;;Failed to parse: GGA.. Meters expected in GGA message.
808;GSA;;;;;;;
809;GSV;;;;;;;
810;GSV;;;;;;;
811;;;;;;;;NMEA message parser not found for GRM.
812;RMC;12/26/2016 9:42:59 PM;49.2100461166667;16.59786045;;;;
813;;;;;;;;NMEA message parser not found for RMB.
814;;;;;;;;Failed to parse: GGA.. Meters expected in GGA message.
815;GSA;;;;;;;
816;GSV;;;;;;;
817;GSV;;;;;;;
818;;;;;;;;NMEA message parser not found for GRM.
819;RMC;12/26/2016 9:43:00 PM;49.21005435;16.59785475;;;;
820;;;;;;;;NMEA message parser not found for RMB.
821;;;;;;;;Failed to parse: GGA.. Meters expected in GGA message.
822;GSA;;;;;;;
823;GSV;;;;;;;
824;GSV;;;;;;;
825;;;;;;;;NMEA message parser not found for GRM.
826;RMC;12/26/2016 9:43:01 PM;49.2100626;16.5978490666667;;;;
827;;;;;;;;NMEA message parser not found for RMB.
828;;;;;;;;Failed to parse: GGA.. Meters expected in GGA message.
829;GSA;;;;;;;
830;GSV;;;;;;;
831;GSV;;;;;;;
832;;;;;;;;NMEA message parser not found for GRM.
833;RMC;12/26/2016 9:43:02 PM;49.2100708333333;16.5978433833333;;;;
834;;;;;;;;NMEA message parser not found for RMB.
835;;;;;;;;Failed to parse: GGA.. Meters expected in GGA message.
836;GSA;;;;;;;
837;GSV;;;;;;;
838;GSV;;;;;;;
839;;;;;;;;NMEA message parser not found for GRM.
840;RMC;12/26/2016 9:43:03 PM;49.2100790666667;16.5978376833333;;;;
841;;;;;;;;NMEA message parser not found for RMB.
842;;;;;;;;Failed to parse: GGA.. Meters expected in GGA message.
843;GSA;;;;;;;
844;GSV;;;;;;;
845;GSV;;;;;;;
846;;;;;;;;NMEA message parser not found for GRM.
847;RMC;12/26/2016 9:43:04 PM;49.2100873;16.597832;;;;
848;;;;;;;;NMEA message parser not found for RMB.
849;;;;;;;;Failed to parse: GGA.. Meters expected in GGA message.
850;GSA;;;;;;;
851;GSV;;;;;;;
852;GSV;;;;;;;
853;;;;;;;;NMEA message parser not found for GRM.
854;RMC;12/26/2016 9:43:05 PM;49.21009555;16.5978263166667;;;;
855;;;;;;;;NMEA message parser not found for RMB.
856;;;;;;;;Failed to parse: GGA.. Meters expected in GGA message.
857;GSA;;;;;;;
858;GSV;;;;;;;
859;GSV;;;;;;;
860;;;;;;;;NMEA message parser not found for GRM.
861;RMC;12/26/2016 9:43:06 PM;49.2101024666667;16.5978191;;;;
862;;;;;;;;NMEA message parser not found for RMB.
863;;;;;;;;Failed to parse: GGA.. Meters expected in GGA message.
864;GSA;;;;;;;
865;GSV;;;;;;;
866;GSV;;;;;;;
867;;;;;;;;NMEA message parser not found for GRM.
868;RMC;12/26/2016 9:43:07 PM;49.2101093166667;16.5978118;;;;
869;;;;;;;;NMEA message parser not found for RMB.
870;;;;;;;;Failed to parse: GGA.. Meters expected in GGA message.
871;GSA;;;;;;;
872;GSV;;;;;;;
873;GSV;;;;;;;
874;;;;;;;;NMEA message parser not found for GRM.
875;RMC;12/26/2016 9:43:08 PM;49.21011615;16.5978045;;;;
876;;;;;;;;NMEA message parser not found for RMB.
877;;;;;;;;Failed to parse: GGA.. Meters expected in GGA message.
878;GSA;;;;;;;
879;GSV;;;;;;;
880;GSV;;;;;;;
881;;;;;;;;NMEA message parser not found for GRM.
882;RMC;12/26/2016 9:43:09 PM;49.210123;16.5977972;;;;
883;;;;;;;;NMEA message parser not found for RMB.
884;;;;;;;;Failed to parse: GGA.. Meters expected in GGA message.
885;GSA;;;;;;;
886;GSV;;;;;;;
887;GSV;;;;;;;
888;;;;;;;;NMEA message parser not found for GRM.
889;RMC;12/26/2016 9:43:10 PM;49.21012985;16.5977899;;;;
890;;;;;;;;NMEA message parser not found for RMB.
891;;;;;;;;Failed to parse: GGA.. Meters expected in GGA message.
892;GSA;;;;;;;
893;GSV;;;;;;;
894;GSV;;;;;;;
895;;;;;;;;NMEA message parser not found for GRM.
896;RMC;12/26/2016 9:43:11 PM;49.2101367;16.5977825833333;;;;
897;;;;;;;;NMEA message parser not found for RMB.
898;;;;;;;;Failed to parse: GGA.. Meters expected in GGA message.
899;GSA;;;;;;;
900;GSV;;;;;;;
901;GSV;;;;;;;
902;;;;;;;;NMEA message parser not found for GRM.
903;RMC;12/26/2016 9:43:12 PM;49.21014355;16.5977752833333;;;;
904;;;;;;;;NMEA message parser not found for RMB.
905;;;;;;;;Failed to parse: GGA.. Meters expected in GGA message.
906;GSA;;;;;;;
907;GSV;;;;;;;
908;GSV;;;;;;;
909;;;;;;;;NMEA message parser not found for GRM.
910;RMC;12/26/2016 9:43:13 PM;49.2101503833333;16.5977679833333;;;;
911;;;;;;;;NMEA message parser not found for RMB.
912;;;;;;;;Failed to parse: GGA.. Meters expected in GGA message.
913;GSA;;;;;;;
914;GSV;;;;;;;
915;GSV;;;;;;;
916;;;;;;;;NMEA message parser not found for GRM.
917;RMC;12/26/2016 9:43:14 PM;49.2101574666667;16.59776095;;;;
918;;;;;;;;NMEA message parser not found for RMB.
919;;;;;;;;Failed to parse: GGA.. Meters expected in GGA message.
920;GSA;;;;;;;
921;GSV;;;;;;;
922;GSV;;;;;;;
923;;;;;;;;NMEA message parser not found for GRM.
924;RMC;12/26/2016 9:43:15 PM;49.21016565;16.5977551666667;;;;
925;;;;;;;;NMEA message parser not found for RMB.
926;;;;;;;;Failed to parse: GGA.. Meters expected in GGA message.
927;GSA;;;;;;;
928;GSV;;;;;;;
929;GSV;;;;;;;
930;;;;;;;;NMEA message parser not found for GRM.
931;RMC;12/26/2016 9:43:16 PM;49.2101738166667;16.5977493833333;;;;
932;;;;;;;;NMEA message parser not found for RMB.
933;;;;;;;;Failed to parse: GGA.. Meters expected in GGA message.
934;GSA;;;;;;;
935;GSV;;;;;;;
936;GSV;;;;;;;
937;;;;;;;;NMEA message parser not found for GRM.
938;RMC;12/26/2016 9:43:17 PM;49.2101819833333;16.5977436;;;;
939;;;;;;;;NMEA message parser not found for RMB.
940;;;;;;;;Failed to parse: GGA.. Meters expected in GGA message.
941;GSA;;;;;;;
942;GSV;;;;;;;
943;GSV;;;;;;;
944;;;;;;;;NMEA message parser not found for GRM.
945;RMC;12/26/2016 9:43:18 PM;49.21019015;16.5977378166667;;;;
946;;;;;;;;NMEA message parser not found for RMB.
947;;;;;;;;Failed to parse: GGA.. Meters expected in GGA message.
948;GSA;;;;;;;
949;GSV;;;;;;;
950;GSV;;;;;;;
951;;;;;;;;NMEA message parser not found for GRM.
952;RMC;12/26/2016 9:43:19 PM;49.2101983166667;16.5977320333333;;;;
953;;;;;;;;NMEA message parser not found for RMB.
954;;;;;;;;Failed to parse: GGA.. Meters expected in GGA message.
955;GSA;;;;;;;
956;GSV;;;;;;;
957;GSV;;;;;;;
958;;;;;;;;NMEA message parser not found for GRM.
959;RMC;12/26/2016 9:43:20 PM;49.2102065;16.59772625;;;;
960;;;;;;;;NMEA message parser not found for RMB.
961;;;;;;;;Failed to parse: GGA.. Meters expected in GGA message.
962;GSA;;;;;;;
963;GSV;;;;;;;
964;GSV;;;;;;;
965;;;;;;;;NMEA message parser not found for GRM.
966;RMC;12/26/2016 9:43:21 PM;49.2102146666667;16.5977204666667;;;;
967;;;;;;;;NMEA message parser not found for RMB.
968;;;;;;;;Failed to parse: GGA.. Meters expected in GGA message.
969;GSA;;;;;;;
970;GSV;;;;;;;
971;GSV;;;;;;;
972;;;;;;;;NMEA message parser not found for GRM.
973;RMC;12/26/2016 9:43:22 PM;49.2102228333333;16.5977146833333;;;;
974;;;;;;;;NMEA message parser not found for RMB.
975;;;;;;;;Failed to parse: GGA.. Meters expected in GGA message.
976;GSA;;;;;;;
977;GSV;;;;;;;
978;GSV;;;;;;;
979;;;;;;;;NMEA message parser not found for GRM.
980;RMC;12/26/2016 9:43:23 PM;49.210231;16.5977089;;;;
981;;;;;;;;NMEA message parser not found for RMB.
982;;;;;;;;Failed to parse: GGA.. Meters expected in GGA message.
983;GSA;;;;;;;
984;GSV;;;;;;;
985;GSV;;;;;;;
986;;;;;;;;NMEA message parser not found for GRM.
987;RMC;12/26/2016 9:43:24 PM;49.2102391666667;16.5977031166667;;;;
988;;;;;;;;NMEA message parser not found for RMB.
989;;;;;;;;Failed to parse: GGA.. Meters expected in GGA message.
990;GSA;;;;;;;
991;GSV;;;;;;;
992;GSV;;;;;;;
993;;;;;;;;NMEA message parser not found for GRM.
994;RMC;12/26/2016 9:43:25 PM;49.2102473333333;16.5976973333333;;;;
995;;;;;;;;NMEA message parser not found for RMB.
996;;;;;;;;Failed to parse: GGA.. Meters expected in GGA message.
997;GSA;;;;;;;
998;GSV;;;;;;;
999;GSV;;;;;;;
1000;;;;;;;;NMEA message parser not found for GRM.
1001;RMC;12/26/2016 9:43:26 PM;49.2102555166667;16.59769155;;;;
1002;;;;;;;;NMEA message parser not found for RMB.
1003;;;;;;;;Failed to parse: GGA.. Meters expected in GGA message.
1004;GSA;;;;;;;
1005;GSV;;;;;;;
1006;GSV;;;;;;;
1007;;;;;;;;NMEA message parser not found for GRM.
1008;RMC;12/26/2016 9:43:27 PM;49.2102636833333;16.5976857666667;;;;
1009;;;;;;;;NMEA message parser not found for RMB.
1010;;;;;;;;Failed to parse: GGA.. Meters expected in GGA message.
1011;GSA;;;;;;;
1012;GSV;;;;;;;
1013;GSV;;;;;;;
1014;;;;;;;;NMEA message parser not found for GRM.
1015;RMC;12/26/2016 9:43:28 PM;49.21027185;16.5976799833333;;;;
1016;;;;;;;;NMEA message parser not found for RMB.
1017;;;;;;;;Failed to parse: GGA.. Meters expected in GGA message.
1018;GSA;;;;;;;
1019;GSV;;;;;;;
1020;GSV;;;;;;;
1021;;;;;;;;NMEA message parser not found for GRM.
1022;RMC;12/26/2016 9:43:29 PM;49.2102800166667;16.5976741833333;;;;
1023;;;;;;;;NMEA message parser not found for RMB.
1024;;;;;;;;Failed to parse: GGA.. Meters expected in GGA message.
1025;GSA;;;;;;;
1026;GSV;;;;;;;
1027;GSV;;;;;;;
1028;;;;;;;;NMEA message parser not found for GRM.
1029;RMC;12/26/2016 9:43:30 PM;49.2102881833333;16.5976684;;;;
1030;;;;;;;;NMEA message parser not found for RMB.
1031;;;;;;;;Failed to parse: GGA.. Meters expected in GGA message.
1032;GSA;;;;;;;
1033;GSV;;;;;;;
1034;GSV;;;;;;;
1035;;;;;;;;NMEA message parser not found for GRM.
1036;RMC;12/26/2016 9:43:31 PM;49.2102943833333;16.5976611166667;;;;
1037;;;;;;;;NMEA message parser not found for RMB.
1038;;;;;;;;Failed to parse: GGA.. Meters expected in GGA message.
1039;GSA;;;;;;;
1040;GSV;;;;;;;
1041;GSV;;;;;;;
1042;;;;;;;;NMEA message parser not found for GRM.
1043;RMC;12/26/2016 9:43:32 PM;49.2102977333333;16.5976517;;;;
1044;;;;;;;;NMEA message parser not found for RMB.
1045;;;;;;;;Failed to parse: GGA.. Meters expected in GGA message.
1046;GSA;;;;;;;
1047;GSV;;;;;;;
1048;GSV;;;;;;;
1049;;;;;;;;NMEA message parser not found for GRM.
1050;RMC;12/26/2016 9:43:33 PM;49.2103011;16.5976422666667;;;;
1051;;;;;;;;NMEA message parser not found for RMB.
1052;;;;;;;;Failed to parse: GGA.. Meters expected in GGA message.
1053;GSA;;;;;;;
1054;GSV;;;;;;;
1055;GSV;;;;;;;
1056;;;;;;;;NMEA message parser not found for GRM.
1057;RMC;12/26/2016 9:43:34 PM;49.21030445;16.5976328333333;;;;
1058;;;;;;;;NMEA message parser not found for RMB.
1059;;;;;;;;Failed to parse: GGA.. Meters expected in GGA message.
1060;GSA;;;;;;;
1061;GSV;;;;;;;
1062;GSV;;;;;;;
1063;;;;;;;;NMEA message parser not found for GRM.
1064;RMC;12/26/2016 9:43:35 PM;49.2103078;16.5976234;;;;
1065;;;;;;;;NMEA message parser not found for RMB.
1066;;;;;;;;Failed to parse: GGA.. Meters expected in GGA message.
1067;GSA;;;;;;;
1068;GSV;;;;;;;
1069;GSV;;;;;;;
1070;;;;;;;;NMEA message parser not found for GRM.
1071;RMC;12/26/2016 9:43:36 PM;49.2103111666667;16.5976139666667;;;;
1072;;;;;;;;NMEA message parser not found for RMB.
1073;;;;;;;;Failed to parse: GGA.. Meters expected in GGA message.
1074;GSA;;;;;;;
1075;GSV;;;;;;;
1076;GSV;;;;;;;
1077;;;;;;;;NMEA message parser not found for GRM.
1078;RMC;12/26/2016 9:43:37 PM;49.2103153333333;16.5976052;;;;
1079;;;;;;;;NMEA message parser not found for RMB.
1080;;;;;;;;Failed to parse: GGA.. Meters expected in GGA message.
1081;GSA;;;;;;;
1082;GSV;;;;;;;
1083;GSV;;;;;;;
1084;;;;;;;;NMEA message parser not found for GRM.
1085;RMC;12/26/2016 9:43:38 PM;49.2103239;16.5976000333333;;;;
1086;;;;;;;;NMEA message parser not found for RMB.
1087;;;;;;;;Failed to parse: GGA.. Meters expected in GGA message.
1088;GSA;;;;;;;
1089;GSV;;;;;;;
1090;GSV;;;;;;;
1091;;;;;;;;NMEA message parser not found for GRM.
1092;RMC;12/26/2016 9:43:39 PM;49.2103324666667;16.5975948666667;;;;
1093;;;;;;;;NMEA message parser not found for RMB.
1094;;;;;;;;Failed to parse: GGA.. Meters expected in GGA message.
1095;GSA;;;;;;;
1096;GSV;;;;;;;
1097;GSV;;;;;;;
1098;;;;;;;;NMEA message parser not found for GRM.
1099;RMC;12/26/2016 9:43:40 PM;49.21034105;16.5975897;;;;
1100;;;;;;;;NMEA message parser not found for RMB.
1101;;;;;;;;Failed to parse: GGA.. Meters expected in GGA message.
1102;GSA;;;;;;;
1103;GSV;;;;;;;
1104;GSV;;;;;;;
1105;;;;;;;;NMEA message parser not found for GRM.
1106;RMC;12/26/2016 9:43:41 PM;49.2103496166667;16.5975845333333;;;;
1107;;;;;;;;NMEA message parser not found for RMB.
1108;;;;;;;;Failed to parse: GGA.. Meters expected in GGA message.
1109;GSA;;;;;;;
1110;GSV;;;;;;;
1111;GSV;;;;;;;
1112;;;;;;;;NMEA message parser not found for GRM.
1113;RMC;12/26/2016 9:43:42 PM;49.2103582;16.5975793666667;;;;
1114;;;;;;;;NMEA message parser not found for RMB.
1115;;;;;;;;Failed to parse: GGA.. Meters expected in GGA message.
1116;GSA;;;;;;;
1117;GSV;;;;;;;
1118;GSV;;;;;;;
1119;;;;;;;;NMEA message parser not found for GRM.
1120;RMC;12/26/2016 9:43:43 PM;49.2103667666667;16.5975742;;;;
1121;;;;;;;;NMEA message parser not found for RMB.
1122;;;;;;;;Failed to parse: GGA.. Meters expected in GGA message.
1123;GSA;;;;;;;
1124;GSV;;;;;;;
1125;GSV;;;;;;;
1126;;;;;;;;NMEA message parser not found for GRM.
1127;RMC;12/26/2016 9:43:44 PM;49.2103753333333;16.5975690333333;;;;
1128;;;;;;;;NMEA message parser not found for RMB.
1129;;;;;;;;Failed to parse: GGA.. Meters expected in GGA message.
1130;GSA;;;;;;;
1131;GSV;;;;;;;
1132;GSV;;;;;;;
1133;;;;;;;;NMEA message parser not found for GRM.
1134;RMC;12/26/2016 9:43:45 PM;49.2103839166667;16.5975638666667;;;;
1135;;;;;;;;NMEA message parser not found for RMB.
1136;;;;;;;;Failed to parse: GGA.. Meters expected in GGA message.
1137;GSA;;;;;;;
1138;GSV;;;;;;;
1139;GSV;;;;;;;
1140;;;;;;;;NMEA message parser not found for GRM.
1141;RMC;12/26/2016 9:43:46 PM;49.2103924833333;16.5975587;;;;
1142;;;;;;;;NMEA message parser not found for RMB.
1143;;;;;;;;Failed to parse: GGA.. Meters expected in GGA message.
1144;GSA;;;;;;;
1145;GSV;;;;;;;
1146;GSV;;;;;;;
1147;;;;;;;;NMEA message parser not found for GRM.
1148;RMC;12/26/2016 9:43:47 PM;49.2104010666667;16.5975535333333;;;;
1149;;;;;;;;NMEA message parser not found for RMB.
1150;;;;;;;;Failed to parse: GGA.. Meters expected in GGA message.
1151;GSA;;;;;;;
1152;GSV;;;;;;;
1153;GSV;;;;;;;
1154;;;;;;;;NMEA message parser not found for GRM.
1155;RMC;12/26/2016 9:43:48 PM;49.2104096333333;16.5975483666667;;;;
1156;;;;;;;;NMEA message parser not found for RMB.
1157;;;;;;;;Failed to parse: GGA.. Meters expected in GGA message.
1158;GSA;;;;;;;
1159;GSV;;;;;;;
1160;GSV;;;;;;;
1161;;;;;;;;NMEA message parser not found for GRM.
1162;RMC;12/26/2016 9:43:49 PM;49.2104182;16.5975432;;;;
1163;;;;;;;;NMEA message parser not found for RMB.
1164;;;;;;;;Failed to parse: GGA.. Meters expected in GGA message.
1165;GSA;;;;;;;
1166;GSV;;;;;;;
1167;GSV;;;;;;;
1168;;;;;;;;NMEA message parser not found for GRM.
1169;RMC;12/26/2016 9:43:50 PM;49.2104267833333;16.5975380333333;;;;
1170;;;;;;;;NMEA message parser not found for RMB.
1171;;;;;;;;Failed to parse: GGA.. Meters expected in GGA message.
1172;GSA;;;;;;;
1173;GSV;;;;;;;
1174;GSV;;;;;;;
1175;;;;;;;;NMEA message parser not found for GRM.
1176;RMC;12/26/2016 9:43:51 PM;49.21043535;16.5975328666667;;;;
1177;;;;;;;;NMEA message parser not found for RMB.
1178;;;;;;;;Failed to parse: GGA.. Meters expected in GGA message.
1179;GSA;;;;;;;
1180;GSV;;;;;;;
1181;GSV;;;;;;;
1182;;;;;;;;NMEA message parser not found for GRM.
1183;RMC;12/26/2016 9:43:52 PM;49.2104439333333;16.5975277;;;;
1184;;;;;;;;NMEA message parser not found for RMB.
1185;;;;;;;;Failed to parse: GGA.. Meters expected in GGA message.
1186;GSA;;;;;;;
1187;GSV;;;;;;;
1188;GSV;;;;;;;
1189;;;;;;;;NMEA message parser not found for GRM.
1190;RMC;12/26/2016 9:43:53 PM;49.2104525;16.5975225333333;;;;
1191;;;;;;;;NMEA message parser not found for RMB.
1192;;;;;;;;Failed to parse: GGA.. Meters expected in GGA message.
1193;GSA;;;;;;;
1194;GSV;;;;;;;
1195;GSV;;;;;;;
1196;;;;;;;;NMEA message parser not found for GRM.
1197;RMC;12/26/2016 9:43:54 PM;49.2104610666667;16.5975173666667;;;;
1198;;;;;;;;NMEA message parser not found for RMB.
1199;;;;;;;;Failed to parse: GGA.. Meters expected in GGA message.
1200;GSA;;;;;;;
1201;GSV;;;;;;;
1202;GSV;;;;;;;
1203;;;;;;;;NMEA message parser not found for GRM.
1204;RMC;12/26/2016 9:43:55 PM;49.2104695;16.59751195;;;;
1205;;;;;;;;NMEA message parser not found for RMB.
1206;;;;;;;;Failed to parse: GGA.. Meters expected in GGA message.
1207;GSA;;;;;;;
1208;GSV;;;;;;;
1209;GSV;;;;;;;
1210;;;;;;;;NMEA message parser not found for GRM.
1211;RMC;12/26/2016 9:43:56 PM;49.2104777833333;16.5975063333333;;;;
1212;;;;;;;;NMEA message parser not found for RMB.
1213;;;;;;;;Failed to parse: GGA.. Meters expected in GGA message.
1214;GSA;;;;;;;
1215;GSV;;;;;;;
1216;GSV;;;;;;;
1217;;;;;;;;NMEA message parser not found for GRM.
1218;RMC;12/26/2016 9:43:57 PM;49.2104860666667;16.5975007166667;;;;
1219;;;;;;;;NMEA message parser not found for RMB.
1220;;;;;;;;Failed to parse: GGA.. Meters expected in GGA message.
1221;GSA;;;;;;;
1222;GSV;;;;;;;
1223;GSV;;;;;;;
1224;;;;;;;;NMEA message parser not found for GRM.
1225;RMC;12/26/2016 9:43:58 PM;49.21049435;16.5974951;;;;
1226;;;;;;;;NMEA message parser not found for RMB.
1227;;;;;;;;Failed to parse: GGA.. Meters expected in GGA message.
1228;GSA;;;;;;;
1229;GSV;;;;;;;
1230;GSV;;;;;;;
1231;;;;;;;;NMEA message parser not found for GRM.
1232;RMC;12/26/2016 9:43:59 PM;49.2105026333333;16.5974894833333;;;;
1233;;;;;;;;NMEA message parser not found for RMB.
1234;;;;;;;;Failed to parse: GGA.. Meters expected in GGA message.
1235;GSA;;;;;;;
1236;GSV;;;;;;;
1237;GSV;;;;;;;
1238;;;;;;;;NMEA message parser not found for GRM.
1239;RMC;12/26/2016 9:44:00 PM;49.2105109166667;16.5974838833333;;;;
1240;;;;;;;;NMEA message parser not found for RMB.
1241;;;;;;;;Failed to parse: GGA.. Meters expected in GGA message.
1242;GSA;;;;;;;
1243;GSV;;;;;;;
1244;GSV;;;;;;;
1245;;;;;;;;NMEA message parser not found for GRM.
1246;RMC;12/26/2016 9:44:01 PM;49.2105192166667;16.5974782666667;;;;
1247;;;;;;;;NMEA message parser not found for RMB.
1248;;;;;;;;Failed to parse: GGA.. Meters expected in GGA message.
1249;GSA;;;;;;;
1250;GSV;;;;;;;
1251;GSV;;;;;;;
1252;;;;;;;;NMEA message parser not found for GRM.
1253;RMC;12/26/2016 9:44:02 PM;49.2105275;16.59747265;;;;
1254;;;;;;;;NMEA message parser not found for RMB.
1255;;;;;;;;Failed to parse: GGA.. Meters expected in GGA message.
1256;GSA;;;;;;;
1257;GSV;;;;;;;
1258;GSV;;;;;;;
1259;;;;;;;;NMEA message parser not found for GRM.
1260;RMC;12/26/2016 9:44:03 PM;49.2105357833333;16.5974670333333;;;;
1261;;;;;;;;NMEA message parser not found for RMB.
1262;;;;;;;;Failed to parse: GGA.. Meters expected in GGA message.
1263;GSA;;;;;;;
1264;GSV;;;;;;;
1265;GSV;;;;;;;
1266;;;;;;;;NMEA message parser not found for GRM.
1267;RMC;12/26/2016 9:44:04 PM;49.2105440666667;16.5974614166667;;;;
1268;;;;;;;;NMEA message parser not found for RMB.
1269;;;;;;;;Failed to parse: GGA.. Meters expected in GGA message.
1270;GSA;;;;;;;
1271;GSV;;;;;;;
1272;GSV;;;;;;;
1273;;;;;;;;NMEA message parser not found for GRM.
1274;RMC;12/26/2016 9:44:05 PM;49.21055235;16.5974558;;;;
1275;;;;;;;;NMEA message parser not found for RMB.
1276;;;;;;;;Failed to parse: GGA.. Meters expected in GGA message.
1277;GSA;;;;;;;
1278;GSV;;;;;;;
1279;GSV;;;;;;;
1280;;;;;;;;NMEA message parser not found for GRM.
1281;RMC;12/26/2016 9:44:06 PM;49.2105606333333;16.5974501833333;;;;
1282;;;;;;;;NMEA message parser not found for RMB.
1283;;;;;;;;Failed to parse: GGA.. Meters expected in GGA message.
1284;GSA;;;;;;;
1285;GSV;;;;;;;
1286;GSV;;;;;;;
1287;;;;;;;;NMEA message parser not found for GRM.
1288;RMC;12/26/2016 9:44:07 PM;49.2105689333333;16.5974445666667;;;;
1289;;;;;;;;NMEA message parser not found for RMB.
1290;;;;;;;;Failed to parse: GGA.. Meters expected in GGA message.
1291;GSA;;;;;;;
1292;GSV;;;;;;;
1293;GSV;;;;;;;
1294;;;;;;;;NMEA message parser not found for GRM.
1295;RMC;12/26/2016 9:44:08 PM;49.2105772166667;16.59743895;;;;
1296;;;;;;;;NMEA message parser not found for RMB.
1297;;;;;;;;Failed to parse: GGA.. Meters expected in GGA message.
1298;GSA;;;;;;;
1299;GSV;;;;;;;
1300;GSV;;;;;;;
1301;;;;;;;;NMEA message parser not found for GRM.
1302;RMC;12/26/2016 9:44:09 PM;49.2105855;16.5974333333333;;;;
1303;;;;;;;;NMEA message parser not found for RMB.
1304;;;;;;;;Failed to parse: GGA.. Meters expected in GGA message.
1305;GSA;;;;;;;
1306;GSV;;;;;;;
1307;GSV;;;;;;;
1308;;;;;;;;NMEA message parser not found for GRM.
1309;RMC;12/26/2016 9:44:10 PM;49.2105937833333;16.5974277166667;;;;
1310;;;;;;;;NMEA message parser not found for RMB.
1311;;;;;;;;Failed to parse: GGA.. Meters expected in GGA message.
1312;GSA;;;;;;;
1313;GSV;;;;;;;
1314;GSV;;;;;;;
1315;;;;;;;;NMEA message parser not found for GRM.
1316;RMC;12/26/2016 9:44:11 PM;49.2106020666667;16.5974221;;;;
1317;;;;;;;;NMEA message parser not found for RMB.
1318;;;;;;;;Failed to parse: GGA.. Meters expected in GGA message.
1319;GSA;;;;;;;
1320;GSV;;;;;;;
1321;GSV;;;;;;;
1322;;;;;;;;NMEA message parser not found for GRM.
1323;RMC;12/26/2016 9:44:12 PM;49.2106103666667;16.5974164833333;;;;
1324;;;;;;;;NMEA message parser not found for RMB.
1325;;;;;;;;Failed to parse: GGA.. Meters expected in GGA message.
1326;GSA;;;;;;;
1327;GSV;;;;;;;
1328;GSV;;;;;;;
1329;;;;;;;;NMEA message parser not found for GRM.
1330;RMC;12/26/2016 9:44:13 PM;49.21061865;16.5974108666667;;;;
1331;;;;;;;;NMEA message parser not found for RMB.
1332;;;;;;;;Failed to parse: GGA.. Meters expected in GGA message.
1333;GSA;;;;;;;
1334;GSV;;;;;;;
1335;GSV;;;;;;;
1336;;;;;;;;NMEA message parser not found for GRM.
1337;RMC;12/26/2016 9:44:14 PM;49.2106269333333;16.59740525;;;;
1338;;;;;;;;NMEA message parser not found for RMB.
1339;;;;;;;;Failed to parse: GGA.. Meters expected in GGA message.
1340;GSA;;;;;;;
1341;GSV;;;;;;;
1342;GSV;;;;;;;
1343;;;;;;;;NMEA message parser not found for GRM.
1344;RMC;12/26/2016 9:44:15 PM;49.2106352166667;16.5973996333333;;;;
1345;;;;;;;;NMEA message parser not found for RMB.
1346;;;;;;;;Failed to parse: GGA.. Meters expected in GGA message.
1347;GSA;;;;;;;
1348;GSV;;;;;;;
1349;GSV;;;;;;;
1350;;;;;;;;NMEA message parser not found for GRM.
1351;RMC;12/26/2016 9:44:16 PM;49.2106435;16.5973940166667;;;;
1352;;;;;;;;NMEA message parser not found for RMB.
1353;;;;;;;;Failed to parse: GGA.. Meters expected in GGA message.
1354;GSA;;;;;;;
1355;GSV;;;;;;;
1356;GSV;;;;;;;
1357;;;;;;;;NMEA message parser not found for GRM.
1358;RMC;12/26/2016 9:44:17 PM;49.2106517833333;16.5973884;;;;
1359;;;;;;;;NMEA message parser not found for RMB.
1360;;;;;;;;Failed to parse: GGA.. Meters expected in GGA message.
1361;GSA;;;;;;;
1362;GSV;;;;;;;
1363;GSV;;;;;;;
1364;;;;;;;;NMEA message parser not found for GRM.
1365;RMC;12/26/2016 9:44:18 PM;49.2106600833333;16.5973827833333;;;;
1366;;;;;;;;NMEA message parser not found for RMB.
1367;;;;;;;;Failed to parse: GGA.. Meters expected in GGA message.
1368;GSA;;;;;;;
1369;GSV;;;;;;;
1370;GSV;;;;;;;
1371;;;;;;;;NMEA message parser not found for GRM.
1372;RMC;12/26/2016 9:44:19 PM;49.2106683666667;16.5973771666667;;;;
1373;;;;;;;;NMEA message parser not found for RMB.
1374;;;;;;;;Failed to parse: GGA.. Meters expected in GGA message.
1375;GSA;;;;;;;
1376;GSV;;;;;;;
1377;GSV;;;;;;;
1378;;;;;;;;NMEA message parser not found for GRM.
1379;RMC;12/26/2016 9:44:20 PM;49.21067665;16.59737155;;;;
1380;;;;;;;;NMEA message parser not found for RMB.
1381;;;;;;;;Failed to parse: GGA.. Meters expected in GGA message.
1382;GSA;;;;;;;
1383;GSV;;;;;;;
1384;GSV;;;;;;;
1385;;;;;;;;NMEA message parser not found for GRM.
1386;RMC;12/26/2016 9:44:21 PM;49.2106849333333;16.5973659333333;;;;
1387;;;;;;;;NMEA message parser not found for RMB.
1388;;;;;;;;Failed to parse: GGA.. Meters expected in GGA message.
1389;GSA;;;;;;;
1390;GSV;;;;;;;
1391;GSV;;;;;;;
1392;;;;;;;;NMEA message parser not found for GRM.
1393;RMC;12/26/2016 9:44:22 PM;49.2106932166667;16.5973603333333;;;;
1394;;;;;;;;NMEA message parser not found for RMB.
1395;;;;;;;;Failed to parse: GGA.. Meters expected in GGA message.
1396;GSA;;;;;;;
1397;GSV;;;;;;;
1398;GSV;;;;;;;
1399;;;;;;;;NMEA message parser not found for GRM.
1400;RMC;12/26/2016 9:44:23 PM;49.2107015;16.5973547166667;;;;
1401;;;;;;;;NMEA message parser not found for RMB.
1402;;;;;;;;Failed to parse: GGA.. Meters expected in GGA message.
1403;GSA;;;;;;;
1404;GSV;;;;;;;
1405;GSV;;;;;;;
1406;;;;;;;;NMEA message parser not found for GRM.
1407;RMC;12/26/2016 9:44:24 PM;49.2107098;16.5973491;;;;
1408;;;;;;;;NMEA message parser not found for RMB.
1409;;;;;;;;Failed to parse: GGA.. Meters expected in GGA message.
1410;GSA;;;;;;;
1411;GSV;;;;;;;
1412;GSV;;;;;;;
1413;;;;;;;;NMEA message parser not found for GRM.
1414;RMC;12/26/2016 9:44:25 PM;49.2107180833333;16.5973434833333;;;;
1415;;;;;;;;NMEA message parser not found for RMB.
1416;;;;;;;;Failed to parse: GGA.. Meters expected in GGA message.
1417;GSA;;;;;;;
1418;GSV;;;;;;;
1419;GSV;;;;;;;
1420;;;;;;;;NMEA message parser not found for GRM.
1421;RMC;12/26/2016 9:44:26 PM;49.2107263666667;16.5973378666667;;;;
1422;;;;;;;;NMEA message parser not found for RMB.
1423;;;;;;;;Failed to parse: GGA.. Meters expected in GGA message.
1424;GSA;;;;;;;
1425;GSV;;;;;;;
1426;GSV;;;;;;;
1427;;;;;;;;NMEA message parser not found for GRM.
1428;RMC;12/26/2016 9:44:27 PM;49.21073465;16.59733225;;;;
1429;;;;;;;;NMEA message parser not found for RMB.
1430;;;;;;;;Failed to parse: GGA.. Meters expected in GGA message.
1431;GSA;;;;;;;
1432;GSV;;;;;;;
1433;GSV;;;;;;;
1434;;;;;;;;NMEA message parser not found for GRM.
1435;RMC;12/26/2016 9:44:28 PM;49.2107429333333;16.5973266333333;;;;
1436;;;;;;;;NMEA message parser not found for RMB.
1437;;;;;;;;Failed to parse: GGA.. Meters expected in GGA message.
1438;GSA;;;;;;;
1439;GSV;;;;;;;
1440;GSV;;;;;;;
1441;;;;;;;;NMEA message parser not found for GRM.
1442;RMC;12/26/2016 9:44:29 PM;49.2107512166667;16.5973210166667;;;;
1443;;;;;;;;NMEA message parser not found for RMB.
1444;;;;;;;;Failed to parse: GGA.. Meters expected in GGA message.
1445;GSA;;;;;;;
1446;GSV;;;;;;;
1447;GSV;;;;;;;
1448;;;;;;;;NMEA message parser not found for GRM.
1449;RMC;12/26/2016 9:44:30 PM;49.2107595166667;16.5973154;;;;
1450;;;;;;;;NMEA message parser not found for RMB.
1451;;;;;;;;Failed to parse: GGA.. Meters expected in GGA message.
1452;GSA;;;;;;;
1453;GSV;;;;;;;
1454;GSV;;;;;;;
1455;;;;;;;;NMEA message parser not found for GRM.
1456;RMC;12/26/2016 9:44:31 PM;49.2107642833333;16.5973123166667;;;;
1457;;;;;;;;NMEA message parser not found for RMB.
1458;;;;;;;;Failed to parse: GGA.. Meters expected in GGA message.
1459;GSA;;;;;;;
1460;GSV;;;;;;;
1461;GSV;;;;;;;
1462;;;;;;;;NMEA message parser not found for GRM.
1463;RMC;12/26/2016 9:44:32 PM;49.2107563333333;16.5973184166667;;;;
1464;;;;;;;;NMEA message parser not found for RMB.
1465;;;;;;;;Failed to parse: GGA.. Meters expected in GGA message.
1466;GSA;;;;;;;
1467;GSV;;;;;;;
1468;GSV;;;;;;;
1469;;;;;;;;NMEA message parser not found for GRM.
1470;RMC;12/26/2016 9:44:33 PM;49.2107483833333;16.5973245;;;;
1471;;;;;;;;NMEA message parser not found for RMB.
1472;;;;;;;;Failed to parse: GGA.. Meters expected in GGA message.
1473;GSA;;;;;;;
1474;GSV;;;;;;;
1475;GSV;;;;;;;
1476;;;;;;;;NMEA message parser not found for GRM.
1477;RMC;12/26/2016 9:44:34 PM;49.2107404333333;16.5973305833333;;;;
1478;;;;;;;;NMEA message parser not found for RMB.
1479;;;;;;;;Failed to parse: GGA.. Meters expected in GGA message.
1480;GSA;;;;;;;
1481;GSV;;;;;;;
1482;GSV;;;;;;;
1483;;;;;;;;NMEA message parser not found for GRM.
1484;RMC;12/26/2016 9:44:35 PM;49.2107325;16.5973366666667;;;;
1485;;;;;;;;NMEA message parser not found for RMB.
1486;;;;;;;;Failed to parse: GGA.. Meters expected in GGA message.
1487;GSA;;;;;;;
1488;GSV;;;;;;;
1489;GSV;;;;;;;
1490;;;;;;;;NMEA message parser not found for GRM.
1491;RMC;12/26/2016 9:44:36 PM;49.21072455;16.5973427666667;;;;
1492;;;;;;;;NMEA message parser not found for RMB.
1493;;;;;;;;Failed to parse: GGA.. Meters expected in GGA message.
1494;GSA;;;;;;;
1495;GSV;;;;;;;
1496;GSV;;;;;;;
1497;;;;;;;;NMEA message parser not found for GRM.
1498;RMC;12/26/2016 9:44:37 PM;49.2107166;16.59734885;;;;
1499;;;;;;;;NMEA message parser not found for RMB.
1500;;;;;;;;Failed to parse: GGA.. Meters expected in GGA message.
1501;GSA;;;;;;;
1502;GSV;;;;;;;
1503;GSV;;;;;;;
1504;;;;;;;;NMEA message parser not found for GRM.
1505;RMC;12/26/2016 9:44:38 PM;49.21070865;16.5973549333333;;;;
1506;;;;;;;;NMEA message parser not found for RMB.
1507;;;;;;;;Failed to parse: GGA.. Meters expected in GGA message.
1508;GSA;;;;;;;
1509;GSV;;;;;;;
1510;GSV;;;;;;;
1511;;;;;;;;NMEA message parser not found for GRM.
1512;RMC;12/26/2016 9:44:39 PM;49.2107007166667;16.5973610333333;;;;
1513;;;;;;;;NMEA message parser not found for RMB.
1514;;;;;;;;Failed to parse: GGA.. Meters expected in GGA message.
1515;GSA;;;;;;;
1516;GSV;;;;;;;
1517;GSV;;;;;;;
1518;;;;;;;;NMEA message parser not found for GRM.
1519;RMC;12/26/2016 9:44:40 PM;49.2106927666667;16.5973671166667;;;;
1520;;;;;;;;NMEA message parser not found for RMB.
1521;;;;;;;;Failed to parse: GGA.. Meters expected in GGA message.
1522;GSA;;;;;;;
1523;GSV;;;;;;;
1524;GSV;;;;;;;
1525;;;;;;;;NMEA message parser not found for GRM.
1526;RMC;12/26/2016 9:44:41 PM;49.2106848166667;16.5973732;;;;
1527;;;;;;;;NMEA message parser not found for RMB.
1528;;;;;;;;Failed to parse: GGA.. Meters expected in GGA message.
1529;GSA;;;;;;;
1530;GSV;;;;;;;
1531;GSV;;;;;;;
1532;;;;;;;;NMEA message parser not found for GRM.
1533;RMC;12/26/2016 9:44:42 PM;49.2106768666667;16.5973792833333;;;;
1534;;;;;;;;NMEA message parser not found for RMB.
1535;;;;;;;;Failed to parse: GGA.. Meters expected in GGA message.
1536;GSA;;;;;;;
1537;GSV;;;;;;;
1538;GSV;;;;;;;
1539;;;;;;;;NMEA message parser not found for GRM.
1540;RMC;12/26/2016 9:44:43 PM;49.2106689333333;16.5973853833333;;;;
1541;;;;;;;;NMEA message parser not found for RMB.
1542;;;;;;;;Failed to parse: GGA.. Meters expected in GGA message.
1543;GSA;;;;;;;
1544;GSV;;;;;;;
1545;GSV;;;;;;;
1546;;;;;;;;NMEA message parser not found for GRM.
1547;RMC;12/26/2016 9:44:44 PM;49.2106609833333;16.5973914666667;;;;
1548;;;;;;;;NMEA message parser not found for RMB.
1549;;;;;;;;Failed to parse: GGA.. Meters expected in GGA message.
1550;GSA;;;;;;;
1551;GSV;;;;;;;
1552;GSV;;;;;;;
1553;;;;;;;;NMEA message parser not found for GRM.
1554;RMC;12/26/2016 9:44:45 PM;49.2106530333333;16.59739755;;;;
1555;;;;;;;;NMEA message parser not found for RMB.
1556;;;;;;;;Failed to parse: GGA.. Meters expected in GGA message.
1557;GSA;;;;;;;
1558;GSV;;;;;;;
1559;GSV;;;;;;;
1560;;;;;;;;NMEA message parser not found for GRM.
1561;RMC;12/26/2016 9:44:46 PM;49.2106451;16.59740365;;;;
1562;;;;;;;;NMEA message parser not found for RMB.
1563;;;;;;;;Failed to parse: GGA.. Meters expected in GGA message.
1564;GSA;;;;;;;
1565;GSV;;;;;;;
1566;GSV;;;;;;;
1567;;;;;;;;NMEA message parser not found for GRM.
1568;RMC;12/26/2016 9:44:47 PM;49.21063715;16.5974097333333;;;;
1569;;;;;;;;NMEA message parser not found for RMB.
1570;;;;;;;;Failed to parse: GGA.. Meters expected in GGA message.
1571;GSA;;;;;;;
1572;GSV;;;;;;;
1573;GSV;;;;;;;
1574;;;;;;;;NMEA message parser not found for GRM.
1575;RMC;12/26/2016 9:44:48 PM;49.2106292;16.5974158166667;;;;
1576;;;;;;;;NMEA message parser not found for RMB.
1577;;;;;;;;Failed to parse: GGA.. Meters expected in GGA message.
1578;GSA;;;;;;;
1579;GSV;;;;;;;
1580;GSV;;;;;;;
1581;;;;;;;;NMEA message parser not found for GRM.
1582;RMC;12/26/2016 9:44:49 PM;49.21062125;16.5974219166667;;;;
1583;;;;;;;;NMEA message parser not found for RMB.
1584;;;;;;;;Failed to parse: GGA.. Meters expected in GGA message.
1585;GSA;;;;;;;
1586;GSV;;;;;;;
1587;GSV;;;;;;;
1588;;;;;;;;NMEA message parser not found for GRM.
1589;RMC;12/26/2016 9:44:50 PM;49.2106133166667;16.597428;;;;
1590;;;;;;;;NMEA message parser not found for RMB.
1591;;;;;;;;Failed to parse: GGA.. Meters expected in GGA message.
1592;GSA;;;;;;;
1593;GSV;;;;;;;
1594;GSV;;;;;;;
1595;;;;;;;;NMEA message parser not found for GRM.
1596;RMC;12/26/2016 9:44:51 PM;49.2106053666667;16.5974340833333;;;;
1597;;;;;;;;NMEA message parser not found for RMB.
1598;;;;;;;;Failed to parse: GGA.. Meters expected in GGA message.
1599;GSA;;;;;;;
1600;GSV;;;;;;;
1601;GSV;;;;;;;
1602;;;;;;;;NMEA message parser not found for GRM.
1603;RMC;12/26/2016 9:44:52 PM;49.2105974166667;16.5974401666667;;;;
1604;;;;;;;;NMEA message parser not found for RMB.
1605;;;;;;;;Failed to parse: GGA.. Meters expected in GGA message.
1606;GSA;;;;;;;
1607;GSV;;;;;;;
1608;GSV;;;;;;;
1609;;;;;;;;NMEA message parser not found for GRM.
1610;RMC;12/26/2016 9:44:53 PM;49.2105894666667;16.5974462666667;;;;
1611;;;;;;;;NMEA message parser not found for RMB.
1612;;;;;;;;Failed to parse: GGA.. Meters expected in GGA message.
1613;GSA;;;;;;;
1614;GSV;;;;;;;
1615;GSV;;;;;;;
1616;;;;;;;;NMEA message parser not found for GRM.
1617;RMC;12/26/2016 9:44:54 PM;49.2105815333333;16.59745235;;;;
1618;;;;;;;;NMEA message parser not found for RMB.
1619;;;;;;;;Failed to parse: GGA.. Meters expected in GGA message.
1620;GSA;;;;;;;
1621;GSV;;;;;;;
1622;GSV;;;;;;;
1623;;;;;;;;NMEA message parser not found for GRM.
1624;RMC;12/26/2016 9:44:55 PM;49.2105735833333;16.5974584333333;;;;
1625;;;;;;;;NMEA message parser not found for RMB.
1626;;;;;;;;Failed to parse: GGA.. Meters expected in GGA message.
1627;GSA;;;;;;;
1628;GSV;;;;;;;
1629;GSV;;;;;;;
1630;;;;;;;;NMEA message parser not found for GRM.
1631;RMC;12/26/2016 9:44:56 PM;49.2105656333333;16.5974645333333;;;;
1632;;;;;;;;NMEA message parser not found for RMB.
1633;;;;;;;;Failed to parse: GGA.. Meters expected in GGA message.
1634;GSA;;;;;;;
1635;GSV;;;;;;;
1636;GSV;;;;;;;
1637;;;;;;;;NMEA message parser not found for GRM.
1638;RMC;12/26/2016 9:44:57 PM;49.2105576833333;16.5974706166667;;;;
1639;;;;;;;;NMEA message parser not found for RMB.
1640;;;;;;;;Failed to parse: GGA.. Meters expected in GGA message.
1641;GSA;;;;;;;
1642;GSV;;;;;;;
1643;GSV;;;;;;;
1644;;;;;;;;NMEA message parser not found for GRM.
1645;RMC;12/26/2016 9:44:58 PM;49.21054975;16.5974767;;;;
1646;;;;;;;;NMEA message parser not found for RMB.
1647;;;;;;;;Failed to parse: GGA.. Meters expected in GGA message.
1648;GSA;;;;;;;
1649;GSV;;;;;;;
1650;GSV;;;;;;;
1651;;;;;;;;NMEA message parser not found for GRM.
1652;RMC;12/26/2016 9:44:59 PM;49.2105418;16.5974827833333;;;;
1653;;;;;;;;NMEA message parser not found for RMB.
1654;;;;;;;;Failed to parse: GGA.. Meters expected in GGA message.
1655;GSA;;;;;;;
1656;GSV;;;;;;;
1657;GSV;;;;;;;
1658;;;;;;;;NMEA message parser not found for GRM.
1659;RMC;12/26/2016 9:45:00 PM;49.21053385;16.5974888833333;;;;
1660;;;;;;;;NMEA message parser not found for RMB.
1661;;;;;;;;Failed to parse: GGA.. Meters expected in GGA message.
1662;GSA;;;;;;;
1663;GSV;;;;;;;
1664;GSV;;;;;;;
1665;;;;;;;;NMEA message parser not found for GRM.
1666;RMC;12/26/2016 9:45:01 PM;49.2105259;16.5974949666667;;;;
1667;;;;;;;;NMEA message parser not found for RMB.
1668;;;;;;;;Failed to parse: GGA.. Meters expected in GGA message.
1669;GSA;;;;;;;
1670;GSV;;;;;;;
1671;GSV;;;;;;;
1672;;;;;;;;NMEA message parser not found for GRM.
1673;RMC;12/26/2016 9:45:02 PM;49.2105179666667;16.59750105;;;;
1674;;;;;;;;NMEA message parser not found for RMB.
1675;;;;;;;;Failed to parse: GGA.. Meters expected in GGA message.
1676;GSA;;;;;;;
1677;GSV;;;;;;;
1678;GSV;;;;;;;
1679;;;;;;;;NMEA message parser not found for GRM.
1680;RMC;12/26/2016 9:45:03 PM;49.2105100166667;16.59750715;;;;
1681;;;;;;;;NMEA message parser not found for RMB.
1682;;;;;;;;Failed to parse: GGA.. Meters expected in GGA message.
1683;GSA;;;;;;;
1684;GSV;;;;;;;
1685;GSV;;;;;;;
1686;;;;;;;;NMEA message parser not found for GRM.
1687;RMC;12/26/2016 9:45:04 PM;49.2105020666667;16.5975132333333;;;;
1688;;;;;;;;NMEA message parser not found for RMB.
1689;;;;;;;;Failed to parse: GGA.. Meters expected in GGA message.
1690;GSA;;;;;;;
1691;GSV;;;;;;;
1692;GSV;;;;;;;
1693;;;;;;;;NMEA message parser not found for GRM.
1694;RMC;12/26/2016 9:45:05 PM;49.2104941166667;16.5975193166667;;;;
1695;;;;;;;;NMEA message parser not found for RMB.
1696;;;;;;;;Failed to parse: GGA.. Meters expected in GGA message.
1697;GSA;;;;;;;
1698;GSV;;;;;;;
1699;GSV;;;;;;;
1700;;;;;;;;NMEA message parser not found for GRM.
1701;RMC;12/26/2016 9:45:06 PM;49.2104861833333;16.5975254166667;;;;
1702;;;;;;;;NMEA message parser not found for RMB.
1703;;;;;;;;Failed to parse: GGA.. Meters expected in GGA message.
1704;GSA;;;;;;;
1705;GSV;;;;;;;
1706;GSV;;;;;;;
1707;;;;;;;;NMEA message parser not found for GRM.
1708;RMC;12/26/2016 9:45:07 PM;49.2104782333333;16.5975315;;;;
1709;;;;;;;;NMEA message parser not found for RMB.
1710;;;;;;;;Failed to parse: GGA.. Meters expected in GGA message.
1711;GSA;;;;;;;
1712;GSV;;;;;;;
1713;GSV;;;;;;;
1714;;;;;;;;NMEA message parser not found for GRM.
1715;RMC;12/26/2016 9:45:08 PM;49.2104702833333;16.5975375833333;;;;
1716;;;;;;;;NMEA message parser not found for RMB.
1717;;;;;;;;Failed to parse: GGA.. Meters expected in GGA message.
1718;GSA;;;;;;;
1719;GSV;;;;;;;
1720;GSV;;;;;;;
1721;;;;;;;;NMEA message parser not found for GRM.
1722;RMC;12/26/2016 9:45:09 PM;49.2104623333333;16.5975436666667;;;;
1723;;;;;;;;NMEA message parser not found for RMB.
1724;;;;;;;;Failed to parse: GGA.. Meters expected in GGA message.
1725;GSA;;;;;;;
1726;GSV;;;;;;;
1727;GSV;;;;;;;
1728;;;;;;;;NMEA message parser not found for GRM.
1729;RMC;12/26/2016 9:45:10 PM;49.21045475;16.5975501666667;;;;
1730;;;;;;;;NMEA message parser not found for RMB.
1731;;;;;;;;Failed to parse: GGA.. Meters expected in GGA message.
1732;GSA;;;;;;;
1733;GSV;;;;;;;
1734;GSV;;;;;;;
1735;;;;;;;;NMEA message parser not found for GRM.
1736;RMC;12/26/2016 9:45:11 PM;49.2104475666667;16.59755715;;;;
1737;;;;;;;;NMEA message parser not found for RMB.
1738;;;;;;;;Failed to parse: GGA.. Meters expected in GGA message.
1739;GSA;;;;;;;
1740;GSV;;;;;;;
1741;GSV;;;;;;;
1742;;;;;;;;NMEA message parser not found for GRM.
1743;RMC;12/26/2016 9:45:12 PM;49.2104403833333;16.5975641166667;;;;
1744;;;;;;;;NMEA message parser not found for RMB.
1745;;;;;;;;Failed to parse: GGA.. Meters expected in GGA message.
1746;GSA;;;;;;;
1747;GSV;;;;;;;
1748;GSV;;;;;;;
1749;;;;;;;;NMEA message parser not found for GRM.
1750;RMC;12/26/2016 9:45:13 PM;49.2104332166667;16.5975711;;;;
1751;;;;;;;;NMEA message parser not found for RMB.
1752;;;;;;;;Failed to parse: GGA.. Meters expected in GGA message.
1753;GSA;;;;;;;
1754;GSV;;;;;;;
1755;GSV;;;;;;;
1756;;;;;;;;NMEA message parser not found for GRM.
1757;RMC;12/26/2016 9:45:14 PM;49.2104260333333;16.5975780666667;;;;
1758;;;;;;;;NMEA message parser not found for RMB.
1759;;;;;;;;Failed to parse: GGA.. Meters expected in GGA message.
1760;GSA;;;;;;;
1761;GSV;;;;;;;
1762;GSV;;;;;;;
1763;;;;;;;;NMEA message parser not found for GRM.
1764;RMC;12/26/2016 9:45:15 PM;49.21041885;16.59758505;;;;
1765;;;;;;;;NMEA message parser not found for RMB.
1766;;;;;;;;Failed to parse: GGA.. Meters expected in GGA message.
1767;GSA;;;;;;;
1768;GSV;;;;;;;
1769;GSV;;;;;;;
1770;;;;;;;;NMEA message parser not found for GRM.
1771;RMC;12/26/2016 9:45:16 PM;49.2104116833333;16.5975920333333;;;;
1772;;;;;;;;NMEA message parser not found for RMB.
1773;;;;;;;;Failed to parse: GGA.. Meters expected in GGA message.
1774;GSA;;;;;;;
1775;GSV;;;;;;;
1776;GSV;;;;;;;
1777;;;;;;;;NMEA message parser not found for GRM.
1778;RMC;12/26/2016 9:45:17 PM;49.2104045;16.597599;;;;
1779;;;;;;;;NMEA message parser not found for RMB.
1780;;;;;;;;Failed to parse: GGA.. Meters expected in GGA message.
1781;GSA;;;;;;;
1782;GSV;;;;;;;
1783;GSV;;;;;;;
1784;;;;;;;;NMEA message parser not found for GRM.
1785;RMC;12/26/2016 9:45:18 PM;49.2103973166667;16.5976059833333;;;;
1786;;;;;;;;NMEA message parser not found for RMB.
1787;;;;;;;;Failed to parse: GGA.. Meters expected in GGA message.
1788;GSA;;;;;;;
1789;GSV;;;;;;;
1790;GSV;;;;;;;
1791;;;;;;;;NMEA message parser not found for GRM.
1792;RMC;12/26/2016 9:45:19 PM;49.21039015;16.5976129666667;;;;
1793;;;;;;;;NMEA message parser not found for RMB.
1794;;;;;;;;Failed to parse: GGA.. Meters expected in GGA message.
1795;GSA;;;;;;;
1796;GSV;;;;;;;
1797;GSV;;;;;;;
1798;;;;;;;;NMEA message parser not found for GRM.
1799;RMC;12/26/2016 9:45:20 PM;49.2103829666667;16.5976199333333;;;;
1800;;;;;;;;NMEA message parser not found for RMB.
1801;;;;;;;;Failed to parse: GGA.. Meters expected in GGA message.
1802;GSA;;;;;;;
1803;GSV;;;;;;;
1804;GSV;;;;;;;
1805;;;;;;;;NMEA message parser not found for GRM.
1806;RMC;12/26/2016 9:45:21 PM;49.2103758;16.5976269166667;;;;
1807;;;;;;;;NMEA message parser not found for RMB.
1808;;;;;;;;Failed to parse: GGA.. Meters expected in GGA message.
1809;GSA;;;;;;;
1810;GSV;;;;;;;
1811;GSV;;;;;;;
1812;;;;;;;;NMEA message parser not found for GRM.
1813;RMC;12/26/2016 9:45:22 PM;49.2103686166667;16.5976339;;;;
1814;;;;;;;;NMEA message parser not found for RMB.
1815;;;;;;;;Failed to parse: GGA.. Meters expected in GGA message.
1816;GSA;;;;;;;
1817;GSV;;;;;;;
1818;GSV;;;;;;;
1819;;;;;;;;NMEA message parser not found for GRM.
1820;RMC;12/26/2016 9:45:23 PM;49.2103614333333;16.5976408666667;;;;
1821;;;;;;;;NMEA message parser not found for RMB.
1822;;;;;;;;Failed to parse: GGA.. Meters expected in GGA message.
1823;GSA;;;;;;;
1824;GSV;;;;;;;
1825;GSV;;;;;;;
1826;;;;;;;;NMEA message parser not found for GRM.
1827;RMC;12/26/2016 9:45:24 PM;49.2103542666667;16.59764785;;;;
1828;;;;;;;;NMEA message parser not found for RMB.
1829;;;;;;;;Failed to parse: GGA.. Meters expected in GGA message.
1830;GSA;;;;;;;
1831;GSV;;;;;;;
1832;GSV;;;;;;;
1833;;;;;;;;NMEA message parser not found for GRM.
1834;RMC;12/26/2016 9:45:25 PM;49.2103470833333;16.5976548333333;;;;
1835;;;;;;;;NMEA message parser not found for RMB.
1836;;;;;;;;Failed to parse: GGA.. Meters expected in GGA message.
1837;GSA;;;;;;;
1838;GSV;;;;;;;
1839;GSV;;;;;;;
1840;;;;;;;;NMEA message parser not found for GRM.
1841;RMC;12/26/2016 9:45:26 PM;49.2103399;16.5976618;;;;
1842;;;;;;;;NMEA message parser not found for RMB.
1843;;;;;;;;Failed to parse: GGA.. Meters expected in GGA message.
1844;GSA;;;;;;;
1845;GSV;;;;;;;
1846;GSV;;;;;;;
1847;;;;;;;;NMEA message parser not found for GRM.
1848;RMC;12/26/2016 9:45:27 PM;49.2103327333333;16.5976687833333;;;;
1849;;;;;;;;NMEA message parser not found for RMB.
1850;;;;;;;;Failed to parse: GGA.. Meters expected in GGA message.
1851;GSA;;;;;;;
1852;GSV;;;;;;;
1853;GSV;;;;;;;
1854;;;;;;;;NMEA message parser not found for GRM.
1855;RMC;12/26/2016 9:45:28 PM;49.21032555;16.59767575;;;;
1856;;;;;;;;NMEA message parser not found for RMB.
1857;;;;;;;;Failed to parse: GGA.. Meters expected in GGA message.
1858;GSA;;;;;;;
1859;GSV;;;;;;;
1860;GSV;;;;;;;
1861;;;;;;;;NMEA message parser not found for GRM.
1862;RMC;12/26/2016 9:45:29 PM;49.2103183666667;16.5976827333333;;;;
1863;;;;;;;;NMEA message parser not found for RMB.
1864;;;;;;;;Failed to parse: GGA.. Meters expected in GGA message.
1865;GSA;;;;;;;
1866;GSV;;;;;;;
1867;GSV;;;;;;;
1868;;;;;;;;NMEA message parser not found for GRM.
1869;RMC;12/26/2016 9:45:30 PM;49.2103112;16.5976897166667;;;;
1870;;;;;;;;NMEA message parser not found for RMB.
1871;;;;;;;;Failed to parse: GGA.. Meters expected in GGA message.
1872;GSA;;;;;;;
1873;GSV;;;;;;;
1874;GSV;;;;;;;
1875;;;;;;;;NMEA message parser not found for GRM.
1876;RMC;12/26/2016 9:45:31 PM;49.2103040166667;16.5976966833333;;;;
1877;;;;;;;;NMEA message parser not found for RMB.
1878;;;;;;;;Failed to parse: GGA.. Meters expected in GGA message.
1879;GSA;;;;;;;
1880;GSV;;;;;;;
1881;GSV;;;;;;;
1882;;;;;;;;NMEA message parser not found for GRM.
1883;RMC;12/26/2016 9:45:32 PM;49.2102968333333;16.5977036666667;;;;
1884;;;;;;;;NMEA message parser not found for RMB.
1885;;;;;;;;Failed to parse: GGA.. Meters expected in GGA message.
1886;GSA;;;;;;;
1887;GSV;;;;;;;
1888;GSV;;;;;;;
1889;;;;;;;;NMEA message parser not found for GRM.
1890;RMC;12/26/2016 9:45:33 PM;49.2102896666667;16.59771065;;;;
1891;;;;;;;;NMEA message parser not found for RMB.
1892;;;;;;;;Failed to parse: GGA.. Meters expected in GGA message.
1893;GSA;;;;;;;
1894;GSV;;;;;;;
1895;GSV;;;;;;;
1896;;;;;;;;NMEA message parser not found for GRM.
1897;RMC;12/26/2016 9:45:34 PM;49.2102824833333;16.5977176166667;;;;
1898;;;;;;;;NMEA message parser not found for RMB.
1899;;;;;;;;Failed to parse: GGA.. Meters expected in GGA message.
1900;GSA;;;;;;;
1901;GSV;;;;;;;
1902;GSV;;;;;;;
1903;;;;;;;;NMEA message parser not found for GRM.
1904;RMC;12/26/2016 9:45:35 PM;49.2102753;16.5977246;;;;
1905;;;;;;;;NMEA message parser not found for RMB.
1906;;;;;;;;Failed to parse: GGA.. Meters expected in GGA message.
1907;GSA;;;;;;;
1908;GSV;;;;;;;
1909;GSV;;;;;;;
1910;;;;;;;;NMEA message parser not found for GRM.
1911;RMC;12/26/2016 9:45:36 PM;49.2102681333333;16.5977315833333;;;;
1912;;;;;;;;NMEA message parser not found for RMB.
1913;;;;;;;;Failed to parse: GGA.. Meters expected in GGA message.
1914;GSA;;;;;;;
1915;GSV;;;;;;;
1916;GSV;;;;;;;
1917;;;;;;;;NMEA message parser not found for GRM.
1918;RMC;12/26/2016 9:45:37 PM;49.21026095;16.59773855;;;;
1919;;;;;;;;NMEA message parser not found for RMB.
1920;;;;;;;;Failed to parse: GGA.. Meters expected in GGA message.
1921;GSA;;;;;;;
1922;GSV;;;;;;;
1923;GSV;;;;;;;
1924;;;;;;;;NMEA message parser not found for GRM.
1925;RMC;12/26/2016 9:45:38 PM;49.2102537833333;16.5977455333333;;;;
1926;;;;;;;;NMEA message parser not found for RMB.
1927;;;;;;;;Failed to parse: GGA.. Meters expected in GGA message.
1928;GSA;;;;;;;
1929;GSV;;;;;;;
1930;GSV;;;;;;;
1931;;;;;;;;NMEA message parser not found for GRM.
1932;RMC;12/26/2016 9:45:39 PM;49.2102466;16.5977525166667;;;;
1933;;;;;;;;NMEA message parser not found for RMB.
1934;;;;;;;;Failed to parse: GGA.. Meters expected in GGA message.
1935;GSA;;;;;;;
1936;GSV;;;;;;;
1937;GSV;;;;;;;
1938;;;;;;;;NMEA message parser not found for GRM.
1939;RMC;12/26/2016 9:45:40 PM;49.2102394166667;16.5977594833333;;;;
1940;;;;;;;;NMEA message parser not found for RMB.
1941;;;;;;;;Failed to parse: GGA.. Meters expected in GGA message.
1942;GSA;;;;;;;
1943;GSV;;;;;;;
1944;GSV;;;;;;;
1945;;;;;;;;NMEA message parser not found for GRM.
1946;RMC;12/26/2016 9:45:41 PM;49.21023225;16.5977664666667;;;;
1947;;;;;;;;NMEA message parser not found for RMB.
1948;;;;;;;;Failed to parse: GGA.. Meters expected in GGA message.
1949;GSA;;;;;;;
1950;GSV;;;;;;;
1951;GSV;;;;;;;
1952;;;;;;;;NMEA message parser not found for GRM.
1953;RMC;12/26/2016 9:45:42 PM;49.2102250666667;16.59777345;;;;
1954;;;;;;;;NMEA message parser not found for RMB.
1955;;;;;;;;Failed to parse: GGA.. Meters expected in GGA message.
1956;GSA;;;;;;;
1957;GSV;;;;;;;
1958;GSV;;;;;;;
1959;;;;;;;;NMEA message parser not found for GRM.
1960;RMC;12/26/2016 9:45:43 PM;49.2102178833333;16.5977804166667;;;;
1961;;;;;;;;NMEA message parser not found for RMB.
1962;;;;;;;;Failed to parse: GGA.. Meters expected in GGA message.
1963;GSA;;;;;;;
1964;GSV;;;;;;;
1965;GSV;;;;;;;
1966;;;;;;;;NMEA message parser not found for GRM.
1967;RMC;12/26/2016 9:45:44 PM;49.2102107166667;16.5977874;;;;
1968;;;;;;;;NMEA message parser not found for RMB.
1969;;;;;;;;Failed to parse: GGA.. Meters expected in GGA message.
1970;GSA;;;;;;;
1971;GSV;;;;;;;
1972;GSV;;;;;;;
1973;;;;;;;;NMEA message parser not found for GRM.
1974;RMC;12/26/2016 9:45:45 PM;49.2102035333333;16.5977943666667;;;;
1975;;;;;;;;NMEA message parser not found for RMB.
1976;;;;;;;;Failed to parse: GGA.. Meters expected in GGA message.
1977;GSA;;;;;;;
1978;GSV;;;;;;;
1979;GSV;;;;;;;
1980;;;;;;;;NMEA message parser not found for GRM.
1981;RMC;12/26/2016 9:45:46 PM;49.21019635;16.59780135;;;;
1982;;;;;;;;NMEA message parser not found for RMB.
1983;;;;;;;;Failed to parse: GGA.. Meters expected in GGA message.
1984;GSA;;;;;;;
1985;GSV;;;;;;;
1986;GSV;;;;;;;
1987;;;;;;;;NMEA message parser not found for GRM.
1988;RMC;12/26/2016 9:45:47 PM;49.2101891833333;16.5978083333333;;;;
1989;;;;;;;;NMEA message parser not found for RMB.
1990;;;;;;;;Failed to parse: GGA.. Meters expected in GGA message.
1991;GSA;;;;;;;
1992;GSV;;;;;;;
1993;GSV;;;;;;;
1994;;;;;;;;NMEA message parser not found for GRM.
1995;RMC;12/26/2016 9:45:48 PM;49.210182;16.5978153;;;;
1996;;;;;;;;NMEA message parser not found for RMB.
1997;;;;;;;;Failed to parse: GGA.. Meters expected in GGA message.
1998;GSA;;;;;;;
1999;GSV;;;;;;;
2000;GSV;;;;;;;
2001;;;;;;;;NMEA message parser not found for GRM.
2002;RMC;12/26/2016 9:45:49 PM;49.2101748166667;16.5978222833333;;;;
2003;;;;;;;;NMEA message parser not found for RMB.
2004;;;;;;;;Failed to parse: GGA.. Meters expected in GGA message.
2005;GSA;;;;;;;
2006;GSV;;;;;;;
2007;GSV;;;;;;;
2008;;;;;;;;NMEA message parser not found for GRM.
2009;RMC;12/26/2016 9:45:50 PM;49.2101670666667;16.5978285333333;;;;
2010;;;;;;;;NMEA message parser not found for RMB.
2011;;;;;;;;Failed to parse: GGA.. Meters expected in GGA message.
2012;GSA;;;;;;;
2013;GSV;;;;;;;
2014;GSV;;;;;;;
2015;;;;;;;;NMEA message parser not found for GRM.
2016;RMC;12/26/2016 9:45:51 PM;49.2101586666667;16.5978339666667;;;;
2017;;;;;;;;NMEA message parser not found for RMB.
2018;;;;;;;;Failed to parse: GGA.. Meters expected in GGA message.
2019;GSA;;;;;;;
2020;GSV;;;;;;;
2021;GSV;;;;;;;
2022;;;;;;;;NMEA message parser not found for GRM.
2023;RMC;12/26/2016 9:45:52 PM;49.21015025;16.5978394;;;;
2024;;;;;;;;NMEA message parser not found for RMB.
2025;;;;;;;;Failed to parse: GGA.. Meters expected in GGA message.
2026;GSA;;;;;;;
2027;GSV;;;;;;;
2028;GSV;;;;;;;
2029;;;;;;;;NMEA message parser not found for GRM.
2030;RMC;12/26/2016 9:45:53 PM;49.21014185;16.5978448333333;;;;
2031;;;;;;;;NMEA message parser not found for RMB.
2032;;;;;;;;Failed to parse: GGA.. Meters expected in GGA message.
2033;GSA;;;;;;;
2034;GSV;;;;;;;
2035;GSV;;;;;;;
2036;;;;;;;;NMEA message parser not found for GRM.
2037;RMC;12/26/2016 9:45:54 PM;49.2101334333333;16.5978502666667;;;;
2038;;;;;;;;NMEA message parser not found for RMB.
2039;;;;;;;;Failed to parse: GGA.. Meters expected in GGA message.
2040;GSA;;;;;;;
2041;GSV;;;;;;;
2042;GSV;;;;;;;
2043;;;;;;;;NMEA message parser not found for GRM.
2044;RMC;12/26/2016 9:45:55 PM;49.2101250333333;16.5978557;;;;
2045;;;;;;;;NMEA message parser not found for RMB.
2046;;;;;;;;Failed to parse: GGA.. Meters expected in GGA message.
2047;GSA;;;;;;;
2048;GSV;;;;;;;
2049;GSV;;;;;;;
2050;;;;;;;;NMEA message parser not found for GRM.
2051;RMC;12/26/2016 9:45:56 PM;49.2101166333333;16.5978611333333;;;;
2052;;;;;;;;NMEA message parser not found for RMB.
2053;;;;;;;;Failed to parse: GGA.. Meters expected in GGA message.
2054;GSA;;;;;;;
2055;GSV;;;;;;;
2056;GSV;;;;;;;
2057;;;;;;;;NMEA message parser not found for GRM.
2058;RMC;12/26/2016 9:45:57 PM;49.2101082166667;16.5978665666667;;;;
2059;;;;;;;;NMEA message parser not found for RMB.
2060;;;;;;;;Failed to parse: GGA.. Meters expected in GGA message.
2061;GSA;;;;;;;
2062;GSV;;;;;;;
2063;GSV;;;;;;;
2064;;;;;;;;NMEA message parser not found for GRM.
2065;RMC;12/26/2016 9:45:58 PM;49.2100998166667;16.597872;;;;
2066;;;;;;;;NMEA message parser not found for RMB.
2067;;;;;;;;Failed to parse: GGA.. Meters expected in GGA message.
2068;GSA;;;;;;;
2069;GSV;;;;;;;
2070;GSV;;;;;;;
2071;;;;;;;;NMEA message parser not found for GRM.
2072;RMC;12/26/2016 9:45:59 PM;49.2100914;16.5978774333333;;;;
2073;;;;;;;;NMEA message parser not found for RMB.
2074;;;;;;;;Failed to parse: GGA.. Meters expected in GGA message.
2075;GSA;;;;;;;
2076;GSV;;;;;;;
2077;GSV;;;;;;;
2078;;;;;;;;NMEA message parser not found for GRM.
2079;RMC;12/26/2016 9:46:00 PM;49.210083;16.5978828666667;;;;
2080;;;;;;;;NMEA message parser not found for RMB.
2081;;;;;;;;Failed to parse: GGA.. Meters expected in GGA message.
2082;GSA;;;;;;;
2083;GSV;;;;;;;
2084;GSV;;;;;;;
2085;;;;;;;;NMEA message parser not found for GRM.
2086;RMC;12/26/2016 9:46:01 PM;49.2100745833333;16.5978883;;;;
2087;;;;;;;;NMEA message parser not found for RMB.
2088;;;;;;;;Failed to parse: GGA.. Meters expected in GGA message.
2089;GSA;;;;;;;
2090;GSV;;;;;;;
2091;GSV;;;;;;;
2092;;;;;;;;NMEA message parser not found for GRM.
2093;RMC;12/26/2016 9:46:02 PM;49.2100661833333;16.5978937333333;;;;
2094;;;;;;;;NMEA message parser not found for RMB.
2095;;;;;;;;Failed to parse: GGA.. Meters expected in GGA message.
2096;GSA;;;;;;;
2097;GSV;;;;;;;
2098;GSV;;;;;;;
2099;;;;;;;;NMEA message parser not found for GRM.
2100;RMC;12/26/2016 9:46:03 PM;49.2100577833333;16.5978991666667;;;;
2101;;;;;;;;NMEA message parser not found for RMB.
2102;;;;;;;;Failed to parse: GGA.. Meters expected in GGA message.
2103;GSA;;;;;;;
2104;GSV;;;;;;;
2105;GSV;;;;;;;
2106;;;;;;;;NMEA message parser not found for GRM.
2107;RMC;12/26/2016 9:46:04 PM;49.2100493666667;16.5979046;;;;
2108;;;;;;;;NMEA message parser not found for RMB.
2109;;;;;;;;Failed to parse: GGA.. Meters expected in GGA message.
2110;GSA;;;;;;;
2111;GSV;;;;;;;
2112;GSV;;;;;;;
2113;;;;;;;;NMEA message parser not found for GRM.
2114;RMC;12/26/2016 9:46:05 PM;49.2100409666667;16.5979100333333;;;;
2115;;;;;;;;NMEA message parser not found for RMB.
2116;;;;;;;;Failed to parse: GGA.. Meters expected in GGA message.
2117;GSA;;;;;;;
2118;GSV;;;;;;;
2119;GSV;;;;;;;
2120;;;;;;;;NMEA message parser not found for GRM.
2121;RMC;12/26/2016 9:46:06 PM;49.21003255;16.5979154666667;;;;
2122;;;;;;;;NMEA message parser not found for RMB.
2123;;;;;;;;Failed to parse: GGA.. Meters expected in GGA message.
2124;GSA;;;;;;;
2125;GSV;;;;;;;
2126;GSV;;;;;;;
2127;;;;;;;;NMEA message parser not found for GRM.
2128;RMC;12/26/2016 9:46:07 PM;49.21002415;16.5979209;;;;
2129;;;;;;;;NMEA message parser not found for RMB.
2130;;;;;;;;Failed to parse: GGA.. Meters expected in GGA message.
2131;GSA;;;;;;;
2132;GSV;;;;;;;
2133;GSV;;;;;;;
2134;;;;;;;;NMEA message parser not found for GRM.
2135;RMC;12/26/2016 9:46:08 PM;49.2100157333333;16.5979263333333;;;;
2136;;;;;;;;NMEA message parser not found for RMB.
2137;;;;;;;;Failed to parse: GGA.. Meters expected in GGA message.
2138;GSA;;;;;;;
2139;GSV;;;;;;;
2140;GSV;;;;;;;
2141;;;;;;;;NMEA message parser not found for GRM.
2142;RMC;12/26/2016 9:46:09 PM;49.2100073333333;16.5979317666667;;;;
2143;;;;;;;;NMEA message parser not found for RMB.
2144;;;;;;;;Failed to parse: GGA.. Meters expected in GGA message.
2145;GSA;;;;;;;
2146;GSV;;;;;;;
2147;GSV;;;;;;;
2148;;;;;;;;NMEA message parser not found for GRM.
2149;RMC;12/26/2016 9:46:10 PM;49.2099989166667;16.5979372;;;;
2150;;;;;;;;NMEA message parser not found for RMB.
2151;;;;;;;;Failed to parse: GGA.. Meters expected in GGA message.
2152;GSA;;;;;;;
2153;GSV;;;;;;;
2154;GSV;;;;;;;
2155;;;;;;;;NMEA message parser not found for GRM.
2156;RMC;12/26/2016 9:46:11 PM;49.2099905166667;16.5979426333333;;;;
2157;;;;;;;;NMEA message parser not found for RMB.
2158;;;;;;;;Failed to parse: GGA.. Meters expected in GGA message.
2159;GSA;;;;;;;
2160;GSV;;;;;;;
2161;GSV;;;;;;;
2162;;;;;;;;NMEA message parser not found for GRM.
2163;RMC;12/26/2016 9:46:12 PM;49.2099821166667;16.5979480666667;;;;
2164;;;;;;;;NMEA message parser not found for RMB.
2165;;;;;;;;Failed to parse: GGA.. Meters expected in GGA message.
2166;GSA;;;;;;;
2167;GSV;;;;;;;
2168;GSV;;;;;;;
2169;;;;;;;;NMEA message parser not found for GRM.
2170;RMC;12/26/2016 9:46:13 PM;49.2099737;16.5979535;;;;
2171;;;;;;;;NMEA message parser not found for RMB.
2172;;;;;;;;Failed to parse: GGA.. Meters expected in GGA message.
2173;GSA;;;;;;;
2174;GSV;;;;;;;
2175;GSV;;;;;;;
2176;;;;;;;;NMEA message parser not found for GRM.
2177;RMC;12/26/2016 9:46:14 PM;49.2099653;16.5979589333333;;;;
2178;;;;;;;;NMEA message parser not found for RMB.
2179;;;;;;;;Failed to parse: GGA.. Meters expected in GGA message.
2180;GSA;;;;;;;
2181;GSV;;;;;;;
2182;GSV;;;;;;;
2183;;;;;;;;NMEA message parser not found for GRM.
2184;RMC;12/26/2016 9:46:15 PM;49.2099568833333;16.5979643666667;;;;
2185;;;;;;;;NMEA message parser not found for RMB.
2186;;;;;;;;Failed to parse: GGA.. Meters expected in GGA message.
2187;GSA;;;;;;;
2188;GSV;;;;;;;
2189;GSV;;;;;;;
2190;;;;;;;;NMEA message parser not found for GRM.
2191;RMC;12/26/2016 9:46:16 PM;49.2099484833333;16.5979698;;;;
2192;;;;;;;;NMEA message parser not found for RMB.
2193;;;;;;;;Failed to parse: GGA.. Meters expected in GGA message.
2194;GSA;;;;;;;
2195;GSV;;;;;;;
2196;GSV;;;;;;;
2197;;;;;;;;NMEA message parser not found for GRM.
2198;RMC;12/26/2016 9:46:17 PM;49.2099400666667;16.5979752333333;;;;
2199;;;;;;;;NMEA message parser not found for RMB.
2200;;;;;;;;Failed to parse: GGA.. Meters expected in GGA message.
2201;GSA;;;;;;;
2202;GSV;;;;;;;
2203;GSV;;;;;;;
2204;;;;;;;;NMEA message parser not found for GRM.
2205;RMC;12/26/2016 9:46:18 PM;49.2099316666667;16.5979806666667;;;;
2206;;;;;;;;NMEA message parser not found for RMB.
2207;;;;;;;;Failed to parse: GGA.. Meters expected in GGA message.
2208;GSA;;;;;;;
2209;GSV;;;;;;;
2210;GSV;;;;;;;
2211;;;;;;;;NMEA message parser not found for GRM.
2212;RMC;12/26/2016 9:46:19 PM;49.2099232666667;16.5979861;;;;
2213;;;;;;;;NMEA message parser not found for RMB.
2214;;;;;;;;Failed to parse: GGA.. Meters expected in GGA message.
2215;GSA;;;;;;;
2216;GSV;;;;;;;
2217;GSV;;;;;;;
2218;;;;;;;;NMEA message parser not found for GRM.
2219;RMC;12/26/2016 9:46:20 PM;49.20991485;16.5979915333333;;;;
2220;;;;;;;;NMEA message parser not found for RMB.
2221;;;;;;;;Failed to parse: GGA.. Meters expected in GGA message.
2222;GSA;;;;;;;
2223;GSV;;;;;;;
2224;GSV;;;;;;;
2225;;;;;;;;NMEA message parser not found for GRM.
2226;RMC;12/26/2016 9:46:21 PM;49.20990645;16.5979969666667;;;;
2227;;;;;;;;NMEA message parser not found for RMB.
2228;;;;;;;;Failed to parse: GGA.. Meters expected in GGA message.
2229;GSA;;;;;;;
2230;GSV;;;;;;;
2231;GSV;;;;;;;
2232;;;;;;;;NMEA message parser not found for GRM.
2233;RMC;12/26/2016 9:46:22 PM;49.2098980333333;16.5980024;;;;
2234;;;;;;;;NMEA message parser not found for RMB.
2235;;;;;;;;Failed to parse: GGA.. Meters expected in GGA message.
2236;GSA;;;;;;;
2237;GSV;;;;;;;
2238;GSV;;;;;;;
2239;;;;;;;;NMEA message parser not found for GRM.
2240;RMC;12/26/2016 9:46:23 PM;49.2098896333333;16.5980078333333;;;;
2241;;;;;;;;NMEA message parser not found for RMB.
2242;;;;;;;;Failed to parse: GGA.. Meters expected in GGA message.
2243;GSA;;;;;;;
2244;GSV;;;;;;;
2245;GSV;;;;;;;
2246;;;;;;;;NMEA message parser not found for GRM.
2247;RMC;12/26/2016 9:46:24 PM;49.2098812166667;16.5980132666667;;;;
2248;;;;;;;;NMEA message parser not found for RMB.
2249;;;;;;;;Failed to parse: GGA.. Meters expected in GGA message.
2250;GSA;;;;;;;
2251;GSV;;;;;;;
2252;GSV;;;;;;;
2253;;;;;;;;NMEA message parser not found for GRM.
2254;RMC;12/26/2016 9:46:25 PM;49.2098728166667;16.5980187;;;;
2255;;;;;;;;NMEA message parser not found for RMB.
2256;;;;;;;;Failed to parse: GGA.. Meters expected in GGA message.
2257;GSA;;;;;;;
2258;GSV;;;;;;;
2259;GSV;;;;;;;
2260;;;;;;;;NMEA message parser not found for GRM.
2261;RMC;12/26/2016 9:46:26 PM;49.2098644;16.5980241333333;;;;
2262;;;;;;;;NMEA message parser not found for RMB.
2263;;;;;;;;Failed to parse: GGA.. Meters expected in GGA message.
2264;GSA;;;;;;;
2265;GSV;;;;;;;
2266;GSV;;;;;;;
2267;;;;;;;;NMEA message parser not found for GRM.
2268;RMC;12/26/2016 9:46:27 PM;49.209856;16.5980295666667;;;;
2269;;;;;;;;NMEA message parser not found for RMB.
2270;;;;;;;;Failed to parse: GGA.. Meters expected in GGA message.
2271;GSA;;;;;;;
2272;GSV;;;;;;;
2273;GSV;;;;;;;
2274;;;;;;;;NMEA message parser not found for GRM.
2275;RMC;12/26/2016 9:46:28 PM;49.2098476;16.598035;;;;
2276;;;;;;;;NMEA message parser not found for RMB.
2277;;;;;;;;Failed to parse: GGA.. Meters expected in GGA message.
2278;GSA;;;;;;;
2279;GSV;;;;;;;
2280;GSV;;;;;;;
2281;;;;;;;;NMEA message parser not found for GRM.
2282;RMC;12/26/2016 9:46:29 PM;49.2098391833333;16.5980404333333;;;;
2283;;;;;;;;NMEA message parser not found for RMB.
2284;;;;;;;;Failed to parse: GGA.. Meters expected in GGA message.
2285;GSA;;;;;;;
2286;GSV;;;;;;;
2287;GSV;;;;;;;
2288;;;;;;;;NMEA message parser not found for GRM.
2289;RMC;12/26/2016 9:46:30 PM;49.2098307833333;16.5980458666667;;;;
2290;;;;;;;;NMEA message parser not found for RMB.
2291;;;;;;;;Failed to parse: GGA.. Meters expected in GGA message.
2292;GSA;;;;;;;
2293;GSV;;;;;;;
2294;GSV;;;;;;;
2295;;;;;;;;NMEA message parser not found for GRM.
2296;RMC;12/26/2016 9:46:31 PM;49.2098223666667;16.5980513;;;;
2297;;;;;;;;NMEA message parser not found for RMB.
2298;;;;;;;;Failed to parse: GGA.. Meters expected in GGA message.
2299;GSA;;;;;;;
2300;GSV;;;;;;;
2301;GSV;;;;;;;
2302;;;;;;;;NMEA message parser not found for GRM.
2303;RMC;12/26/2016 9:46:32 PM;49.2098139666667;16.5980567333333;;;;
2304;;;;;;;;NMEA message parser not found for RMB.
2305;;;;;;;;Failed to parse: GGA.. Meters expected in GGA message.
2306;GSA;;;;;;;
2307;GSV;;;;;;;
2308;GSV;;;;;;;
2309;;;;;;;;NMEA message parser not found for GRM.
2310;RMC;12/26/2016 9:46:33 PM;49.20980555;16.5980621666667;;;;
2311;;;;;;;;NMEA message parser not found for RMB.
2312;;;;;;;;Failed to parse: GGA.. Meters expected in GGA message.
2313;GSA;;;;;;;
2314;GSV;;;;;;;
2315;GSV;;;;;;;
2316;;;;;;;;NMEA message parser not found for GRM.
2317;RMC;12/26/2016 9:46:34 PM;49.20979715;16.5980676;;;;
2318;;;;;;;;NMEA message parser not found for RMB.
2319;;;;;;;;Failed to parse: GGA.. Meters expected in GGA message.
2320;GSA;;;;;;;
2321;GSV;;;;;;;
2322;GSV;;;;;;;
2323;;;;;;;;NMEA message parser not found for GRM.
2324;RMC;12/26/2016 9:46:35 PM;49.20978875;16.5980730333333;;;;
2325;;;;;;;;NMEA message parser not found for RMB.
2326;;;;;;;;Failed to parse: GGA.. Meters expected in GGA message.
2327;GSA;;;;;;;
2328;GSV;;;;;;;
2329;GSV;;;;;;;
2330;;;;;;;;NMEA message parser not found for GRM.
2331;RMC;12/26/2016 9:46:36 PM;49.2097803333333;16.59807845;;;;
2332;;;;;;;;NMEA message parser not found for RMB.
2333;;;;;;;;Failed to parse: GGA.. Meters expected in GGA message.
2334;GSA;;;;;;;
2335;GSV;;;;;;;
2336;GSV;;;;;;;
2337;;;;;;;;NMEA message parser not found for GRM.
2338;RMC;12/26/2016 9:46:37 PM;49.2097719333333;16.5980838833333;;;;
2339;;;;;;;;NMEA message parser not found for RMB.
2340;;;;;;;;Failed to parse: GGA.. Meters expected in GGA message.
2341;GSA;;;;;;;
2342;GSV;;;;;;;
2343;GSV;;;;;;;
2344;;;;;;;;NMEA message parser not found for GRM.
2345;RMC;12/26/2016 9:46:38 PM;49.2097635166667;16.5980893166667;;;;
2346;;;;;;;;NMEA message parser not found for RMB.
2347;;;;;;;;Failed to parse: GGA.. Meters expected in GGA message.
2348;GSA;;;;;;;
2349;GSV;;;;;;;
2350;GSV;;;;;;;
2351;;;;;;;;NMEA message parser not found for GRM.
2352;RMC;12/26/2016 9:46:39 PM;49.2097551166667;16.59809475;;;;
2353;;;;;;;;NMEA message parser not found for RMB.
2354;;;;;;;;Failed to parse: GGA.. Meters expected in GGA message.
2355;GSA;;;;;;;
2356;GSV;;;;;;;
2357;GSV;;;;;;;
2358;;;;;;;;NMEA message parser not found for GRM.
2359;RMC;12/26/2016 9:46:40 PM;49.209747;16.59810035;;;;
2360;;;;;;;;NMEA message parser not found for RMB.
2361;;;;;;;;Failed to parse: GGA.. Meters expected in GGA message.
2362;GSA;;;;;;;
2363;GSV;;;;;;;
2364;GSV;;;;;;;
2365;;;;;;;;NMEA message parser not found for GRM.
2366;RMC;12/26/2016 9:46:41 PM;49.209747;16.5981103666667;;;;
2367;;;;;;;;NMEA message parser not found for RMB.
2368;;;;;;;;Failed to parse: GGA.. Meters expected in GGA message.
2369;GSA;;;;;;;
2370;GSV;;;;;;;
2371;GSV;;;;;;;
2372;;;;;;;;NMEA message parser not found for GRM.
2373;RMC;12/26/2016 9:46:42 PM;49.209747;16.5981203666667;;;;
2374;;;;;;;;NMEA message parser not found for RMB.
2375;;;;;;;;Failed to parse: GGA.. Meters expected in GGA message.
2376;GSA;;;;;;;
2377;GSV;;;;;;;
2378;GSV;;;;;;;
2379;;;;;;;;NMEA message parser not found for GRM.
2380;RMC;12/26/2016 9:46:43 PM;49.209747;16.5981303833333;;;;
2381;;;;;;;;NMEA message parser not found for RMB.
2382;;;;;;;;Failed to parse: GGA.. Meters expected in GGA message.
2383;GSA;;;;;;;
2384;GSV;;;;;;;
2385;GSV;;;;;;;
2386;;;;;;;;NMEA message parser not found for GRM.
2387;RMC;12/26/2016 9:46:44 PM;49.209747;16.5981403833333;;;;
2388;;;;;;;;NMEA message parser not found for RMB.
2389;;;;;;;;Failed to parse: GGA.. Meters expected in GGA message.
2390;GSA;;;;;;;
2391;GSV;;;;;;;
2392;GSV;;;;;;;
2393;;;;;;;;NMEA message parser not found for GRM.
2394;RMC;12/26/2016 9:46:45 PM;49.209747;16.5981504;;;;
2395;;;;;;;;NMEA message parser not found for RMB.
2396;;;;;;;;Failed to parse: GGA.. Meters expected in GGA message.
2397;GSA;;;;;;;
2398;GSV;;;;;;;
2399;GSV;;;;;;;
2400;;;;;;;;NMEA message parser not found for GRM.
2401;RMC;12/26/2016 9:46:46 PM;49.209747;16.5981604166667;;;;
2402;;;;;;;;NMEA message parser not found for RMB.
2403;;;;;;;;Failed to parse: GGA.. Meters expected in GGA message.
2404;GSA;;;;;;;
2405;GSV;;;;;;;
2406;GSV;;;;;;;
2407;;;;;;;;NMEA message parser not found for GRM.
2408;RMC;12/26/2016 9:46:47 PM;49.209747;16.5981704166667;;;;
2409;;;;;;;;NMEA message parser not found for RMB.
2410;;;;;;;;Failed to parse: GGA.. Meters expected in GGA message.
2411;GSA;;;;;;;
2412;GSV;;;;;;;
2413;GSV;;;;;;;
2414;;;;;;;;NMEA message parser not found for GRM.
2415;RMC;12/26/2016 9:46:48 PM;49.209747;16.5981804333333;;;;
2416;;;;;;;;NMEA message parser not found for RMB.
2417;;;;;;;;Failed to parse: GGA.. Meters expected in GGA message.
2418;GSA;;;;;;;
2419;GSV;;;;;;;
2420;GSV;;;;;;;
2421;;;;;;;;NMEA message parser not found for GRM.
2422;RMC;12/26/2016 9:46:49 PM;49.209747;16.5981904333333;;;;
2423;;;;;;;;NMEA message parser not found for RMB.
2424;;;;;;;;Failed to parse: GGA.. Meters expected in GGA message.
2425;GSA;;;;;;;
2426;GSV;;;;;;;
2427;GSV;;;;;;;
2428;;;;;;;;NMEA message parser not found for GRM.
2429;RMC;12/26/2016 9:46:50 PM;49.209747;16.59820045;;;;
2430;;;;;;;;NMEA message parser not found for RMB.
2431;;;;;;;;Failed to parse: GGA.. Meters expected in GGA message.
2432;GSA;;;;;;;
2433;GSV;;;;;;;
2434;GSV;;;;;;;
2435;;;;;;;;NMEA message parser not found for GRM.
2436;RMC;12/26/2016 9:46:51 PM;49.209747;16.5982104666667;;;;
2437;;;;;;;;NMEA message parser not found for RMB.
2438;;;;;;;;Failed to parse: GGA.. Meters expected in GGA message.
2439;GSA;;;;;;;
2440;GSV;;;;;;;
2441;GSV;;;;;;;
2442;;;;;;;;NMEA message parser not found for GRM.
2443;RMC;12/26/2016 9:46:52 PM;49.209747;16.5982204666667;;;;
2444;;;;;;;;NMEA message parser not found for RMB.
2445;;;;;;;;Failed to parse: GGA.. Meters expected in GGA message.
2446;GSA;;;;;;;
2447;GSV;;;;;;;
2448;GSV;;;;;;;
2449;;;;;;;;NMEA message parser not found for GRM.
2450;RMC;12/26/2016 9:46:53 PM;49.209747;16.5982304833333;;;;
2451;;;;;;;;NMEA message parser not found for RMB.
2452;;;;;;;;Failed to parse: GGA.. Meters expected in GGA message.
2453;GSA;;;;;;;
2454;GSV;;;;;;;
2455;GSV;;;;;;;
2456;;;;;;;;NMEA message parser not found for GRM.
2457;RMC;12/26/2016 9:46:54 PM;49.209747;16.5982404833333;;;;
2458;;;;;;;;NMEA message parser not found for RMB.
2459;;;;;;;;Failed to parse: GGA.. Meters expected in GGA message.
2460;GSA;;;;;;;
2461;GSV;;;;;;;
2462;GSV;;;;;;;
2463;;;;;;;;NMEA message parser not found for GRM.
2464;RMC;12/26/2016 9:46:55 PM;49.2097465666667;16.59825025;;;;
2465;;;;;;;;NMEA message parser not found for RMB.
2466;;;;;;;;Failed to parse: GGA.. Meters expected in GGA message.
2467;GSA;;;;;;;
2468;GSV;;;;;;;
2469;GSV;;;;;;;
2470;;;;;;;;NMEA message parser not found for GRM.
2471;RMC;12/26/2016 9:46:56 PM;49.2097379333333;16.5982553166667;;;;
2472;;;;;;;;NMEA message parser not found for RMB.
2473;;;;;;;;Failed to parse: GGA.. Meters expected in GGA message.
2474;GSA;;;;;;;
2475;GSV;;;;;;;
2476;GSV;;;;;;;
2477;;;;;;;;NMEA message parser not found for GRM.
2478;RMC;12/26/2016 9:46:57 PM;49.2097293;16.5982603833333;;;;
2479;;;;;;;;NMEA message parser not found for RMB.
2480;;;;;;;;Failed to parse: GGA.. Meters expected in GGA message.
2481;GSA;;;;;;;
2482;GSV;;;;;;;
2483;GSV;;;;;;;
2484;;;;;;;;NMEA message parser not found for GRM.
2485;RMC;12/26/2016 9:46:58 PM;49.2097206666667;16.59826545;;;;
2486;;;;;;;;NMEA message parser not found for RMB.
2487;;;;;;;;Failed to parse: GGA.. Meters expected in GGA message.
2488;GSA;;;;;;;
2489;GSV;;;;;;;
2490;GSV;;;;;;;
2491;;;;;;;;NMEA message parser not found for GRM.
2492;RMC;12/26/2016 9:46:59 PM;49.2097120333333;16.5982705166667;;;;
2493;;;;;;;;NMEA message parser not found for RMB.
2494;;;;;;;;Failed to parse: GGA.. Meters expected in GGA message.
2495;GSA;;;;;;;
2496;GSV;;;;;;;
2497;GSV;;;;;;;
2498;;;;;;;;NMEA message parser not found for GRM.
2499;RMC;12/26/2016 9:47:00 PM;49.2097034;16.5982755666667;;;;
2500;;;;;;;;NMEA message parser not found for RMB.
2501;;;;;;;;Failed to parse: GGA.. Meters expected in GGA message.
2502;GSA;;;;;;;
2503;GSV;;;;;;;
2504;GSV;;;;;;;
2505;;;;;;;;NMEA message parser not found for GRM.
2506;RMC;12/26/2016 9:47:01 PM;49.2096947666667;16.5982806333333;;;;
2507;;;;;;;;NMEA message parser not found for RMB.
2508;;;;;;;;Failed to parse: GGA.. Meters expected in GGA message.
2509;GSA;;;;;;;
2510;GSV;;;;;;;
2511;GSV;;;;;;;
2512;;;;;;;;NMEA message parser not found for GRM.
2513;RMC;12/26/2016 9:47:02 PM;49.2096861333333;16.5982857;;;;
2514;;;;;;;;NMEA message parser not found for RMB.
2515;;;;;;;;Failed to parse: GGA.. Meters expected in GGA message.
2516;GSA;;;;;;;
2517;GSV;;;;;;;
2518;GSV;;;;;;;
2519;;;;;;;;NMEA message parser not found for GRM.
2520;RMC;12/26/2016 9:47:03 PM;49.2096774833333;16.5982907666667;;;;
2521;;;;;;;;NMEA message parser not found for RMB.
2522;;;;;;;;Failed to parse: GGA.. Meters expected in GGA message.
2523;GSA;;;;;;;
2524;GSV;;;;;;;
2525;GSV;;;;;;;
2526;;;;;;;;NMEA message parser not found for GRM.
2527;RMC;12/26/2016 9:47:04 PM;49.20966885;16.5982958333333;;;;
2528;;;;;;;;NMEA message parser not found for RMB.
2529;;;;;;;;Failed to parse: GGA.. Meters expected in GGA message.
2530;GSA;;;;;;;
2531;GSV;;;;;;;
2532;GSV;;;;;;;
2533;;;;;;;;NMEA message parser not found for GRM.
2534;RMC;12/26/2016 9:47:05 PM;49.2096602166667;16.5983009;;;;
2535;;;;;;;;NMEA message parser not found for RMB.
2536;;;;;;;;Failed to parse: GGA.. Meters expected in GGA message.
2537;GSA;;;;;;;
2538;GSV;;;;;;;
2539;GSV;;;;;;;
2540;;;;;;;;NMEA message parser not found for GRM.
2541;RMC;12/26/2016 9:47:06 PM;49.2096515833333;16.59830595;;;;
2542;;;;;;;;NMEA message parser not found for RMB.
2543;;;;;;;;Failed to parse: GGA.. Meters expected in GGA message.
2544;GSA;;;;;;;
2545;GSV;;;;;;;
2546;GSV;;;;;;;
2547;;;;;;;;NMEA message parser not found for GRM.
2548;RMC;12/26/2016 9:47:07 PM;49.20964295;16.5983110166667;;;;
2549;;;;;;;;NMEA message parser not found for RMB.
2550;;;;;;;;Failed to parse: GGA.. Meters expected in GGA message.
2551;GSA;;;;;;;
2552;GSV;;;;;;;
2553;GSV;;;;;;;
2554;;;;;;;;NMEA message parser not found for GRM.
2555;RMC;12/26/2016 9:47:08 PM;49.2096343166667;16.5983160833333;;;;
2556;;;;;;;;NMEA message parser not found for RMB.
2557;;;;;;;;Failed to parse: GGA.. Meters expected in GGA message.
2558;GSA;;;;;;;
2559;GSV;;;;;;;
2560;GSV;;;;;;;
2561;;;;;;;;NMEA message parser not found for GRM.
2562;RMC;12/26/2016 9:47:09 PM;49.2096256833333;16.59832115;;;;
2563;;;;;;;;NMEA message parser not found for RMB.
2564;;;;;;;;Failed to parse: GGA.. Meters expected in GGA message.
2565;GSA;;;;;;;
2566;GSV;;;;;;;
2567;GSV;;;;;;;
2568;;;;;;;;NMEA message parser not found for GRM.
2569;RMC;12/26/2016 9:47:10 PM;49.20961705;16.5983262166667;;;;
2570;;;;;;;;NMEA message parser not found for RMB.
2571;;;;;;;;Failed to parse: GGA.. Meters expected in GGA message.
2572;GSA;;;;;;;
2573;GSV;;;;;;;
2574;GSV;;;;;;;
2575;;;;;;;;NMEA message parser not found for GRM.
2576;RMC;12/26/2016 9:47:11 PM;49.2096084166667;16.5983312833333;;;;
2577;;;;;;;;NMEA message parser not found for RMB.
2578;;;;;;;;Failed to parse: GGA.. Meters expected in GGA message.
2579;GSA;;;;;;;
2580;GSV;;;;;;;
2581;GSV;;;;;;;
2582;;;;;;;;NMEA message parser not found for GRM.
2583;RMC;12/26/2016 9:47:12 PM;49.2095997833333;16.5983363333333;;;;
2584;;;;;;;;NMEA message parser not found for RMB.
2585;;;;;;;;Failed to parse: GGA.. Meters expected in GGA message.
2586;GSA;;;;;;;
2587;GSV;;;;;;;
2588;GSV;;;;;;;
2589;;;;;;;;NMEA message parser not found for GRM.
2590;RMC;12/26/2016 9:47:13 PM;49.20959115;16.5983414;;;;
2591;;;;;;;;NMEA message parser not found for RMB.
2592;;;;;;;;Failed to parse: GGA.. Meters expected in GGA message.
2593;GSA;;;;;;;
2594;GSV;;;;;;;
2595;GSV;;;;;;;
2596;;;;;;;;NMEA message parser not found for GRM.
2597;RMC;12/26/2016 9:47:14 PM;49.2095825166667;16.5983464666667;;;;
2598;;;;;;;;NMEA message parser not found for RMB.
2599;;;;;;;;Failed to parse: GGA.. Meters expected in GGA message.
2600;GSA;;;;;;;
2601;GSV;;;;;;;
2602;GSV;;;;;;;
2603;;;;;;;;NMEA message parser not found for GRM.
2604;RMC;12/26/2016 9:47:15 PM;49.2095738833333;16.5983515333333;;;;
2605;;;;;;;;NMEA message parser not found for RMB.
2606;;;;;;;;Failed to parse: GGA.. Meters expected in GGA message.
2607;GSA;;;;;;;
2608;GSV;;;;;;;
2609;GSV;;;;;;;
2610;;;;;;;;NMEA message parser not found for GRM.
2611;RMC;12/26/2016 9:47:16 PM;49.2095652333333;16.5983566;;;;
2612;;;;;;;;NMEA message parser not found for RMB.
2613;;;;;;;;Failed to parse: GGA.. Meters expected in GGA message.
2614;GSA;;;;;;;
2615;GSV;;;;;;;
2616;GSV;;;;;;;
2617;;;;;;;;NMEA message parser not found for GRM.
2618;RMC;12/26/2016 9:47:17 PM;49.2095566;16.5983616666667;;;;
2619;;;;;;;;NMEA message parser not found for RMB.
2620;;;;;;;;Failed to parse: GGA.. Meters expected in GGA message.
2621;GSA;;;;;;;
2622;GSV;;;;;;;
2623;GSV;;;;;;;
2624;;;;;;;;NMEA message parser not found for GRM.
2625;RMC;12/26/2016 9:47:18 PM;49.2095479666667;16.5983667166667;;;;
2626;;;;;;;;NMEA message parser not found for RMB.
2627;;;;;;;;Failed to parse: GGA.. Meters expected in GGA message.
2628;GSA;;;;;;;
2629;GSV;;;;;;;
2630;GSV;;;;;;;
2631;;;;;;;;NMEA message parser not found for GRM.
2632;RMC;12/26/2016 9:47:19 PM;49.2095393333333;16.5983717833333;;;;
2633;;;;;;;;NMEA message parser not found for RMB.
2634;;;;;;;;Failed to parse: GGA.. Meters expected in GGA message.
2635;GSA;;;;;;;
2636;GSV;;;;;;;
2637;GSV;;;;;;;
2638;;;;;;;;NMEA message parser not found for GRM.
2639;RMC;12/26/2016 9:47:20 PM;49.2095307;16.59837685;;;;
2640;;;;;;;;NMEA message parser not found for RMB.
2641;;;;;;;;Failed to parse: GGA.. Meters expected in GGA message.
2642;GSA;;;;;;;
2643;GSV;;;;;;;
2644;GSV;;;;;;;
2645;;;;;;;;NMEA message parser not found for GRM.
2646;RMC;12/26/2016 9:47:21 PM;49.2095220666667;16.5983819166667;;;;
2647;;;;;;;;NMEA message parser not found for RMB.
2648;;;;;;;;Failed to parse: GGA.. Meters expected in GGA message.
2649;GSA;;;;;;;
2650;GSV;;;;;;;
2651;GSV;;;;;;;
2652;;;;;;;;NMEA message parser not found for GRM.
2653;RMC;12/26/2016 9:47:22 PM;49.2095134333333;16.5983869833333;;;;
2654;;;;;;;;NMEA message parser not found for RMB.
2655;;;;;;;;Failed to parse: GGA.. Meters expected in GGA message.
2656;GSA;;;;;;;
2657;GSV;;;;;;;
2658;GSV;;;;;;;
2659;;;;;;;;NMEA message parser not found for GRM.
2660;RMC;12/26/2016 9:47:23 PM;49.2095048;16.59839205;;;;
2661;;;;;;;;NMEA message parser not found for RMB.
2662;;;;;;;;Failed to parse: GGA.. Meters expected in GGA message.
2663;GSA;;;;;;;
2664;GSV;;;;;;;
2665;GSV;;;;;;;
2666;;;;;;;;NMEA message parser not found for GRM.
2667;RMC;12/26/2016 9:47:24 PM;49.2094961666667;16.5983971;;;;
2668;;;;;;;;NMEA message parser not found for RMB.
2669;;;;;;;;Failed to parse: GGA.. Meters expected in GGA message.
2670;GSA;;;;;;;
2671;GSV;;;;;;;
2672;GSV;;;;;;;
2673;;;;;;;;NMEA message parser not found for GRM.
2674;RMC;12/26/2016 9:47:25 PM;49.2094875333333;16.5984021666667;;;;
2675;;;;;;;;NMEA message parser not found for RMB.
2676;;;;;;;;Failed to parse: GGA.. Meters expected in GGA message.
2677;GSA;;;;;;;
2678;GSV;;;;;;;
2679;GSV;;;;;;;
2680;;;;;;;;NMEA message parser not found for GRM.
2681;RMC;12/26/2016 9:47:26 PM;49.2094798;16.5984081166667;;;;
2682;;;;;;;;NMEA message parser not found for RMB.
2683;;;;;;;;Failed to parse: GGA.. Meters expected in GGA message.
2684;GSA;;;;;;;
2685;GSV;;;;;;;
2686;GSV;;;;;;;
2687;;;;;;;;NMEA message parser not found for GRM.
2688;RMC;12/26/2016 9:47:27 PM;49.2094748333333;16.5984168166667;;;;
2689;;;;;;;;NMEA message parser not found for RMB.
2690;;;;;;;;Failed to parse: GGA.. Meters expected in GGA message.
2691;GSA;;;;;;;
2692;GSV;;;;;;;
2693;GSV;;;;;;;
2694;;;;;;;;NMEA message parser not found for GRM.
2695;RMC;12/26/2016 9:47:28 PM;49.2094698833333;16.5984255166667;;;;
2696;;;;;;;;NMEA message parser not found for RMB.
2697;;;;;;;;Failed to parse: GGA.. Meters expected in GGA message.
2698;GSA;;;;;;;
2699;GSV;;;;;;;
2700;GSV;;;;;;;
2701;;;;;;;;NMEA message parser not found for GRM.
2702;RMC;12/26/2016 9:47:29 PM;49.2094649333333;16.5984342166667;;;;
2703;;;;;;;;NMEA message parser not found for RMB.
2704;;;;;;;;Failed to parse: GGA.. Meters expected in GGA message.
2705;GSA;;;;;;;
2706;GSV;;;;;;;
2707;GSV;;;;;;;
2708;;;;;;;;NMEA message parser not found for GRM.
2709;RMC;12/26/2016 9:47:30 PM;49.2094599833333;16.5984429166667;;;;
2710;;;;;;;;NMEA message parser not found for RMB.
2711;;;;;;;;Failed to parse: GGA.. Meters expected in GGA message.
2712;GSA;;;;;;;
2713;GSV;;;;;;;
2714;GSV;;;;;;;
2715;;;;;;;;NMEA message parser not found for GRM.
2716;RMC;12/26/2016 9:47:31 PM;49.2094550333333;16.5984516166667;;;;
2717;;;;;;;;NMEA message parser not found for RMB.
2718;;;;;;;;Failed to parse: GGA.. Meters expected in GGA message.
2719;GSA;;;;;;;
2720;GSV;;;;;;;
2721;GSV;;;;;;;
2722;;;;;;;;NMEA message parser not found for GRM.
2723;RMC;12/26/2016 9:47:32 PM;49.2094500833333;16.5984603166667;;;;
2724;;;;;;;;NMEA message parser not found for RMB.
2725;;;;;;;;Failed to parse: GGA.. Meters expected in GGA message.
2726;GSA;;;;;;;
2727;GSV;;;;;;;
2728;GSV;;;;;;;
2729;;;;;;;;NMEA message parser not found for GRM.
2730;RMC;12/26/2016 9:47:33 PM;49.2094451333333;16.5984690166667;;;;
2731;;;;;;;;NMEA message parser not found for RMB.
2732;;;;;;;;Failed to parse: GGA.. Meters expected in GGA message.
2733;GSA;;;;;;;
2734;GSV;;;;;;;
2735;GSV;;;;;;;
2736;;;;;;;;NMEA message parser not found for GRM.
2737;RMC;12/26/2016 9:47:34 PM;49.2094401833333;16.5984777166667;;;;
2738;;;;;;;;NMEA message parser not found for RMB.
2739;;;;;;;;Failed to parse: GGA.. Meters expected in GGA message.
2740;GSA;;;;;;;
2741;GSV;;;;;;;
2742;GSV;;;;;;;
2743;;;;;;;;NMEA message parser not found for GRM.
2744;RMC;12/26/2016 9:47:35 PM;49.2094352333333;16.5984864166667;;;;
2745;;;;;;;;NMEA message parser not found for RMB.
2746;;;;;;;;Failed to parse: GGA.. Meters expected in GGA message.
2747;GSA;;;;;;;
2748;GSV;;;;;;;
2749;GSV;;;;;;;
2750;;;;;;;;NMEA message parser not found for GRM.
2751;RMC;12/26/2016 9:47:36 PM;49.2094302833333;16.5984951166667;;;;
2752;;;;;;;;NMEA message parser not found for RMB.
2753;;;;;;;;Failed to parse: GGA.. Meters expected in GGA message.
2754;GSA;;;;;;;
2755;GSV;;;;;;;
2756;GSV;;;;;;;
2757;;;;;;;;NMEA message parser not found for GRM.
2758;RMC;12/26/2016 9:47:37 PM;49.2094253333333;16.5985038166667;;;;
2759;;;;;;;;NMEA message parser not found for RMB.
2760;;;;;;;;Failed to parse: GGA.. Meters expected in GGA message.
2761;GSA;;;;;;;
2762;GSV;;;;;;;
2763;GSV;;;;;;;
2764;;;;;;;;NMEA message parser not found for GRM.
2765;RMC;12/26/2016 9:47:38 PM;49.2094203833333;16.5985125166667;;;;
2766;;;;;;;;NMEA message parser not found for RMB.
2767;;;;;;;;Failed to parse: GGA.. Meters expected in GGA message.
2768;GSA;;;;;;;
2769;GSV;;;;;;;
2770;GSV;;;;;;;
2771;;;;;;;;NMEA message parser not found for GRM.
2772;RMC;12/26/2016 9:47:39 PM;49.2094154333333;16.5985212166667;;;;
2773;;;;;;;;NMEA message parser not found for RMB.
2774;;;;;;;;Failed to parse: GGA.. Meters expected in GGA message.
2775;GSA;;;;;;;
2776;GSV;;;;;;;
2777;GSV;;;;;;;
2778;;;;;;;;NMEA message parser not found for GRM.
2779;RMC;12/26/2016 9:47:40 PM;49.2094111666667;16.59853005;;;;
2780;;;;;;;;NMEA message parser not found for RMB.
2781;;;;;;;;Failed to parse: GGA.. Meters expected in GGA message.
2782;GSA;;;;;;;
2783;GSV;;;;;;;
2784;GSV;;;;;;;
2785;;;;;;;;NMEA message parser not found for GRM.
2786;RMC;12/26/2016 9:47:41 PM;49.2094127333333;16.5985399333333;;;;
2787;;;;;;;;NMEA message parser not found for RMB.
2788;;;;;;;;Failed to parse: GGA.. Meters expected in GGA message.
2789;GSA;;;;;;;
2790;GSV;;;;;;;
2791;GSV;;;;;;;
2792;;;;;;;;NMEA message parser not found for GRM.
2793;RMC;12/26/2016 9:47:42 PM;49.2094143166667;16.5985498166667;;;;
2794;;;;;;;;NMEA message parser not found for RMB.
2795;;;;;;;;Failed to parse: GGA.. Meters expected in GGA message.
2796;GSA;;;;;;;
2797;GSV;;;;;;;
2798;GSV;;;;;;;
2799;;;;;;;;NMEA message parser not found for GRM.
2800;RMC;12/26/2016 9:47:43 PM;49.2094158833333;16.5985597;;;;
2801;;;;;;;;NMEA message parser not found for RMB.
2802;;;;;;;;Failed to parse: GGA.. Meters expected in GGA message.
2803;GSA;;;;;;;
2804;GSV;;;;;;;
2805;GSV;;;;;;;
2806;;;;;;;;NMEA message parser not found for GRM.
2807;RMC;12/26/2016 9:47:44 PM;49.20941745;16.5985695833333;;;;
2808;;;;;;;;NMEA message parser not found for RMB.
2809;;;;;;;;Failed to parse: GGA.. Meters expected in GGA message.
2810;GSA;;;;;;;
2811;GSV;;;;;;;
2812;GSV;;;;;;;
2813;;;;;;;;NMEA message parser not found for GRM.
2814;RMC;12/26/2016 9:47:45 PM;49.2094190333333;16.5985794666667;;;;
2815;;;;;;;;NMEA message parser not found for RMB.
2816;;;;;;;;Failed to parse: GGA.. Meters expected in GGA message.
2817;GSA;;;;;;;
2818;GSV;;;;;;;
2819;GSV;;;;;;;
2820;;;;;;;;NMEA message parser not found for GRM.
2821;RMC;12/26/2016 9:47:46 PM;49.2094206;16.59858935;;;;
2822;;;;;;;;NMEA message parser not found for RMB.
2823;;;;;;;;Failed to parse: GGA.. Meters expected in GGA message.
2824;GSA;;;;;;;
2825;GSV;;;;;;;
2826;GSV;;;;;;;
2827;;;;;;;;NMEA message parser not found for GRM.
2828;RMC;12/26/2016 9:47:47 PM;49.2094221833333;16.59859925;;;;
2829;;;;;;;;NMEA message parser not found for RMB.
2830;;;;;;;;Failed to parse: GGA.. Meters expected in GGA message.
2831;GSA;;;;;;;
2832;GSV;;;;;;;
2833;GSV;;;;;;;
2834;;;;;;;;NMEA message parser not found for GRM.
2835;RMC;12/26/2016 9:47:48 PM;49.20942375;16.5986091333333;;;;
2836;;;;;;;;NMEA message parser not found for RMB.
2837;;;;;;;;Failed to parse: GGA.. Meters expected in GGA message.
2838;GSA;;;;;;;
2839;GSV;;;;;;;
2840;GSV;;;;;;;
2841;;;;;;;;NMEA message parser not found for GRM.
2842;RMC;12/26/2016 9:47:49 PM;49.2094253166667;16.5986190166667;;;;
2843;;;;;;;;NMEA message parser not found for RMB.
2844;;;;;;;;Failed to parse: GGA.. Meters expected in GGA message.
2845;GSA;;;;;;;
2846;GSV;;;;;;;
2847;GSV;;;;;;;
2848;;;;;;;;NMEA message parser not found for GRM.
2849;RMC;12/26/2016 9:47:50 PM;49.2094269;16.5986289;;;;
2850;;;;;;;;NMEA message parser not found for RMB.
2851;;;;;;;;Failed to parse: GGA.. Meters expected in GGA message.
2852;GSA;;;;;;;
2853;GSV;;;;;;;
2854;GSV;;;;;;;
2855;;;;;;;;NMEA message parser not found for GRM.
2856;RMC;12/26/2016 9:47:51 PM;49.2094284666667;16.5986387833333;;;;
2857;;;;;;;;NMEA message parser not found for RMB.
2858;;;;;;;;Failed to parse: GGA.. Meters expected in GGA message.
2859;GSA;;;;;;;
2860;GSV;;;;;;;
2861;GSV;;;;;;;
2862;;;;;;;;NMEA message parser not found for GRM.
2863;RMC;12/26/2016 9:47:52 PM;49.2094300333333;16.5986486666667;;;;
2864;;;;;;;;NMEA message parser not found for RMB.
2865;;;;;;;;Failed to parse: GGA.. Meters expected in GGA message.
2866;GSA;;;;;;;
2867;GSV;;;;;;;
2868;GSV;;;;;;;
2869;;;;;;;;NMEA message parser not found for GRM.
2870;RMC;12/26/2016 9:47:53 PM;49.2094316166667;16.59865855;;;;
2871;;;;;;;;NMEA message parser not found for RMB.
2872;;;;;;;;Failed to parse: GGA.. Meters expected in GGA message.
2873;GSA;;;;;;;
2874;GSV;;;;;;;
2875;GSV;;;;;;;
2876;;;;;;;;NMEA message parser not found for GRM.
2877;RMC;12/26/2016 9:47:54 PM;49.2094331833333;16.59866845;;;;
2878;;;;;;;;NMEA message parser not found for RMB.
2879;;;;;;;;Failed to parse: GGA.. Meters expected in GGA message.
2880;GSA;;;;;;;
2881;GSV;;;;;;;
2882;GSV;;;;;;;
2883;;;;;;;;NMEA message parser not found for GRM.
2884;RMC;12/26/2016 9:47:55 PM;49.20943475;16.5986783333333;;;;
2885;;;;;;;;NMEA message parser not found for RMB.
2886;;;;;;;;Failed to parse: GGA.. Meters expected in GGA message.
2887;GSA;;;;;;;
2888;GSV;;;;;;;
2889;GSV;;;;;;;
2890;;;;;;;;NMEA message parser not found for GRM.
2891;RMC;12/26/2016 9:47:56 PM;49.2094363333333;16.5986882166667;;;;
2892;;;;;;;;NMEA message parser not found for RMB.
2893;;;;;;;;Failed to parse: GGA.. Meters expected in GGA message.
2894;GSA;;;;;;;
2895;GSV;;;;;;;
2896;GSV;;;;;;;
2897;;;;;;;;NMEA message parser not found for GRM.
2898;RMC;12/26/2016 9:47:57 PM;49.2094379;16.5986981;;;;
2899;;;;;;;;NMEA message parser not found for RMB.
2900;;;;;;;;Failed to parse: GGA.. Meters expected in GGA message.
2901;GSA;;;;;;;
2902;GSV;;;;;;;
2903;GSV;;;;;;;
2904;;;;;;;;NMEA message parser not found for GRM.
2905;RMC;12/26/2016 9:47:58 PM;49.2094394833333;16.5987079833333;;;;
2906;;;;;;;;NMEA message parser not found for RMB.
2907;;;;;;;;Failed to parse: GGA.. Meters expected in GGA message.
2908;GSA;;;;;;;
2909;GSV;;;;;;;
2910;GSV;;;;;;;
2911;;;;;;;;NMEA message parser not found for GRM.
2912;RMC;12/26/2016 9:47:59 PM;49.20944105;16.5987178666667;;;;
2913;;;;;;;;NMEA message parser not found for RMB.
2914;;;;;;;;Failed to parse: GGA.. Meters expected in GGA message.
2915;GSA;;;;;;;
2916;GSV;;;;;;;
2917;GSV;;;;;;;
2918;;;;;;;;NMEA message parser not found for GRM.
2919;RMC;12/26/2016 9:48:00 PM;49.2094426166667;16.59872775;;;;
2920;;;;;;;;NMEA message parser not found for RMB.
2921;;;;;;;;Failed to parse: GGA.. Meters expected in GGA message.
2922;GSA;;;;;;;
2923;GSV;;;;;;;
2924;GSV;;;;;;;
2925;;;;;;;;NMEA message parser not found for GRM.
2926;RMC;12/26/2016 9:48:01 PM;49.2094442;16.59873765;;;;
2927;;;;;;;;NMEA message parser not found for RMB.
2928;;;;;;;;Failed to parse: GGA.. Meters expected in GGA message.
2929;GSA;;;;;;;
2930;GSV;;;;;;;
2931;GSV;;;;;;;
2932;;;;;;;;NMEA message parser not found for GRM.
2933;RMC;12/26/2016 9:48:02 PM;49.2094457666667;16.5987475333333;;;;
2934;;;;;;;;NMEA message parser not found for RMB.
2935;;;;;;;;Failed to parse: GGA.. Meters expected in GGA message.
2936;GSA;;;;;;;
2937;GSV;;;;;;;
2938;GSV;;;;;;;
2939;;;;;;;;NMEA message parser not found for GRM.
2940;RMC;12/26/2016 9:48:03 PM;49.2094483333333;16.5987572;;;;
2941;;;;;;;;NMEA message parser not found for RMB.
2942;;;;;;;;Failed to parse: GGA.. Meters expected in GGA message.
2943;GSA;;;;;;;
2944;GSV;;;;;;;
2945;GSV;;;;;;;
2946;;;;;;;;NMEA message parser not found for GRM.
2947;RMC;12/26/2016 9:48:04 PM;49.2094510666667;16.5987668166667;;;;
2948;;;;;;;;NMEA message parser not found for RMB.
2949;;;;;;;;Failed to parse: GGA.. Meters expected in GGA message.
2950;GSA;;;;;;;
2951;GSV;;;;;;;
2952;GSV;;;;;;;
2953;;;;;;;;NMEA message parser not found for GRM.
2954;RMC;12/26/2016 9:48:05 PM;49.2094538166667;16.59877645;;;;
2955;;;;;;;;NMEA message parser not found for RMB.
2956;;;;;;;;Failed to parse: GGA.. Meters expected in GGA message.
2957;GSA;;;;;;;
2958;GSV;;;;;;;
2959;GSV;;;;;;;
2960;;;;;;;;NMEA message parser not found for GRM.
2961;RMC;12/26/2016 9:48:06 PM;49.20945655;16.5987860833333;;;;
2962;;;;;;;;NMEA message parser not found for RMB.
2963;;;;;;;;Failed to parse: GGA.. Meters expected in GGA message.
2964;GSA;;;;;;;
2965;GSV;;;;;;;
2966;GSV;;;;;;;
2967;;;;;;;;NMEA message parser not found for GRM.
2968;RMC;12/26/2016 9:48:07 PM;49.2094592833333;16.5987957;;;;
2969;;;;;;;;NMEA message parser not found for RMB.
2970;;;;;;;;Failed to parse: GGA.. Meters expected in GGA message.
2971;GSA;;;;;;;
2972;GSV;;;;;;;
2973;GSV;;;;;;;
2974;;;;;;;;NMEA message parser not found for GRM.
2975;RMC;12/26/2016 9:48:08 PM;49.2094620333333;16.5988053333333;;;;
2976;;;;;;;;NMEA message parser not found for RMB.
2977;;;;;;;;Failed to parse: GGA.. Meters expected in GGA message.
2978;GSA;;;;;;;
2979;GSV;;;;;;;
2980;GSV;;;;;;;
2981;;;;;;;;NMEA message parser not found for GRM.
2982;RMC;12/26/2016 9:48:09 PM;49.2094647666667;16.5988149666667;;;;
2983;;;;;;;;NMEA message parser not found for RMB.
2984;;;;;;;;Failed to parse: GGA.. Meters expected in GGA message.
2985;GSA;;;;;;;
2986;GSV;;;;;;;
2987;GSV;;;;;;;
2988;;;;;;;;NMEA message parser not found for GRM.
2989;RMC;12/26/2016 9:48:10 PM;49.2094675166667;16.5988245833333;;;;
2990;;;;;;;;NMEA message parser not found for RMB.
2991;;;;;;;;Failed to parse: GGA.. Meters expected in GGA message.
2992;GSA;;;;;;;
2993;GSV;;;;;;;
2994;GSV;;;;;;;
2995;;;;;;;;NMEA message parser not found for GRM.
2996;RMC;12/26/2016 9:48:11 PM;49.20947025;16.5988342166667;;;;
2997;;;;;;;;NMEA message parser not found for RMB.
2998;;;;;;;;Failed to parse: GGA.. Meters expected in GGA message.
2999;GSA;;;;;;;
3000;GSV;;;;;;;
3001;GSV;;;;;;;
3002;;;;;;;;NMEA message parser not found for GRM.
3003;RMC;12/26/2016 9:48:12 PM;49.2094729833333;16.59884385;;;;
3004;;;;;;;;NMEA message parser not found for RMB.
3005;;;;;;;;Failed to parse: GGA.. Meters expected in GGA message.
3006;GSA;;;;;;;
3007;GSV;;;;;;;
3008;GSV;;;;;;;
3009;;;;;;;;NMEA message parser not found for GRM.
3010;RMC;12/26/2016 9:48:13 PM;49.2094757333333;16.5988534666667;;;;
3011;;;;;;;;NMEA message parser not found for RMB.
3012;;;;;;;;Failed to parse: GGA.. Meters expected in GGA message.
3013;GSA;;;;;;;
3014;GSV;;;;;;;
3015;GSV;;;;;;;
3016;;;;;;;;NMEA message parser not found for GRM.
3017;RMC;12/26/2016 9:48:14 PM;49.2094784666667;16.5988631;;;;
3018;;;;;;;;NMEA message parser not found for RMB.
3019;;;;;;;;Failed to parse: GGA.. Meters expected in GGA message.
3020;GSA;;;;;;;
3021;GSV;;;;;;;
3022;GSV;;;;;;;
3023;;;;;;;;NMEA message parser not found for GRM.
3024;RMC;12/26/2016 9:48:15 PM;49.2094812166667;16.5988727333333;;;;
3025;;;;;;;;NMEA message parser not found for RMB.
3026;;;;;;;;Failed to parse: GGA.. Meters expected in GGA message.
3027;GSA;;;;;;;
3028;GSV;;;;;;;
3029;GSV;;;;;;;
3030;;;;;;;;NMEA message parser not found for GRM.
3031;RMC;12/26/2016 9:48:16 PM;49.20948395;16.59888235;;;;
3032;;;;;;;;NMEA message parser not found for RMB.
3033;;;;;;;;Failed to parse: GGA.. Meters expected in GGA message.
3034;GSA;;;;;;;
3035;GSV;;;;;;;
3036;GSV;;;;;;;
3037;;;;;;;;NMEA message parser not found for GRM.
3038;RMC;12/26/2016 9:48:17 PM;49.2094866833333;16.5988919833333;;;;
3039;;;;;;;;NMEA message parser not found for RMB.
3040;;;;;;;;Failed to parse: GGA.. Meters expected in GGA message.
3041;GSA;;;;;;;
3042;GSV;;;;;;;
3043;GSV;;;;;;;
3044;;;;;;;;NMEA message parser not found for GRM.
3045;RMC;12/26/2016 9:48:18 PM;49.2094894333333;16.5989016166667;;;;
3046;;;;;;;;NMEA message parser not found for RMB.
3047;;;;;;;;Failed to parse: GGA.. Meters expected in GGA message.
3048;GSA;;;;;;;
3049;GSV;;;;;;;
3050;GSV;;;;;;;
3051;;;;;;;;NMEA message parser not found for GRM.
3052;RMC;12/26/2016 9:48:19 PM;49.2094921666667;16.5989112333333;;;;
3053;;;;;;;;NMEA message parser not found for RMB.
3054;;;;;;;;Failed to parse: GGA.. Meters expected in GGA message.
3055;GSA;;;;;;;
3056;GSV;;;;;;;
3057;GSV;;;;;;;
3058;;;;;;;;NMEA message parser not found for GRM.
3059;RMC;12/26/2016 9:48:20 PM;49.2094949;16.5989208666667;;;;
3060;;;;;;;;NMEA message parser not found for RMB.
3061;;;;;;;;Failed to parse: GGA.. Meters expected in GGA message.
3062;GSA;;;;;;;
3063;GSV;;;;;;;
3064;GSV;;;;;;;
3065;;;;;;;;NMEA message parser not found for GRM.
3066;RMC;12/26/2016 9:48:21 PM;49.20949765;16.5989305;;;;
3067;;;;;;;;NMEA message parser not found for RMB.
3068;;;;;;;;Failed to parse: GGA.. Meters expected in GGA message.
3069;GSA;;;;;;;
3070;GSV;;;;;;;
3071;GSV;;;;;;;
3072;;;;;;;;NMEA message parser not found for GRM.
3073;RMC;12/26/2016 9:48:22 PM;49.2095003833333;16.5989401166667;;;;
3074;;;;;;;;NMEA message parser not found for RMB.
3075;;;;;;;;Failed to parse: GGA.. Meters expected in GGA message.
3076;GSA;;;;;;;
3077;GSV;;;;;;;
3078;GSV;;;;;;;
3079;;;;;;;;NMEA message parser not found for GRM.
3080;RMC;12/26/2016 9:48:23 PM;49.2095031333333;16.59894975;;;;
3081;;;;;;;;NMEA message parser not found for RMB.
3082;;;;;;;;Failed to parse: GGA.. Meters expected in GGA message.
3083;GSA;;;;;;;
3084;GSV;;;;;;;
3085;GSV;;;;;;;
3086;;;;;;;;NMEA message parser not found for GRM.
3087;RMC;12/26/2016 9:48:24 PM;49.2095058666667;16.5989593833333;;;;
3088;;;;;;;;NMEA message parser not found for RMB.
3089;;;;;;;;Failed to parse: GGA.. Meters expected in GGA message.
3090;GSA;;;;;;;
3091;GSV;;;;;;;
3092;GSV;;;;;;;
3093;;;;;;;;NMEA message parser not found for GRM.
3094;RMC;12/26/2016 9:48:25 PM;49.2095086;16.598969;;;;
3095;;;;;;;;NMEA message parser not found for RMB.
3096;;;;;;;;Failed to parse: GGA.. Meters expected in GGA message.
3097;GSA;;;;;;;
3098;GSV;;;;;;;
3099;GSV;;;;;;;
3100;;;;;;;;NMEA message parser not found for GRM.
3101;RMC;12/26/2016 9:48:26 PM;49.20951135;16.5989786333333;;;;
3102;;;;;;;;NMEA message parser not found for RMB.
3103;;;;;;;;Failed to parse: GGA.. Meters expected in GGA message.
3104;GSA;;;;;;;
3105;GSV;;;;;;;
3106;GSV;;;;;;;
3107;;;;;;;;NMEA message parser not found for GRM.
3108;RMC;12/26/2016 9:48:27 PM;49.2095140833333;16.5989882666667;;;;
3109;;;;;;;;NMEA message parser not found for RMB.
3110;;;;;;;;Failed to parse: GGA.. Meters expected in GGA message.
3111;GSA;;;;;;;
3112;GSV;;;;;;;
3113;GSV;;;;;;;
3114;;;;;;;;NMEA message parser not found for GRM.
3115;RMC;12/26/2016 9:48:28 PM;49.2095168333333;16.5989978833333;;;;
3116;;;;;;;;NMEA message parser not found for RMB.
3117;;;;;;;;Failed to parse: GGA.. Meters expected in GGA message.
3118;GSA;;;;;;;
3119;GSV;;;;;;;
3120;GSV;;;;;;;
3121;;;;;;;;NMEA message parser not found for GRM.
3122;RMC;12/26/2016 9:48:29 PM;49.2095195666667;16.5990075166667;;;;
3123;;;;;;;;NMEA message parser not found for RMB.
3124;;;;;;;;Failed to parse: GGA.. Meters expected in GGA message.
3125;GSA;;;;;;;
3126;GSV;;;;;;;
3127;GSV;;;;;;;
3128;;;;;;;;NMEA message parser not found for GRM.
3129;RMC;12/26/2016 9:48:30 PM;49.2095223;16.59901715;;;;
3130;;;;;;;;NMEA message parser not found for RMB.
3131;;;;;;;;Failed to parse: GGA.. Meters expected in GGA message.
3132;GSA;;;;;;;
3133;GSV;;;;;;;
3134;GSV;;;;;;;
3135;;;;;;;;NMEA message parser not found for GRM.
3136;RMC;12/26/2016 9:48:31 PM;49.20952505;16.5990267666667;;;;
3137;;;;;;;;NMEA message parser not found for RMB.
3138;;;;;;;;Failed to parse: GGA.. Meters expected in GGA message.
3139;GSA;;;;;;;
3140;GSV;;;;;;;
3141;GSV;;;;;;;
3142;;;;;;;;NMEA message parser not found for GRM.
3143;RMC;12/26/2016 9:48:32 PM;49.2095277833333;16.5990364;;;;
3144;;;;;;;;NMEA message parser not found for RMB.
3145;;;;;;;;Failed to parse: GGA.. Meters expected in GGA message.
3146;GSA;;;;;;;
3147;GSV;;;;;;;
3148;GSV;;;;;;;
3149;;;;;;;;NMEA message parser not found for GRM.
3150;RMC;12/26/2016 9:48:33 PM;49.2095305333333;16.5990460333333;;;;
3151;;;;;;;;NMEA message parser not found for RMB.
3152;;;;;;;;Failed to parse: GGA.. Meters expected in GGA message.
3153;GSA;;;;;;;
3154;GSV;;;;;;;
3155;GSV;;;;;;;
3156;;;;;;;;NMEA message parser not found for GRM.
3157;RMC;12/26/2016 9:48:34 PM;49.2095332666667;16.59905565;;;;
3158;;;;;;;;NMEA message parser not found for RMB.
3159;;;;;;;;Failed to parse: GGA.. Meters expected in GGA message.
3160;GSA;;;;;;;
3161;GSV;;;;;;;
3162;GSV;;;;;;;
3163;;;;;;;;NMEA message parser not found for GRM.
3164;RMC;12/26/2016 9:48:35 PM;49.209536;16.5990652833333;;;;
3165;;;;;;;;NMEA message parser not found for RMB.
3166;;;;;;;;Failed to parse: GGA.. Meters expected in GGA message.
3167;GSA;;;;;;;
3168;GSV;;;;;;;
3169;GSV;;;;;;;
3170;;;;;;;;NMEA message parser not found for GRM.
3171;RMC;12/26/2016 9:48:36 PM;49.20953875;16.5990749166667;;;;
3172;;;;;;;;NMEA message parser not found for RMB.
3173;;;;;;;;Failed to parse: GGA.. Meters expected in GGA message.
3174;GSA;;;;;;;
3175;GSV;;;;;;;
3176;GSV;;;;;;;
3177;;;;;;;;NMEA message parser not found for GRM.
3178;RMC;12/26/2016 9:48:37 PM;49.2095414833333;16.5990845333333;;;;
3179;;;;;;;;NMEA message parser not found for RMB.
3180;;;;;;;;Failed to parse: GGA.. Meters expected in GGA message.
3181;GSA;;;;;;;
3182;GSV;;;;;;;
3183;GSV;;;;;;;
3184;;;;;;;;NMEA message parser not found for GRM.
3185;RMC;12/26/2016 9:48:38 PM;49.2095442166667;16.5990941666667;;;;
3186;;;;;;;;NMEA message parser not found for RMB.
3187;;;;;;;;Failed to parse: GGA.. Meters expected in GGA message.
3188;GSA;;;;;;;
3189;GSV;;;;;;;
3190;GSV;;;;;;;
3191;;;;;;;;NMEA message parser not found for GRM.
3192;RMC;12/26/2016 9:48:39 PM;49.2095469666667;16.5991038;;;;
3193;;;;;;;;NMEA message parser not found for RMB.
3194;;;;;;;;Failed to parse: GGA.. Meters expected in GGA message.
3195;GSA;;;;;;;
3196;GSV;;;;;;;
3197;GSV;;;;;;;
3198;;;;;;;;NMEA message parser not found for GRM.
3199;RMC;12/26/2016 9:48:40 PM;49.2095497;16.5991134166667;;;;
3200;;;;;;;;NMEA message parser not found for RMB.
3201;;;;;;;;Failed to parse: GGA.. Meters expected in GGA message.
3202;GSA;;;;;;;
3203;GSV;;;;;;;
3204;GSV;;;;;;;
3205;;;;;;;;NMEA message parser not found for GRM.
3206;RMC;12/26/2016 9:48:41 PM;49.20955245;16.59912305;;;;
3207;;;;;;;;NMEA message parser not found for RMB.
3208;;;;;;;;Failed to parse: GGA.. Meters expected in GGA message.
3209;GSA;;;;;;;
3210;GSV;;;;;;;
3211;GSV;;;;;;;
3212;;;;;;;;NMEA message parser not found for GRM.
3213;RMC;12/26/2016 9:48:42 PM;49.2095551833333;16.5991326833333;;;;
3214;;;;;;;;NMEA message parser not found for RMB.
3215;;;;;;;;Failed to parse: GGA.. Meters expected in GGA message.
3216;GSA;;;;;;;
3217;GSV;;;;;;;
3218;GSV;;;;;;;
3219;;;;;;;;NMEA message parser not found for GRM.
3220;RMC;12/26/2016 9:48:43 PM;49.2095579166667;16.5991423;;;;
3221;;;;;;;;NMEA message parser not found for RMB.
3222;;;;;;;;Failed to parse: GGA.. Meters expected in GGA message.
3223;GSA;;;;;;;
3224;GSV;;;;;;;
3225;GSV;;;;;;;
3226;;;;;;;;NMEA message parser not found for GRM.
3227;RMC;12/26/2016 9:48:44 PM;49.2095606666667;16.5991519333333;;;;
3228;;;;;;;;NMEA message parser not found for RMB.
3229;;;;;;;;Failed to parse: GGA.. Meters expected in GGA message.
3230;GSA;;;;;;;
3231;GSV;;;;;;;
3232;GSV;;;;;;;
3233;;;;;;;;NMEA message parser not found for GRM.
3234;RMC;12/26/2016 9:48:45 PM;49.2095634;16.5991615666667;;;;
3235;;;;;;;;NMEA message parser not found for RMB.
3236;;;;;;;;Failed to parse: GGA.. Meters expected in GGA message.
3237;GSA;;;;;;;
3238;GSV;;;;;;;
3239;GSV;;;;;;;
3240;;;;;;;;NMEA message parser not found for GRM.
3241;RMC;12/26/2016 9:48:46 PM;49.20956615;16.5991711833333;;;;
3242;;;;;;;;NMEA message parser not found for RMB.
3243;;;;;;;;Failed to parse: GGA.. Meters expected in GGA message.
3244;GSA;;;;;;;
3245;GSV;;;;;;;
3246;GSV;;;;;;;
3247;;;;;;;;NMEA message parser not found for GRM.
3248;RMC;12/26/2016 9:48:47 PM;49.2095688833333;16.5991808166667;;;;
3249;;;;;;;;NMEA message parser not found for RMB.
3250;;;;;;;;Failed to parse: GGA.. Meters expected in GGA message.
3251;GSA;;;;;;;
3252;GSV;;;;;;;
3253;GSV;;;;;;;
3254;;;;;;;;NMEA message parser not found for GRM.
3255;RMC;12/26/2016 9:48:48 PM;49.2095716166667;16.59919045;;;;
3256;;;;;;;;NMEA message parser not found for RMB.
3257;;;;;;;;Failed to parse: GGA.. Meters expected in GGA message.
3258;GSA;;;;;;;
3259;GSV;;;;;;;
3260;GSV;;;;;;;
3261;;;;;;;;NMEA message parser not found for GRM.
3262;RMC;12/26/2016 9:48:49 PM;49.2095743666667;16.5992000666667;;;;
3263;;;;;;;;NMEA message parser not found for RMB.
3264;;;;;;;;Failed to parse: GGA.. Meters expected in GGA message.
3265;GSA;;;;;;;
3266;GSV;;;;;;;
3267;GSV;;;;;;;
3268;;;;;;;;NMEA message parser not found for GRM.
3269;RMC;12/26/2016 9:48:50 PM;49.2095771;16.5992097;;;;
3270;;;;;;;;NMEA message parser not found for RMB.
3271;;;;;;;;Failed to parse: GGA.. Meters expected in GGA message.
3272;GSA;;;;;;;
3273;GSV;;;;;;;
3274;GSV;;;;;;;
3275;;;;;;;;NMEA message parser not found for GRM.
3276;RMC;12/26/2016 9:48:51 PM;49.2095798333333;16.5992193333333;;;;
3277;;;;;;;;NMEA message parser not found for RMB.
3278;;;;;;;;Failed to parse: GGA.. Meters expected in GGA message.
3279;GSA;;;;;;;
3280;GSV;;;;;;;
3281;GSV;;;;;;;
3282;;;;;;;;NMEA message parser not found for GRM.
3283;RMC;12/26/2016 9:48:52 PM;49.2095825833333;16.59922895;;;;
3284;;;;;;;;NMEA message parser not found for RMB.
3285;;;;;;;;Failed to parse: GGA.. Meters expected in GGA message.
3286;GSA;;;;;;;
3287;GSV;;;;;;;
3288;GSV;;;;;;;
3289;;;;;;;;NMEA message parser not found for GRM.
3290;RMC;12/26/2016 9:48:53 PM;49.2095853166667;16.5992385833333;;;;
3291;;;;;;;;NMEA message parser not found for RMB.
3292;;;;;;;;Failed to parse: GGA.. Meters expected in GGA message.
3293;GSA;;;;;;;
3294;GSV;;;;;;;
3295;GSV;;;;;;;
3296;;;;;;;;NMEA message parser not found for GRM.
3297;RMC;12/26/2016 9:48:54 PM;49.20958805;16.5992482166667;;;;
3298;;;;;;;;NMEA message parser not found for RMB.
3299;;;;;;;;Failed to parse: GGA.. Meters expected in GGA message.
3300;GSA;;;;;;;
3301;GSV;;;;;;;
3302;GSV;;;;;;;
3303;;;;;;;;NMEA message parser not found for GRM.
3304;RMC;12/26/2016 9:48:55 PM;49.2095904833333;16.5992579166667;;;;
3305;;;;;;;;NMEA message parser not found for RMB.
3306;;;;;;;;Failed to parse: GGA.. Meters expected in GGA message.
3307;GSA;;;;;;;
3308;GSV;;;;;;;
3309;GSV;;;;;;;
3310;;;;;;;;NMEA message parser not found for GRM.
3311;RMC;12/26/2016 9:48:56 PM;49.2095929333333;16.5992676333333;;;;
3312;;;;;;;;NMEA message parser not found for RMB.
3313;;;;;;;;Failed to parse: GGA.. Meters expected in GGA message.
3314;GSA;;;;;;;
3315;GSV;;;;;;;
3316;GSV;;;;;;;
3317;;;;;;;;NMEA message parser not found for GRM.
3318;RMC;12/26/2016 9:48:57 PM;49.2095953666667;16.5992773333333;;;;
3319;;;;;;;;NMEA message parser not found for RMB.
3320;;;;;;;;Failed to parse: GGA.. Meters expected in GGA message.
3321;GSA;;;;;;;
3322;GSV;;;;;;;
3323;GSV;;;;;;;
3324;;;;;;;;NMEA message parser not found for GRM.
3325;RMC;12/26/2016 9:48:58 PM;49.2095978;16.59928705;;;;
3326;;;;;;;;NMEA message parser not found for RMB.
3327;;;;;;;;Failed to parse: GGA.. Meters expected in GGA message.
3328;GSA;;;;;;;
3329;GSV;;;;;;;
3330;GSV;;;;;;;
3331;;;;;;;;NMEA message parser not found for GRM.
3332;RMC;12/26/2016 9:48:59 PM;49.2096002333333;16.5992967666667;;;;
3333;;;;;;;;NMEA message parser not found for RMB.
3334;;;;;;;;Failed to parse: GGA.. Meters expected in GGA message.
3335;GSA;;;;;;;
3336;GSV;;;;;;;
3337;GSV;;;;;;;
3338;;;;;;;;NMEA message parser not found for GRM.
3339;RMC;12/26/2016 9:49:00 PM;49.2096026666667;16.5993064666667;;;;
3340;;;;;;;;NMEA message parser not found for RMB.
3341;;;;;;;;Failed to parse: GGA.. Meters expected in GGA message.
3342;GSA;;;;;;;
3343;GSV;;;;;;;
3344;GSV;;;;;;;
3345;;;;;;;;NMEA message parser not found for GRM.
3346;RMC;12/26/2016 9:49:01 PM;49.2096051;16.5993161833333;;;;
3347;;;;;;;;NMEA message parser not found for RMB.
3348;;;;;;;;Failed to parse: GGA.. Meters expected in GGA message.
3349;GSA;;;;;;;
3350;GSV;;;;;;;
3351;GSV;;;;;;;
3352;;;;;;;;NMEA message parser not found for GRM.
3353;RMC;12/26/2016 9:49:02 PM;49.2096075333333;16.5993258833333;;;;
3354;;;;;;;;NMEA message parser not found for RMB.
3355;;;;;;;;Failed to parse: GGA.. Meters expected in GGA message.
3356;GSA;;;;;;;
3357;GSV;;;;;;;
3358;GSV;;;;;;;
3359;;;;;;;;NMEA message parser not found for GRM.
3360;RMC;12/26/2016 9:49:03 PM;49.2096099833333;16.5993356;;;;
3361;;;;;;;;NMEA message parser not found for RMB.
3362;;;;;;;;Failed to parse: GGA.. Meters expected in GGA message.
3363;GSA;;;;;;;
3364;GSV;;;;;;;
3365;GSV;;;;;;;
3366;;;;;;;;NMEA message parser not found for GRM.
3367;RMC;12/26/2016 9:49:04 PM;49.2096124166667;16.5993453;;;;
3368;;;;;;;;NMEA message parser not found for RMB.
3369;;;;;;;;Failed to parse: GGA.. Meters expected in GGA message.
3370;GSA;;;;;;;
3371;GSV;;;;;;;
3372;GSV;;;;;;;
3373;;;;;;;;NMEA message parser not found for GRM.
3374;RMC;12/26/2016 9:49:05 PM;49.20961485;16.5993550166667;;;;
3375;;;;;;;;NMEA message parser not found for RMB.
3376;;;;;;;;Failed to parse: GGA.. Meters expected in GGA message.
3377;GSA;;;;;;;
3378;GSV;;;;;;;
3379;GSV;;;;;;;
3380;;;;;;;;NMEA message parser not found for GRM.
3381;RMC;12/26/2016 9:49:06 PM;49.2096172833333;16.5993647166667;;;;
3382;;;;;;;;NMEA message parser not found for RMB.
3383;;;;;;;;Failed to parse: GGA.. Meters expected in GGA message.
3384;GSA;;;;;;;
3385;GSV;;;;;;;
3386;GSV;;;;;;;
3387;;;;;;;;NMEA message parser not found for GRM.
3388;RMC;12/26/2016 9:49:07 PM;49.2096197166667;16.5993744333333;;;;
3389;;;;;;;;NMEA message parser not found for RMB.
3390;;;;;;;;Failed to parse: GGA.. Meters expected in GGA message.
3391;GSA;;;;;;;
3392;GSV;;;;;;;
3393;GSV;;;;;;;
3394;;;;;;;;NMEA message parser not found for GRM.
3395;RMC;12/26/2016 9:49:08 PM;49.20962215;16.5993841333333;;;;
3396;;;;;;;;NMEA message parser not found for RMB.
3397;;;;;;;;Failed to parse: GGA.. Meters expected in GGA message.
3398;GSA;;;;;;;
3399;GSV;;;;;;;
3400;GSV;;;;;;;
3401;;;;;;;;NMEA message parser not found for GRM.
3402;RMC;12/26/2016 9:49:09 PM;49.2096246;16.59939385;;;;
3403;;;;;;;;NMEA message parser not found for RMB.
3404;;;;;;;;Failed to parse: GGA.. Meters expected in GGA message.
3405;GSA;;;;;;;
3406;GSV;;;;;;;
3407;GSV;;;;;;;
3408;;;;;;;;NMEA message parser not found for GRM.
3409;RMC;12/26/2016 9:49:10 PM;49.2096270333333;16.5994035666667;;;;
3410;;;;;;;;NMEA message parser not found for RMB.
3411;;;;;;;;Failed to parse: GGA.. Meters expected in GGA message.
3412;GSA;;;;;;;
3413;GSV;;;;;;;
3414;GSV;;;;;;;
3415;;;;;;;;NMEA message parser not found for GRM.
3416;RMC;12/26/2016 9:49:11 PM;49.2096294666667;16.5994132666667;;;;
3417;;;;;;;;NMEA message parser not found for RMB.
3418;;;;;;;;Failed to parse: GGA.. Meters expected in GGA message.
3419;GSA;;;;;;;
3420;GSV;;;;;;;
3421;GSV;;;;;;;
3422;;;;;;;;NMEA message parser not found for GRM.
3423;RMC;12/26/2016 9:49:12 PM;49.2096319;16.5994229833333;;;;
3424;;;;;;;;NMEA message parser not found for RMB.
3425;;;;;;;;Failed to parse: GGA.. Meters expected in GGA message.
3426;GSA;;;;;;;
3427;GSV;;;;;;;
3428;GSV;;;;;;;
3429;;;;;;;;NMEA message parser not found for GRM.
3430;RMC;12/26/2016 9:49:13 PM;49.2096343333333;16.5994326833333;;;;
3431;;;;;;;;NMEA message parser not found for RMB.
3432;;;;;;;;Failed to parse: GGA.. Meters expected in GGA message.
3433;GSA;;;;;;;
3434;GSV;;;;;;;
3435;GSV;;;;;;;
3436;;;;;;;;NMEA message parser not found for GRM.
3437;RMC;12/26/2016 9:49:14 PM;49.2096367666667;16.5994424;;;;
3438;;;;;;;;NMEA message parser not found for RMB.
3439;;;;;;;;Failed to parse: GGA.. Meters expected in GGA message.
3440;GSA;;;;;;;
3441;GSV;;;;;;;
3442;GSV;;;;;;;
3443;;;;;;;;NMEA message parser not found for GRM.
3444;RMC;12/26/2016 9:49:15 PM;49.2096392166667;16.5994521;;;;
3445;;;;;;;;NMEA message parser not found for RMB.
3446;;;;;;;;Failed to parse: GGA.. Meters expected in GGA message.
3447;GSA;;;;;;;
3448;GSV;;;;;;;
3449;GSV;;;;;;;
3450;;;;;;;;NMEA message parser not found for GRM.
3451;RMC;12/26/2016 9:49:16 PM;49.20964165;16.5994618166667;;;;
3452;;;;;;;;NMEA message parser not found for RMB.
3453;;;;;;;;Failed to parse: GGA.. Meters expected in GGA message.
3454;GSA;;;;;;;
3455;GSV;;;;;;;
3456;GSV;;;;;;;
3457;;;;;;;;NMEA message parser not found for GRM.
3458;RMC;12/26/2016 9:49:17 PM;49.2096440833333;16.5994715166667;;;;
3459;;;;;;;;NMEA message parser not found for RMB.
3460;;;;;;;;Failed to parse: GGA.. Meters expected in GGA message.
3461;GSA;;;;;;;
3462;GSV;;;;;;;
3463;GSV;;;;;;;
3464;;;;;;;;NMEA message parser not found for GRM.
3465;RMC;12/26/2016 9:49:18 PM;49.2096465166667;16.5994812333333;;;;
3466;;;;;;;;NMEA message parser not found for RMB.
3467;;;;;;;;Failed to parse: GGA.. Meters expected in GGA message.
3468;GSA;;;;;;;
3469;GSV;;;;;;;
3470;GSV;;;;;;;
3471;;;;;;;;NMEA message parser not found for GRM.
3472;RMC;12/26/2016 9:49:19 PM;49.20964895;16.5994909333333;;;;
3473;;;;;;;;NMEA message parser not found for RMB.
3474;;;;;;;;Failed to parse: GGA.. Meters expected in GGA message.
3475;GSA;;;;;;;
3476;GSV;;;;;;;
3477;GSV;;;;;;;
3478;;;;;;;;NMEA message parser not found for GRM.
3479;RMC;12/26/2016 9:49:20 PM;49.2096513833333;16.59950065;;;;
3480;;;;;;;;NMEA message parser not found for RMB.
3481;;;;;;;;Failed to parse: GGA.. Meters expected in GGA message.
3482;GSA;;;;;;;
3483;GSV;;;;;;;
3484;GSV;;;;;;;
3485;;;;;;;;NMEA message parser not found for GRM.
3486;RMC;12/26/2016 9:49:21 PM;49.2096538166667;16.5995103666667;;;;
3487;;;;;;;;NMEA message parser not found for RMB.
3488;;;;;;;;Failed to parse: GGA.. Meters expected in GGA message.
3489;GSA;;;;;;;
3490;GSV;;;;;;;
3491;GSV;;;;;;;
3492;;;;;;;;NMEA message parser not found for GRM.
3493;RMC;12/26/2016 9:49:22 PM;49.2096562666667;16.5995200666667;;;;
3494;;;;;;;;NMEA message parser not found for RMB.
3495;;;;;;;;Failed to parse: GGA.. Meters expected in GGA message.
3496;GSA;;;;;;;
3497;GSV;;;;;;;
3498;GSV;;;;;;;
3499;;;;;;;;NMEA message parser not found for GRM.
3500;RMC;12/26/2016 9:49:23 PM;49.2096587;16.5995297833333;;;;
3501;;;;;;;;NMEA message parser not found for RMB.
3502;;;;;;;;Failed to parse: GGA.. Meters expected in GGA message.
3503;GSA;;;;;;;
3504;GSV;;;;;;;
3505;GSV;;;;;;;
3506;;;;;;;;NMEA message parser not found for GRM.
3507;RMC;12/26/2016 9:49:24 PM;49.2096611333333;16.5995394833333;;;;
3508;;;;;;;;NMEA message parser not found for RMB.
3509;;;;;;;;Failed to parse: GGA.. Meters expected in GGA message.
3510;GSA;;;;;;;
3511;GSV;;;;;;;
3512;GSV;;;;;;;
3513;;;;;;;;NMEA message parser not found for GRM.
3514;RMC;12/26/2016 9:49:25 PM;49.2096635666667;16.5995492;;;;
3515;;;;;;;;NMEA message parser not found for RMB.
3516;;;;;;;;Failed to parse: GGA.. Meters expected in GGA message.
3517;GSA;;;;;;;
3518;GSV;;;;;;;
3519;GSV;;;;;;;
3520;;;;;;;;NMEA message parser not found for GRM.
3521;RMC;12/26/2016 9:49:26 PM;49.209666;16.5995589;;;;
3522;;;;;;;;NMEA message parser not found for RMB.
3523;;;;;;;;Failed to parse: GGA.. Meters expected in GGA message.
3524;GSA;;;;;;;
3525;GSV;;;;;;;
3526;GSV;;;;;;;
3527;;;;;;;;NMEA message parser not found for GRM.
3528;RMC;12/26/2016 9:49:27 PM;49.2096684333333;16.5995686166667;;;;
3529;;;;;;;;NMEA message parser not found for RMB.
3530;;;;;;;;Failed to parse: GGA.. Meters expected in GGA message.
3531;GSA;;;;;;;
3532;GSV;;;;;;;
3533;GSV;;;;;;;
3534;;;;;;;;NMEA message parser not found for GRM.
3535;RMC;12/26/2016 9:49:28 PM;49.2096708833333;16.5995783166667;;;;
3536;;;;;;;;NMEA message parser not found for RMB.
3537;;;;;;;;Failed to parse: GGA.. Meters expected in GGA message.
3538;GSA;;;;;;;
3539;GSV;;;;;;;
3540;GSV;;;;;;;
3541;;;;;;;;NMEA message parser not found for GRM.
3542;RMC;12/26/2016 9:49:29 PM;49.2096733166667;16.5995880333333;;;;
3543;;;;;;;;NMEA message parser not found for RMB.
3544;;;;;;;;Failed to parse: GGA.. Meters expected in GGA message.
3545;GSA;;;;;;;
3546;GSV;;;;;;;
3547;GSV;;;;;;;
3548;;;;;;;;NMEA message parser not found for GRM.
3549;RMC;12/26/2016 9:49:30 PM;49.20967575;16.5995977333333;;;;
3550;;;;;;;;NMEA message parser not found for RMB.
3551;;;;;;;;Failed to parse: GGA.. Meters expected in GGA message.
3552;GSA;;;;;;;
3553;GSV;;;;;;;
3554;GSV;;;;;;;
3555;;;;;;;;NMEA message parser not found for GRM.
3556;RMC;12/26/2016 9:49:31 PM;49.2096781833333;16.59960745;;;;
3557;;;;;;;;NMEA message parser not found for RMB.
3558;;;;;;;;Failed to parse: GGA.. Meters expected in GGA message.
3559;GSA;;;;;;;
3560;GSV;;;;;;;
3561;GSV;;;;;;;
3562;;;;;;;;NMEA message parser not found for GRM.
3563;RMC;12/26/2016 9:49:32 PM;49.2096806166667;16.5996171666667;;;;
3564;;;;;;;;NMEA message parser not found for RMB.
3565;;;;;;;;Failed to parse: GGA.. Meters expected in GGA message.
3566;GSA;;;;;;;
3567;GSV;;;;;;;
3568;GSV;;;;;;;
3569;;;;;;;;NMEA message parser not found for GRM.
3570;RMC;12/26/2016 9:49:33 PM;49.20968305;16.5996268666667;;;;
3571;;;;;;;;NMEA message parser not found for RMB.
3572;;;;;;;;Failed to parse: GGA.. Meters expected in GGA message.
3573;GSA;;;;;;;
3574;GSV;;;;;;;
3575;GSV;;;;;;;
3576;;;;;;;;NMEA message parser not found for GRM.
3577;RMC;12/26/2016 9:49:34 PM;49.2096855;16.5996365833333;;;;
3578;;;;;;;;NMEA message parser not found for RMB.
3579;;;;;;;;Failed to parse: GGA.. Meters expected in GGA message.
3580;GSA;;;;;;;
3581;GSV;;;;;;;
3582;GSV;;;;;;;
3583;;;;;;;;NMEA message parser not found for GRM.
3584;RMC;12/26/2016 9:49:35 PM;49.2096879333333;16.5996462833333;;;;
3585;;;;;;;;NMEA message parser not found for RMB.
3586;;;;;;;;Failed to parse: GGA.. Meters expected in GGA message.
3587;GSA;;;;;;;
3588;GSV;;;;;;;
3589;GSV;;;;;;;
3590;;;;;;;;NMEA message parser not found for GRM.
3591;RMC;12/26/2016 9:49:36 PM;49.2096903666667;16.599656;;;;
3592;;;;;;;;NMEA message parser not found for RMB.
3593;;;;;;;;Failed to parse: GGA.. Meters expected in GGA message.
3594;GSA;;;;;;;
3595;GSV;;;;;;;
3596;GSV;;;;;;;
3597;;;;;;;;NMEA message parser not found for GRM.
3598;RMC;12/26/2016 9:49:37 PM;49.2096928;16.5996657;;;;
3599;;;;;;;;NMEA message parser not found for RMB.
3600;;;;;;;;Failed to parse: GGA.. Meters expected in GGA message.
3601;GSA;;;;;;;
3602;GSV;;;;;;;
3603;GSV;;;;;;;
3604;;;;;;;;NMEA message parser not found for GRM.
3605;RMC;12/26/2016 9:49:38 PM;49.2096952333333;16.5996754166667;;;;
3606;;;;;;;;NMEA message parser not found for RMB.
3607;;;;;;;;Failed to parse: GGA.. Meters expected in GGA message.
3608;GSA;;;;;;;
3609;GSV;;;;;;;
3610;GSV;;;;;;;
3611;;;;;;;;NMEA message parser not found for GRM.
3612;RMC;12/26/2016 9:49:39 PM;49.2096976666667;16.5996851166667;;;;
3613;;;;;;;;NMEA message parser not found for RMB.
3614;;;;;;;;Failed to parse: GGA.. Meters expected in GGA message.
3615;GSA;;;;;;;
3616;GSV;;;;;;;
3617;GSV;;;;;;;
3618;;;;;;;;NMEA message parser not found for GRM.
3619;RMC;12/26/2016 9:49:40 PM;49.2097001;16.5996948333333;;;;
3620;;;;;;;;NMEA message parser not found for RMB.
3621;;;;;;;;Failed to parse: GGA.. Meters expected in GGA message.
3622;GSA;;;;;;;
3623;GSV;;;;;;;
3624;GSV;;;;;;;
3625;;;;;;;;NMEA message parser not found for GRM.
3626;RMC;12/26/2016 9:49:41 PM;49.20970255;16.5997045333333;;;;
3627;;;;;;;;NMEA message parser not found for RMB.
3628;;;;;;;;Failed to parse: GGA.. Meters expected in GGA message.
3629;GSA;;;;;;;
3630;GSV;;;;;;;
3631;GSV;;;;;;;
3632;;;;;;;;NMEA message parser not found for GRM.
3633;RMC;12/26/2016 9:49:42 PM;49.2097049833333;16.59971425;;;;
3634;;;;;;;;NMEA message parser not found for RMB.
3635;;;;;;;;Failed to parse: GGA.. Meters expected in GGA message.
3636;GSA;;;;;;;
3637;GSV;;;;;;;
3638;GSV;;;;;;;
3639;;;;;;;;NMEA message parser not found for GRM.
3640;RMC;12/26/2016 9:49:43 PM;49.2097074166667;16.5997239666667;;;;
3641;;;;;;;;NMEA message parser not found for RMB.
3642;;;;;;;;Failed to parse: GGA.. Meters expected in GGA message.
3643;GSA;;;;;;;
3644;GSV;;;;;;;
3645;GSV;;;;;;;
3646;;;;;;;;NMEA message parser not found for GRM.
3647;RMC;12/26/2016 9:49:44 PM;49.20970985;16.5997336666667;;;;
3648;;;;;;;;NMEA message parser not found for RMB.
3649;;;;;;;;Failed to parse: GGA.. Meters expected in GGA message.
3650;GSA;;;;;;;
3651;GSV;;;;;;;
3652;GSV;;;;;;;
3653;;;;;;;;NMEA message parser not found for GRM.
3654;RMC;12/26/2016 9:49:45 PM;49.2097122833333;16.5997433833333;;;;
3655;;;;;;;;NMEA message parser not found for RMB.
3656;;;;;;;;Failed to parse: GGA.. Meters expected in GGA message.
3657;GSA;;;;;;;
3658;GSV;;;;;;;
3659;GSV;;;;;;;
3660;;;;;;;;NMEA message parser not found for GRM.
3661;RMC;12/26/2016 9:49:46 PM;49.2097147166667;16.5997530833333;;;;
3662;;;;;;;;NMEA message parser not found for RMB.
3663;;;;;;;;Failed to parse: GGA.. Meters expected in GGA message.
3664;GSA;;;;;;;
3665;GSV;;;;;;;
3666;GSV;;;;;;;
3667;;;;;;;;NMEA message parser not found for GRM.
3668;RMC;12/26/2016 9:49:47 PM;49.2097171666667;16.5997628;;;;
3669;;;;;;;;NMEA message parser not found for RMB.
3670;;;;;;;;Failed to parse: GGA.. Meters expected in GGA message.
3671;GSA;;;;;;;
3672;GSV;;;;;;;
3673;GSV;;;;;;;
3674;;;;;;;;NMEA message parser not found for GRM.
3675;RMC;12/26/2016 9:49:48 PM;49.2097196;16.5997725;;;;
3676;;;;;;;;NMEA message parser not found for RMB.
3677;;;;;;;;Failed to parse: GGA.. Meters expected in GGA message.
3678;GSA;;;;;;;
3679;GSV;;;;;;;
3680;GSV;;;;;;;
3681;;;;;;;;NMEA message parser not found for GRM.
3682;RMC;12/26/2016 9:49:49 PM;49.2097220333333;16.5997822166667;;;;
3683;;;;;;;;NMEA message parser not found for RMB.
3684;;;;;;;;Failed to parse: GGA.. Meters expected in GGA message.
3685;GSA;;;;;;;
3686;GSV;;;;;;;
3687;GSV;;;;;;;
3688;;;;;;;;NMEA message parser not found for GRM.
3689;RMC;12/26/2016 9:49:50 PM;49.2097244666667;16.5997919166667;;;;
3690;;;;;;;;NMEA message parser not found for RMB.
3691;;;;;;;;Failed to parse: GGA.. Meters expected in GGA message.
3692;GSA;;;;;;;
3693;GSV;;;;;;;
3694;GSV;;;;;;;
3695;;;;;;;;NMEA message parser not found for GRM.
3696;RMC;12/26/2016 9:49:51 PM;49.2097269;16.5998016333333;;;;
3697;;;;;;;;NMEA message parser not found for RMB.
3698;;;;;;;;Failed to parse: GGA.. Meters expected in GGA message.
3699;GSA;;;;;;;
3700;GSV;;;;;;;
3701;GSV;;;;;;;
3702;;;;;;;;NMEA message parser not found for GRM.
3703;RMC;12/26/2016 9:49:52 PM;49.2097293333333;16.5998113333333;;;;
3704;;;;;;;;NMEA message parser not found for RMB.
3705;;;;;;;;Failed to parse: GGA.. Meters expected in GGA message.
3706;GSA;;;;;;;
3707;GSV;;;;;;;
3708;GSV;;;;;;;
3709;;;;;;;;NMEA message parser not found for GRM.
3710;RMC;12/26/2016 9:49:53 PM;49.2097317833333;16.59982105;;;;
3711;;;;;;;;NMEA message parser not found for RMB.
3712;;;;;;;;Failed to parse: GGA.. Meters expected in GGA message.
3713;GSA;;;;;;;
3714;GSV;;;;;;;
3715;GSV;;;;;;;
3716;;;;;;;;NMEA message parser not found for GRM.
3717;RMC;12/26/2016 9:49:54 PM;49.2097342166667;16.5998307666667;;;;
3718;;;;;;;;NMEA message parser not found for RMB.
3719;;;;;;;;Failed to parse: GGA.. Meters expected in GGA message.
3720;GSA;;;;;;;
3721;GSV;;;;;;;
3722;GSV;;;;;;;
3723;;;;;;;;NMEA message parser not found for GRM.
3724;RMC;12/26/2016 9:49:55 PM;49.20973665;16.5998404666667;;;;
3725;;;;;;;;NMEA message parser not found for RMB.
3726;;;;;;;;Failed to parse: GGA.. Meters expected in GGA message.
3727;GSA;;;;;;;
3728;GSV;;;;;;;
3729;GSV;;;;;;;
3730;;;;;;;;NMEA message parser not found for GRM.
3731;RMC;12/26/2016 9:49:56 PM;49.2097390833333;16.5998501833333;;;;
3732;;;;;;;;NMEA message parser not found for RMB.
3733;;;;;;;;Failed to parse: GGA.. Meters expected in GGA message.
3734;GSA;;;;;;;
3735;GSV;;;;;;;
3736;GSV;;;;;;;
3737;;;;;;;;NMEA message parser not found for GRM.
3738;RMC;12/26/2016 9:49:57 PM;49.2097415166667;16.5998598833333;;;;
3739;;;;;;;;NMEA message parser not found for RMB.
3740;;;;;;;;Failed to parse: GGA.. Meters expected in GGA message.
3741;GSA;;;;;;;
3742;GSV;;;;;;;
3743;GSV;;;;;;;
3744;;;;;;;;NMEA message parser not found for GRM.
3745;RMC;12/26/2016 9:49:58 PM;49.20974395;16.5998696;;;;
3746;;;;;;;;NMEA message parser not found for RMB.
3747;;;;;;;;Failed to parse: GGA.. Meters expected in GGA message.
3748;GSA;;;;;;;
3749;GSV;;;;;;;
3750;GSV;;;;;;;
3751;;;;;;;;NMEA message parser not found for GRM.
3752;RMC;12/26/2016 9:49:59 PM;49.2097464;16.5998793;;;;
3753;;;;;;;;NMEA message parser not found for RMB.
3754;;;;;;;;Failed to parse: GGA.. Meters expected in GGA message.
3755;GSA;;;;;;;
3756;GSV;;;;;;;
3757;GSV;;;;;;;
3758;;;;;;;;NMEA message parser not found for GRM.
3759;RMC;12/26/2016 9:50:00 PM;49.2097488333333;16.5998890166667;;;;
3760;;;;;;;;NMEA message parser not found for RMB.
3761;;;;;;;;Failed to parse: GGA.. Meters expected in GGA message.
3762;GSA;;;;;;;
3763;GSV;;;;;;;
3764;GSV;;;;;;;
3765;;;;;;;;NMEA message parser not found for GRM.
3766;RMC;12/26/2016 9:50:01 PM;49.2097512666667;16.5998987166667;;;;
3767;;;;;;;;NMEA message parser not found for RMB.
3768;;;;;;;;Failed to parse: GGA.. Meters expected in GGA message.
3769;GSA;;;;;;;
3770;GSV;;;;;;;
3771;GSV;;;;;;;
3772;;;;;;;;NMEA message parser not found for GRM.
3773;RMC;12/26/2016 9:50:02 PM;49.2097537;16.5999084333333;;;;
3774;;;;;;;;NMEA message parser not found for RMB.
3775;;;;;;;;Failed to parse: GGA.. Meters expected in GGA message.
3776;GSA;;;;;;;
3777;GSV;;;;;;;
3778;GSV;;;;;;;
3779;;;;;;;;NMEA message parser not found for GRM.
3780;RMC;12/26/2016 9:50:03 PM;49.2097561333333;16.5999181333333;;;;
3781;;;;;;;;NMEA message parser not found for RMB.
3782;;;;;;;;Failed to parse: GGA.. Meters expected in GGA message.
3783;GSA;;;;;;;
3784;GSV;;;;;;;
3785;GSV;;;;;;;
3786;;;;;;;;NMEA message parser not found for GRM.
3787;RMC;12/26/2016 9:50:04 PM;49.2097585666667;16.59992785;;;;
3788;;;;;;;;NMEA message parser not found for RMB.
3789;;;;;;;;Failed to parse: GGA.. Meters expected in GGA message.
3790;GSA;;;;;;;
3791;GSV;;;;;;;
3792;GSV;;;;;;;
3793;;;;;;;;NMEA message parser not found for GRM.
3794;RMC;12/26/2016 9:50:05 PM;49.209761;16.5999375666667;;;;
3795;;;;;;;;NMEA message parser not found for RMB.
3796;;;;;;;;Failed to parse: GGA.. Meters expected in GGA message.
3797;GSA;;;;;;;
3798;GSV;;;;;;;
3799;GSV;;;;;;;
3800;;;;;;;;NMEA message parser not found for GRM.
3801;RMC;12/26/2016 9:50:06 PM;49.20976345;16.5999472666667;;;;
3802;;;;;;;;NMEA message parser not found for RMB.
3803;;;;;;;;Failed to parse: GGA.. Meters expected in GGA message.
3804;GSA;;;;;;;
3805;GSV;;;;;;;
3806;GSV;;;;;;;
3807;;;;;;;;NMEA message parser not found for GRM.
3808;RMC;12/26/2016 9:50:07 PM;49.2097658833333;16.5999569833333;;;;
3809;;;;;;;;NMEA message parser not found for RMB.
3810;;;;;;;;Failed to parse: GGA.. Meters expected in GGA message.
3811;GSA;;;;;;;
3812;GSV;;;;;;;
3813;GSV;;;;;;;
3814;;;;;;;;NMEA message parser not found for GRM.
3815;RMC;12/26/2016 9:50:08 PM;49.2097683166667;16.5999666833333;;;;
3816;;;;;;;;NMEA message parser not found for RMB.
3817;;;;;;;;Failed to parse: GGA.. Meters expected in GGA message.
3818;GSA;;;;;;;
3819;GSV;;;;;;;
3820;GSV;;;;;;;
3821;;;;;;;;NMEA message parser not found for GRM.
3822;RMC;12/26/2016 9:50:09 PM;49.20977075;16.5999764;;;;
3823;;;;;;;;NMEA message parser not found for RMB.
3824;;;;;;;;Failed to parse: GGA.. Meters expected in GGA message.
3825;GSA;;;;;;;
3826;GSV;;;;;;;
3827;GSV;;;;;;;
3828;;;;;;;;NMEA message parser not found for GRM.
3829;RMC;12/26/2016 9:50:10 PM;49.2097731833333;16.5999861;;;;
3830;;;;;;;;NMEA message parser not found for RMB.
3831;;;;;;;;Failed to parse: GGA.. Meters expected in GGA message.
3832;GSA;;;;;;;
3833;GSV;;;;;;;
3834;GSV;;;;;;;
3835;;;;;;;;NMEA message parser not found for GRM.
3836;RMC;12/26/2016 9:50:11 PM;49.2097756166667;16.5999958166667;;;;
3837;;;;;;;;NMEA message parser not found for RMB.
3838;;;;;;;;Failed to parse: GGA.. Meters expected in GGA message.
3839;GSA;;;;;;;
3840;GSV;;;;;;;
3841;GSV;;;;;;;
3842;;;;;;;;NMEA message parser not found for GRM.
3843;RMC;12/26/2016 9:50:12 PM;49.2097780666667;16.6000055166667;;;;
3844;;;;;;;;NMEA message parser not found for RMB.
3845;;;;;;;;Failed to parse: GGA.. Meters expected in GGA message.
3846;GSA;;;;;;;
3847;GSV;;;;;;;
3848;GSV;;;;;;;
3849;;;;;;;;NMEA message parser not found for GRM.
3850;RMC;12/26/2016 9:50:13 PM;49.2097805;16.6000152333333;;;;
3851;;;;;;;;NMEA message parser not found for RMB.
3852;;;;;;;;Failed to parse: GGA.. Meters expected in GGA message.
3853;GSA;;;;;;;
3854;GSV;;;;;;;
3855;GSV;;;;;;;
3856;;;;;;;;NMEA message parser not found for GRM.
3857;RMC;12/26/2016 9:50:14 PM;49.2097829333333;16.6000249333333;;;;
3858;;;;;;;;NMEA message parser not found for RMB.
3859;;;;;;;;Failed to parse: GGA.. Meters expected in GGA message.
3860;GSA;;;;;;;
3861;GSV;;;;;;;
3862;GSV;;;;;;;
3863;;;;;;;;NMEA message parser not found for GRM.
3864;RMC;12/26/2016 9:50:15 PM;49.2097853666667;16.60003465;;;;
3865;;;;;;;;NMEA message parser not found for RMB.
3866;;;;;;;;Failed to parse: GGA.. Meters expected in GGA message.
3867;GSA;;;;;;;
3868;GSV;;;;;;;
3869;GSV;;;;;;;
3870;;;;;;;;NMEA message parser not found for GRM.
3871;RMC;12/26/2016 9:50:16 PM;49.2097878;16.6000443666667;;;;
3872;;;;;;;;NMEA message parser not found for RMB.
3873;;;;;;;;Failed to parse: GGA.. Meters expected in GGA message.
3874;GSA;;;;;;;
3875;GSV;;;;;;;
3876;GSV;;;;;;;
3877;;;;;;;;NMEA message parser not found for GRM.
3878;RMC;12/26/2016 9:50:17 PM;49.2097902333333;16.6000540666667;;;;
3879;;;;;;;;NMEA message parser not found for RMB.
3880;;;;;;;;Failed to parse: GGA.. Meters expected in GGA message.
3881;GSA;;;;;;;
3882;GSV;;;;;;;
3883;GSV;;;;;;;
3884;;;;;;;;NMEA message parser not found for GRM.
3885;RMC;12/26/2016 9:50:18 PM;49.2097926833333;16.6000637833333;;;;
3886;;;;;;;;NMEA message parser not found for RMB.
3887;;;;;;;;Failed to parse: GGA.. Meters expected in GGA message.
3888;GSA;;;;;;;
3889;GSV;;;;;;;
3890;GSV;;;;;;;
3891;;;;;;;;NMEA message parser not found for GRM.
3892;RMC;12/26/2016 9:50:19 PM;49.2097951166667;16.6000734833333;;;;
3893;;;;;;;;NMEA message parser not found for RMB.
3894;;;;;;;;Failed to parse: GGA.. Meters expected in GGA message.
3895;GSA;;;;;;;
3896;GSV;;;;;;;
3897;GSV;;;;;;;
3898;;;;;;;;NMEA message parser not found for GRM.
3899;RMC;12/26/2016 9:50:20 PM;49.20979755;16.6000832;;;;
3900;;;;;;;;NMEA message parser not found for RMB.
3901;;;;;;;;Failed to parse: GGA.. Meters expected in GGA message.
3902;GSA;;;;;;;
3903;GSV;;;;;;;
3904;GSV;;;;;;;
3905;;;;;;;;NMEA message parser not found for GRM.
3906;RMC;12/26/2016 9:50:21 PM;49.20979265;16.60009115;;;;
3907;;;;;;;;NMEA message parser not found for RMB.
3908;;;;;;;;Failed to parse: GGA.. Meters expected in GGA message.
3909;GSA;;;;;;;
3910;GSV;;;;;;;
3911;GSV;;;;;;;
3912;;;;;;;;NMEA message parser not found for GRM.
3913;RMC;12/26/2016 9:50:22 PM;49.2097861;16.6000987166667;;;;
3914;;;;;;;;NMEA message parser not found for RMB.
3915;;;;;;;;Failed to parse: GGA.. Meters expected in GGA message.
3916;GSA;;;;;;;
3917;GSV;;;;;;;
3918;GSV;;;;;;;
3919;;;;;;;;NMEA message parser not found for GRM.
3920;RMC;12/26/2016 9:50:23 PM;49.2097795333333;16.6001062666667;;;;
3921;;;;;;;;NMEA message parser not found for RMB.
3922;;;;;;;;Failed to parse: GGA.. Meters expected in GGA message.
3923;GSA;;;;;;;
3924;GSV;;;;;;;
3925;GSV;;;;;;;
3926;;;;;;;;NMEA message parser not found for GRM.
3927;RMC;12/26/2016 9:50:24 PM;49.2097729666667;16.6001138333333;;;;
3928;;;;;;;;NMEA message parser not found for RMB.
3929;;;;;;;;Failed to parse: GGA.. Meters expected in GGA message.
3930;GSA;;;;;;;
3931;GSV;;;;;;;
3932;GSV;;;;;;;
3933;;;;;;;;NMEA message parser not found for GRM.
3934;RMC;12/26/2016 9:50:25 PM;49.2097664;16.6001213833333;;;;
3935;;;;;;;;NMEA message parser not found for RMB.
3936;;;;;;;;Failed to parse: GGA.. Meters expected in GGA message.
3937;GSA;;;;;;;
3938;GSV;;;;;;;
3939;GSV;;;;;;;
3940;;;;;;;;NMEA message parser not found for GRM.
3941;RMC;12/26/2016 9:50:26 PM;49.20975985;16.60012895;;;;
3942;;;;;;;;NMEA message parser not found for RMB.
3943;;;;;;;;Failed to parse: GGA.. Meters expected in GGA message.
3944;GSA;;;;;;;
3945;GSV;;;;;;;
3946;GSV;;;;;;;
3947;;;;;;;;NMEA message parser not found for GRM.
3948;RMC;12/26/2016 9:50:27 PM;49.2097532833333;16.6001365;;;;
3949;;;;;;;;NMEA message parser not found for RMB.
3950;;;;;;;;Failed to parse: GGA.. Meters expected in GGA message.
3951;GSA;;;;;;;
3952;GSV;;;;;;;
3953;GSV;;;;;;;
3954;;;;;;;;NMEA message parser not found for GRM.
3955;RMC;12/26/2016 9:50:28 PM;49.2097467166667;16.6001440666667;;;;
3956;;;;;;;;NMEA message parser not found for RMB.
3957;;;;;;;;Failed to parse: GGA.. Meters expected in GGA message.
3958;GSA;;;;;;;
3959;GSV;;;;;;;
3960;GSV;;;;;;;
3961;;;;;;;;NMEA message parser not found for GRM.
3962;RMC;12/26/2016 9:50:29 PM;49.20974015;16.6001516166667;;;;
3963;;;;;;;;NMEA message parser not found for RMB.
3964;;;;;;;;Failed to parse: GGA.. Meters expected in GGA message.
3965;GSA;;;;;;;
3966;GSV;;;;;;;
3967;GSV;;;;;;;
3968;;;;;;;;NMEA message parser not found for GRM.
3969;RMC;12/26/2016 9:50:30 PM;49.2097336;16.6001591833333;;;;
3970;;;;;;;;NMEA message parser not found for RMB.
3971;;;;;;;;Failed to parse: GGA.. Meters expected in GGA message.
3972;GSA;;;;;;;
3973;GSV;;;;;;;
3974;GSV;;;;;;;
3975;;;;;;;;NMEA message parser not found for GRM.
3976;RMC;12/26/2016 9:50:31 PM;49.2097270333333;16.6001667333333;;;;
3977;;;;;;;;NMEA message parser not found for RMB.
3978;;;;;;;;Failed to parse: GGA.. Meters expected in GGA message.
3979;GSA;;;;;;;
3980;GSV;;;;;;;
3981;GSV;;;;;;;
3982;;;;;;;;NMEA message parser not found for GRM.
3983;RMC;12/26/2016 9:50:32 PM;49.2097204666667;16.6001743;;;;
3984;;;;;;;;NMEA message parser not found for RMB.
3985;;;;;;;;Failed to parse: GGA.. Meters expected in GGA message.
3986;GSA;;;;;;;
3987;GSV;;;;;;;
3988;GSV;;;;;;;
3989;;;;;;;;NMEA message parser not found for GRM.
3990;RMC;12/26/2016 9:50:33 PM;49.2097139;16.60018185;;;;
3991;;;;;;;;NMEA message parser not found for RMB.
3992;;;;;;;;Failed to parse: GGA.. Meters expected in GGA message.
3993;GSA;;;;;;;
3994;GSV;;;;;;;
3995;GSV;;;;;;;
3996;;;;;;;;NMEA message parser not found for GRM.
3997;RMC;12/26/2016 9:50:34 PM;49.20970735;16.6001894166667;;;;
3998;;;;;;;;NMEA message parser not found for RMB.
3999;;;;;;;;Failed to parse: GGA.. Meters expected in GGA message.
4000;GSA;;;;;;;
4001;GSV;;;;;;;
4002;GSV;;;;;;;
4003;;;;;;;;NMEA message parser not found for GRM.
4004;RMC;12/26/2016 9:50:35 PM;49.2097007833333;16.6001969666667;;;;
4005;;;;;;;;NMEA message parser not found for RMB.
4006;;;;;;;;Failed to parse: GGA.. Meters expected in GGA message.
4007;GSA;;;;;;;
4008;GSV;;;;;;;
4009;GSV;;;;;;;
4010;;;;;;;;NMEA message parser not found for GRM.
4011;RMC;12/26/2016 9:50:36 PM;49.2096942166667;16.6002045333333;;;;
4012;;;;;;;;NMEA message parser not found for RMB.
4013;;;;;;;;Failed to parse: GGA.. Meters expected in GGA message.
4014;GSA;;;;;;;
4015;GSV;;;;;;;
4016;GSV;;;;;;;
4017;;;;;;;;NMEA message parser not found for GRM.
4018;RMC;12/26/2016 9:50:37 PM;49.20968765;16.6002121;;;;
4019;;;;;;;;NMEA message parser not found for RMB.
4020;;;;;;;;Failed to parse: GGA.. Meters expected in GGA message.
4021;GSA;;;;;;;
4022;GSV;;;;;;;
4023;GSV;;;;;;;
4024;;;;;;;;NMEA message parser not found for GRM.
4025;RMC;12/26/2016 9:50:38 PM;49.2096829;16.6002208166667;;;;
4026;;;;;;;;NMEA message parser not found for RMB.
4027;;;;;;;;Failed to parse: GGA.. Meters expected in GGA message.
4028;GSA;;;;;;;
4029;GSV;;;;;;;
4030;GSV;;;;;;;
4031;;;;;;;;NMEA message parser not found for GRM.
4032;RMC;12/26/2016 9:50:39 PM;49.20967875;16.6002299166667;;;;
4033;;;;;;;;NMEA message parser not found for RMB.
4034;;;;;;;;Failed to parse: GGA.. Meters expected in GGA message.
4035;GSA;;;;;;;
4036;GSV;;;;;;;
4037;GSV;;;;;;;
4038;;;;;;;;NMEA message parser not found for GRM.
4039;RMC;12/26/2016 9:50:40 PM;49.2096746;16.6002390333333;;;;
4040;;;;;;;;NMEA message parser not found for RMB.
4041;;;;;;;;Failed to parse: GGA.. Meters expected in GGA message.
4042;GSA;;;;;;;
4043;GSV;;;;;;;
4044;GSV;;;;;;;
4045;;;;;;;;NMEA message parser not found for GRM.
4046;RMC;12/26/2016 9:50:41 PM;49.2096704333333;16.6002481333333;;;;
4047;;;;;;;;NMEA message parser not found for RMB.
4048;;;;;;;;Failed to parse: GGA.. Meters expected in GGA message.
4049;GSA;;;;;;;
4050;GSV;;;;;;;
4051;GSV;;;;;;;
4052;;;;;;;;NMEA message parser not found for GRM.
4053;RMC;12/26/2016 9:50:42 PM;49.2096662833333;16.60025725;;;;
4054;;;;;;;;NMEA message parser not found for RMB.
4055;;;;;;;;Failed to parse: GGA.. Meters expected in GGA message.
4056;GSA;;;;;;;
4057;GSV;;;;;;;
4058;GSV;;;;;;;
4059;;;;;;;;NMEA message parser not found for GRM.
4060;RMC;12/26/2016 9:50:43 PM;49.2096621333333;16.60026635;;;;
4061;;;;;;;;NMEA message parser not found for RMB.
4062;;;;;;;;Failed to parse: GGA.. Meters expected in GGA message.
4063;GSA;;;;;;;
4064;GSV;;;;;;;
4065;GSV;;;;;;;
4066;;;;;;;;NMEA message parser not found for GRM.
4067;RMC;12/26/2016 9:50:44 PM;49.2096579833333;16.6002754666667;;;;
4068;;;;;;;;NMEA message parser not found for RMB.
4069;;;;;;;;Failed to parse: GGA.. Meters expected in GGA message.
4070;GSA;;;;;;;
4071;GSV;;;;;;;
4072;GSV;;;;;;;
4073;;;;;;;;NMEA message parser not found for GRM.
4074;RMC;12/26/2016 9:50:45 PM;49.2096538333333;16.6002845666667;;;;
4075;;;;;;;;NMEA message parser not found for RMB.
4076;;;;;;;;Failed to parse: GGA.. Meters expected in GGA message.
4077;GSA;;;;;;;
4078;GSV;;;;;;;
4079;GSV;;;;;;;
4080;;;;;;;;NMEA message parser not found for GRM.
4081;RMC;12/26/2016 9:50:46 PM;49.2096496833333;16.6002936833333;;;;
4082;;;;;;;;NMEA message parser not found for RMB.
4083;;;;;;;;Failed to parse: GGA.. Meters expected in GGA message.
4084;GSA;;;;;;;
4085;GSV;;;;;;;
4086;GSV;;;;;;;
4087;;;;;;;;NMEA message parser not found for GRM.
4088;RMC;12/26/2016 9:50:47 PM;49.2096455333333;16.6003027833333;;;;
4089;;;;;;;;NMEA message parser not found for RMB.
4090;;;;;;;;Failed to parse: GGA.. Meters expected in GGA message.
4091;GSA;;;;;;;
4092;GSV;;;;;;;
4093;GSV;;;;;;;
4094;;;;;;;;NMEA message parser not found for GRM.
4095;RMC;12/26/2016 9:50:48 PM;49.2096413833333;16.6003119;;;;
4096;;;;;;;;NMEA message parser not found for RMB.
4097;;;;;;;;Failed to parse: GGA.. Meters expected in GGA message.
4098;GSA;;;;;;;
4099;GSV;;;;;;;
4100;GSV;;;;;;;
4101;;;;;;;;NMEA message parser not found for GRM.
4102;RMC;12/26/2016 9:50:49 PM;49.2096372333333;16.600321;;;;
4103;;;;;;;;NMEA message parser not found for RMB.
4104;;;;;;;;Failed to parse: GGA.. Meters expected in GGA message.
4105;GSA;;;;;;;
4106;GSV;;;;;;;
4107;GSV;;;;;;;
4108;;;;;;;;NMEA message parser not found for GRM.
4109;RMC;12/26/2016 9:50:50 PM;49.2096330833333;16.6003301166667;;;;
4110;;;;;;;;NMEA message parser not found for RMB.
4111;;;;;;;;Failed to parse: GGA.. Meters expected in GGA message.
4112;GSA;;;;;;;
4113;GSV;;;;;;;
4114;GSV;;;;;;;
4115;;;;;;;;NMEA message parser not found for GRM.
4116;RMC;12/26/2016 9:50:51 PM;49.2096289166667;16.6003392166667;;;;
4117;;;;;;;;NMEA message parser not found for RMB.
4118;;;;;;;;Failed to parse: GGA.. Meters expected in GGA message.
4119;GSA;;;;;;;
4120;GSV;;;;;;;
4121;GSV;;;;;;;
4122;;;;;;;;NMEA message parser not found for GRM.
4123;RMC;12/26/2016 9:50:52 PM;49.2096247666667;16.6003483333333;;;;
4124;;;;;;;;NMEA message parser not found for RMB.
4125;;;;;;;;Failed to parse: GGA.. Meters expected in GGA message.
4126;GSA;;;;;;;
4127;GSV;;;;;;;
4128;GSV;;;;;;;
4129;;;;;;;;NMEA message parser not found for GRM.
4130;RMC;12/26/2016 9:50:53 PM;49.2096206166667;16.6003574333333;;;;
4131;;;;;;;;NMEA message parser not found for RMB.
4132;;;;;;;;Failed to parse: GGA.. Meters expected in GGA message.
4133;GSA;;;;;;;
4134;GSV;;;;;;;
4135;GSV;;;;;;;
4136;;;;;;;;NMEA message parser not found for GRM.
4137;RMC;12/26/2016 9:50:54 PM;49.2096164666667;16.60036655;;;;
4138;;;;;;;;NMEA message parser not found for RMB.
4139;;;;;;;;Failed to parse: GGA.. Meters expected in GGA message.
4140;GSA;;;;;;;
4141;GSV;;;;;;;
4142;GSV;;;;;;;
4143;;;;;;;;NMEA message parser not found for GRM.
4144;RMC;12/26/2016 9:50:55 PM;49.2096123166667;16.60037565;;;;
4145;;;;;;;;NMEA message parser not found for RMB.
4146;;;;;;;;Failed to parse: GGA.. Meters expected in GGA message.
4147;GSA;;;;;;;
4148;GSV;;;;;;;
4149;GSV;;;;;;;
4150;;;;;;;;NMEA message parser not found for GRM.
4151;RMC;12/26/2016 9:50:56 PM;49.2096081666667;16.6003847666667;;;;
4152;;;;;;;;NMEA message parser not found for RMB.
4153;;;;;;;;Failed to parse: GGA.. Meters expected in GGA message.
4154;GSA;;;;;;;
4155;GSV;;;;;;;
4156;GSV;;;;;;;
4157;;;;;;;;NMEA message parser not found for GRM.
4158;RMC;12/26/2016 9:50:57 PM;49.2096040166667;16.6003938666667;;;;
4159;;;;;;;;NMEA message parser not found for RMB.
4160;;;;;;;;Failed to parse: GGA.. Meters expected in GGA message.
4161;GSA;;;;;;;
4162;GSV;;;;;;;
4163;GSV;;;;;;;
4164;;;;;;;;NMEA message parser not found for GRM.
4165;RMC;12/26/2016 9:50:58 PM;49.2095998666667;16.6004029833333;;;;
4166;;;;;;;;NMEA message parser not found for RMB.
4167;;;;;;;;Failed to parse: GGA.. Meters expected in GGA message.
4168;GSA;;;;;;;
4169;GSV;;;;;;;
4170;GSV;;;;;;;
4171;;;;;;;;NMEA message parser not found for GRM.
4172;RMC;12/26/2016 9:50:59 PM;49.2095957166667;16.6004120833333;;;;
4173;;;;;;;;NMEA message parser not found for RMB.
4174;;;;;;;;Failed to parse: GGA.. Meters expected in GGA message.
4175;GSA;;;;;;;
4176;GSV;;;;;;;
4177;GSV;;;;;;;
4178;;;;;;;;NMEA message parser not found for GRM.
4179;RMC;12/26/2016 9:51:00 PM;49.20959155;16.6004212;;;;
4180;;;;;;;;NMEA message parser not found for RMB.
4181;;;;;;;;Failed to parse: GGA.. Meters expected in GGA message.
4182;GSA;;;;;;;
4183;GSV;;;;;;;
4184;GSV;;;;;;;
4185;;;;;;;;NMEA message parser not found for GRM.
4186;RMC;12/26/2016 9:51:01 PM;49.2095867;16.6004296;;;;
4187;;;;;;;;NMEA message parser not found for RMB.
4188;;;;;;;;Failed to parse: GGA.. Meters expected in GGA message.
4189;GSA;;;;;;;
4190;GSV;;;;;;;
4191;GSV;;;;;;;
4192;;;;;;;;NMEA message parser not found for GRM.
4193;RMC;12/26/2016 9:51:02 PM;49.2095776166667;16.6004338166667;;;;
4194;;;;;;;;NMEA message parser not found for RMB.
4195;;;;;;;;Failed to parse: GGA.. Meters expected in GGA message.
4196;GSA;;;;;;;
4197;GSV;;;;;;;
4198;GSV;;;;;;;
4199;;;;;;;;NMEA message parser not found for GRM.
4200;RMC;12/26/2016 9:51:03 PM;49.20956855;16.6004380333333;;;;
4201;;;;;;;;NMEA message parser not found for RMB.
4202;;;;;;;;Failed to parse: GGA.. Meters expected in GGA message.
4203;GSA;;;;;;;
4204;GSV;;;;;;;
4205;GSV;;;;;;;
4206;;;;;;;;NMEA message parser not found for GRM.
4207;RMC;12/26/2016 9:51:04 PM;49.2095594666667;16.60044225;;;;
4208;;;;;;;;NMEA message parser not found for RMB.
4209;;;;;;;;Failed to parse: GGA.. Meters expected in GGA message.
4210;GSA;;;;;;;
4211;GSV;;;;;;;
4212;GSV;;;;;;;
4213;;;;;;;;NMEA message parser not found for GRM.
4214;RMC;12/26/2016 9:51:05 PM;49.2095503833333;16.6004464666667;;;;
4215;;;;;;;;NMEA message parser not found for RMB.
4216;;;;;;;;Failed to parse: GGA.. Meters expected in GGA message.
4217;GSA;;;;;;;
4218;GSV;;;;;;;
4219;GSV;;;;;;;
4220;;;;;;;;NMEA message parser not found for GRM.
4221;RMC;12/26/2016 9:51:06 PM;49.2095413;16.6004506833333;;;;
4222;;;;;;;;NMEA message parser not found for RMB.
4223;;;;;;;;Failed to parse: GGA.. Meters expected in GGA message.
4224;GSA;;;;;;;
4225;GSV;;;;;;;
4226;GSV;;;;;;;
4227;;;;;;;;NMEA message parser not found for GRM.
4228;RMC;12/26/2016 9:51:07 PM;49.2095322333333;16.6004549;;;;
4229;;;;;;;;NMEA message parser not found for RMB.
4230;;;;;;;;Failed to parse: GGA.. Meters expected in GGA message.
4231;GSA;;;;;;;
4232;GSV;;;;;;;
4233;GSV;;;;;;;
4234;;;;;;;;NMEA message parser not found for GRM.
4235;RMC;12/26/2016 9:51:08 PM;49.20952315;16.6004591166667;;;;
4236;;;;;;;;NMEA message parser not found for RMB.
4237;;;;;;;;Failed to parse: GGA.. Meters expected in GGA message.
4238;GSA;;;;;;;
4239;GSV;;;;;;;
4240;GSV;;;;;;;
4241;;;;;;;;NMEA message parser not found for GRM.
4242;RMC;12/26/2016 9:51:09 PM;49.2095140666667;16.6004633333333;;;;
4243;;;;;;;;NMEA message parser not found for RMB.
4244;;;;;;;;Failed to parse: GGA.. Meters expected in GGA message.
4245;GSA;;;;;;;
4246;GSV;;;;;;;
4247;GSV;;;;;;;
4248;;;;;;;;NMEA message parser not found for GRM.
4249;RMC;12/26/2016 9:51:10 PM;49.2095049833333;16.60046755;;;;
4250;;;;;;;;NMEA message parser not found for RMB.
4251;;;;;;;;Failed to parse: GGA.. Meters expected in GGA message.
4252;GSA;;;;;;;
4253;GSV;;;;;;;
4254;GSV;;;;;;;
4255;;;;;;;;NMEA message parser not found for GRM.
4256;RMC;12/26/2016 9:51:11 PM;49.2094959166667;16.6004717666667;;;;
4257;;;;;;;;NMEA message parser not found for RMB.
4258;;;;;;;;Failed to parse: GGA.. Meters expected in GGA message.
4259;GSA;;;;;;;
4260;GSV;;;;;;;
4261;GSV;;;;;;;
4262;;;;;;;;NMEA message parser not found for GRM.
4263;RMC;12/26/2016 9:51:12 PM;49.2094868333333;16.6004759833333;;;;
4264;;;;;;;;NMEA message parser not found for RMB.
4265;;;;;;;;Failed to parse: GGA.. Meters expected in GGA message.
4266;GSA;;;;;;;
4267;GSV;;;;;;;
4268;GSV;;;;;;;
4269;;;;;;;;NMEA message parser not found for GRM.
4270;RMC;12/26/2016 9:51:13 PM;49.20947775;16.6004802;;;;
4271;;;;;;;;NMEA message parser not found for RMB.
4272;;;;;;;;Failed to parse: GGA.. Meters expected in GGA message.
4273;GSA;;;;;;;
4274;GSV;;;;;;;
4275;GSV;;;;;;;
4276;;;;;;;;NMEA message parser not found for GRM.
4277;RMC;12/26/2016 9:51:14 PM;49.2094686833333;16.6004844166667;;;;
4278;;;;;;;;NMEA message parser not found for RMB.
4279;;;;;;;;Failed to parse: GGA.. Meters expected in GGA message.
4280;GSA;;;;;;;
4281;GSV;;;;;;;
4282;GSV;;;;;;;
4283;;;;;;;;NMEA message parser not found for GRM.
4284;RMC;12/26/2016 9:51:15 PM;49.2094596;16.6004886333333;;;;
4285;;;;;;;;NMEA message parser not found for RMB.
4286;;;;;;;;Failed to parse: GGA.. Meters expected in GGA message.
4287;GSA;;;;;;;
4288;GSV;;;;;;;
4289;GSV;;;;;;;
4290;;;;;;;;NMEA message parser not found for GRM.
4291;RMC;12/26/2016 9:51:16 PM;49.2094505166667;16.6004928333333;;;;
4292;;;;;;;;NMEA message parser not found for RMB.
4293;;;;;;;;Failed to parse: GGA.. Meters expected in GGA message.
4294;GSA;;;;;;;
4295;GSV;;;;;;;
4296;GSV;;;;;;;
4297;;;;;;;;NMEA message parser not found for GRM.
4298;RMC;12/26/2016 9:51:17 PM;49.2094414333333;16.60049705;;;;
4299;;;;;;;;NMEA message parser not found for RMB.
4300;;;;;;;;Failed to parse: GGA.. Meters expected in GGA message.
4301;GSA;;;;;;;
4302;GSV;;;;;;;
4303;GSV;;;;;;;
4304;;;;;;;;NMEA message parser not found for GRM.
4305;RMC;12/26/2016 9:51:18 PM;49.2094323666667;16.6005012666667;;;;
4306;;;;;;;;NMEA message parser not found for RMB.
4307;;;;;;;;Failed to parse: GGA.. Meters expected in GGA message.
4308;GSA;;;;;;;
4309;GSV;;;;;;;
4310;GSV;;;;;;;
4311;;;;;;;;NMEA message parser not found for GRM.
4312;RMC;12/26/2016 9:51:19 PM;49.2094232833333;16.6005054833333;;;;
4313;;;;;;;;NMEA message parser not found for RMB.
4314;;;;;;;;Failed to parse: GGA.. Meters expected in GGA message.
4315;GSA;;;;;;;
4316;GSV;;;;;;;
4317;GSV;;;;;;;
4318;;;;;;;;NMEA message parser not found for GRM.
4319;RMC;12/26/2016 9:51:20 PM;49.2094142;16.6005097;;;;
4320;;;;;;;;NMEA message parser not found for RMB.
4321;;;;;;;;Failed to parse: GGA.. Meters expected in GGA message.
4322;GSA;;;;;;;
4323;GSV;;;;;;;
4324;GSV;;;;;;;
4325;;;;;;;;NMEA message parser not found for GRM.
4326;RMC;12/26/2016 9:51:21 PM;49.2094051166667;16.6005139166667;;;;
4327;;;;;;;;NMEA message parser not found for RMB.
4328;;;;;;;;Failed to parse: GGA.. Meters expected in GGA message.
4329;GSA;;;;;;;
4330;GSV;;;;;;;
4331;GSV;;;;;;;
4332;;;;;;;;NMEA message parser not found for GRM.
4333;RMC;12/26/2016 9:51:22 PM;49.20939605;16.6005181333333;;;;
4334;;;;;;;;NMEA message parser not found for RMB.
4335;;;;;;;;Failed to parse: GGA.. Meters expected in GGA message.
4336;GSA;;;;;;;
4337;GSV;;;;;;;
4338;GSV;;;;;;;
4339;;;;;;;;NMEA message parser not found for GRM.
4340;RMC;12/26/2016 9:51:23 PM;49.2093869666667;16.60052235;;;;
4341;;;;;;;;NMEA message parser not found for RMB.
4342;;;;;;;;Failed to parse: GGA.. Meters expected in GGA message.
4343;GSA;;;;;;;
4344;GSV;;;;;;;
4345;GSV;;;;;;;
4346;;;;;;;;NMEA message parser not found for GRM.
4347;RMC;12/26/2016 9:51:24 PM;49.2093778833333;16.6005265666667;;;;
4348;;;;;;;;NMEA message parser not found for RMB.
4349;;;;;;;;Failed to parse: GGA.. Meters expected in GGA message.
4350;GSA;;;;;;;
4351;GSV;;;;;;;
4352;GSV;;;;;;;
4353;;;;;;;;NMEA message parser not found for GRM.
4354;RMC;12/26/2016 9:51:25 PM;49.2093688;16.6005307833333;;;;
4355;;;;;;;;NMEA message parser not found for RMB.
4356;;;;;;;;Failed to parse: GGA.. Meters expected in GGA message.
4357;GSA;;;;;;;
4358;GSV;;;;;;;
4359;GSV;;;;;;;
4360;;;;;;;;NMEA message parser not found for GRM.
4361;RMC;12/26/2016 9:51:26 PM;49.2093597333333;16.600535;;;;
4362;;;;;;;;NMEA message parser not found for RMB.
4363;;;;;;;;Failed to parse: GGA.. Meters expected in GGA message.
4364;GSA;;;;;;;
4365;GSV;;;;;;;
4366;GSV;;;;;;;
4367;;;;;;;;NMEA message parser not found for GRM.
4368;RMC;12/26/2016 9:51:27 PM;49.20935065;16.6005392166667;;;;
4369;;;;;;;;NMEA message parser not found for RMB.
4370;;;;;;;;Failed to parse: GGA.. Meters expected in GGA message.
4371;GSA;;;;;;;
4372;GSV;;;;;;;
4373;GSV;;;;;;;
4374;;;;;;;;NMEA message parser not found for GRM.
4375;RMC;12/26/2016 9:51:28 PM;49.2093415666667;16.6005434333333;;;;
4376;;;;;;;;NMEA message parser not found for RMB.
4377;;;;;;;;Failed to parse: GGA.. Meters expected in GGA message.
4378;GSA;;;;;;;
4379;GSV;;;;;;;
4380;GSV;;;;;;;
4381;;;;;;;;NMEA message parser not found for GRM.
4382;RMC;12/26/2016 9:51:29 PM;49.2093325;16.60054765;;;;
4383;;;;;;;;NMEA message parser not found for RMB.
4384;;;;;;;;Failed to parse: GGA.. Meters expected in GGA message.
4385;GSA;;;;;;;
4386;GSV;;;;;;;
4387;GSV;;;;;;;
4388;;;;;;;;NMEA message parser not found for GRM.
4389;RMC;12/26/2016 9:51:30 PM;49.2093234166667;16.6005518666667;;;;
4390;;;;;;;;NMEA message parser not found for RMB.
4391;;;;;;;;Failed to parse: GGA.. Meters expected in GGA message.
4392;GSA;;;;;;;
4393;GSV;;;;;;;
4394;GSV;;;;;;;
4395;;;;;;;;NMEA message parser not found for GRM.
4396;RMC;12/26/2016 9:51:31 PM;49.2093143333333;16.6005560833333;;;;
4397;;;;;;;;NMEA message parser not found for RMB.
4398;;;;;;;;Failed to parse: GGA.. Meters expected in GGA message.
4399;GSA;;;;;;;
4400;GSV;;;;;;;
4401;GSV;;;;;;;
4402;;;;;;;;NMEA message parser not found for GRM.
4403;RMC;12/26/2016 9:51:32 PM;49.20930525;16.6005603;;;;
4404;;;;;;;;NMEA message parser not found for RMB.
4405;;;;;;;;Failed to parse: GGA.. Meters expected in GGA message.
4406;GSA;;;;;;;
4407;GSV;;;;;;;
4408;GSV;;;;;;;
4409;;;;;;;;NMEA message parser not found for GRM.
4410;RMC;12/26/2016 9:51:33 PM;49.2092961833333;16.6005645166667;;;;
4411;;;;;;;;NMEA message parser not found for RMB.
4412;;;;;;;;Failed to parse: GGA.. Meters expected in GGA message.
4413;GSA;;;;;;;
4414;GSV;;;;;;;
4415;GSV;;;;;;;
4416;;;;;;;;NMEA message parser not found for GRM.
4417;RMC;12/26/2016 9:51:34 PM;49.2092871;16.6005687333333;;;;
4418;;;;;;;;NMEA message parser not found for RMB.
4419;;;;;;;;Failed to parse: GGA.. Meters expected in GGA message.
4420;GSA;;;;;;;
4421;GSV;;;;;;;
4422;GSV;;;;;;;
4423;;;;;;;;NMEA message parser not found for GRM.
4424;RMC;12/26/2016 9:51:35 PM;49.2092780166667;16.60057295;;;;
4425;;;;;;;;NMEA message parser not found for RMB.
4426;;;;;;;;Failed to parse: GGA.. Meters expected in GGA message.
4427;GSA;;;;;;;
4428;GSV;;;;;;;
4429;GSV;;;;;;;
4430;;;;;;;;NMEA message parser not found for GRM.
4431;RMC;12/26/2016 9:51:36 PM;49.2092689333333;16.6005771666667;;;;
4432;;;;;;;;NMEA message parser not found for RMB.
4433;;;;;;;;Failed to parse: GGA.. Meters expected in GGA message.
4434;GSA;;;;;;;
4435;GSV;;;;;;;
4436;GSV;;;;;;;
4437;;;;;;;;NMEA message parser not found for GRM.
4438;RMC;12/26/2016 9:51:37 PM;49.2092598666667;16.6005813833333;;;;
4439;;;;;;;;NMEA message parser not found for RMB.
4440;;;;;;;;Failed to parse: GGA.. Meters expected in GGA message.
4441;GSA;;;;;;;
4442;GSV;;;;;;;
4443;GSV;;;;;;;
4444;;;;;;;;NMEA message parser not found for GRM.
4445;RMC;12/26/2016 9:51:38 PM;49.2092507833333;16.6005855833333;;;;
4446;;;;;;;;NMEA message parser not found for RMB.
4447;;;;;;;;Failed to parse: GGA.. Meters expected in GGA message.
4448;GSA;;;;;;;
4449;GSV;;;;;;;
4450;GSV;;;;;;;
4451;;;;;;;;NMEA message parser not found for GRM.
4452;RMC;12/26/2016 9:51:39 PM;49.2092417;16.6005898;;;;
4453;;;;;;;;NMEA message parser not found for RMB.
4454;;;;;;;;Failed to parse: GGA.. Meters expected in GGA message.
4455;GSA;;;;;;;
4456;GSV;;;;;;;
4457;GSV;;;;;;;
4458;;;;;;;;NMEA message parser not found for GRM.
4459;RMC;12/26/2016 9:51:40 PM;49.2092326166667;16.6005940166667;;;;
4460;;;;;;;;NMEA message parser not found for RMB.
4461;;;;;;;;Failed to parse: GGA.. Meters expected in GGA message.
4462;GSA;;;;;;;
4463;GSV;;;;;;;
4464;GSV;;;;;;;
4465;;;;;;;;NMEA message parser not found for GRM.
4466;RMC;12/26/2016 9:51:41 PM;49.20922355;16.6005982333333;;;;
4467;;;;;;;;NMEA message parser not found for RMB.
4468;;;;;;;;Failed to parse: GGA.. Meters expected in GGA message.
4469;GSA;;;;;;;
4470;GSV;;;;;;;
4471;GSV;;;;;;;
4472;;;;;;;;NMEA message parser not found for GRM.
4473;RMC;12/26/2016 9:51:42 PM;49.2092144666667;16.60060245;;;;
4474;;;;;;;;NMEA message parser not found for RMB.
4475;;;;;;;;Failed to parse: GGA.. Meters expected in GGA message.
4476;GSA;;;;;;;
4477;GSV;;;;;;;
4478;GSV;;;;;;;
4479;;;;;;;;NMEA message parser not found for GRM.
4480;RMC;12/26/2016 9:51:43 PM;49.2092053833333;16.6006066666667;;;;
4481;;;;;;;;NMEA message parser not found for RMB.
4482;;;;;;;;Failed to parse: GGA.. Meters expected in GGA message.
4483;GSA;;;;;;;
4484;GSV;;;;;;;
4485;GSV;;;;;;;
4486;;;;;;;;NMEA message parser not found for GRM.
4487;RMC;12/26/2016 9:51:44 PM;49.2091963166667;16.6006108833333;;;;
4488;;;;;;;;NMEA message parser not found for RMB.
4489;;;;;;;;Failed to parse: GGA.. Meters expected in GGA message.
4490;GSA;;;;;;;
4491;GSV;;;;;;;
4492;GSV;;;;;;;
4493;;;;;;;;NMEA message parser not found for GRM.
4494;RMC;12/26/2016 9:51:45 PM;49.2091872333333;16.6006151;;;;
4495;;;;;;;;NMEA message parser not found for RMB.
4496;;;;;;;;Failed to parse: GGA.. Meters expected in GGA message.
4497;GSA;;;;;;;
4498;GSV;;;;;;;
4499;GSV;;;;;;;
4500;;;;;;;;NMEA message parser not found for GRM.
4501;RMC;12/26/2016 9:51:46 PM;49.20917815;16.6006193166667;;;;
4502;;;;;;;;NMEA message parser not found for RMB.
4503;;;;;;;;Failed to parse: GGA.. Meters expected in GGA message.
4504;GSA;;;;;;;
4505;GSV;;;;;;;
4506;GSV;;;;;;;
4507;;;;;;;;NMEA message parser not found for GRM.
4508;RMC;12/26/2016 9:51:47 PM;49.2091690666667;16.6006235333333;;;;
4509;;;;;;;;NMEA message parser not found for RMB.
4510;;;;;;;;Failed to parse: GGA.. Meters expected in GGA message.
4511;GSA;;;;;;;
4512;GSV;;;;;;;
4513;GSV;;;;;;;
4514;;;;;;;;NMEA message parser not found for GRM.
4515;RMC;12/26/2016 9:51:48 PM;49.20916;16.60062775;;;;
4516;;;;;;;;NMEA message parser not found for RMB.
4517;;;;;;;;Failed to parse: GGA.. Meters expected in GGA message.
4518;GSA;;;;;;;
4519;GSV;;;;;;;
4520;GSV;;;;;;;
4521;;;;;;;;NMEA message parser not found for GRM.
4522;RMC;12/26/2016 9:51:49 PM;49.2091509166667;16.6006319666667;;;;
4523;;;;;;;;NMEA message parser not found for RMB.
4524;;;;;;;;Failed to parse: GGA.. Meters expected in GGA message.
4525;GSA;;;;;;;
4526;GSV;;;;;;;
4527;GSV;;;;;;;
4528;;;;;;;;NMEA message parser not found for GRM.
4529;RMC;12/26/2016 9:51:50 PM;49.2091418333333;16.6006361833333;;;;
4530;;;;;;;;NMEA message parser not found for RMB.
4531;;;;;;;;Failed to parse: GGA.. Meters expected in GGA message.
4532;GSA;;;;;;;
4533;GSV;;;;;;;
4534;GSV;;;;;;;
4535;;;;;;;;NMEA message parser not found for GRM.
4536;RMC;12/26/2016 9:51:51 PM;49.20913275;16.6006404;;;;
4537;;;;;;;;NMEA message parser not found for RMB.
4538;;;;;;;;Failed to parse: GGA.. Meters expected in GGA message.
4539;GSA;;;;;;;
4540;GSV;;;;;;;
4541;GSV;;;;;;;
4542;;;;;;;;NMEA message parser not found for GRM.
4543;RMC;12/26/2016 9:51:52 PM;49.2091239166667;16.6006449666667;;;;
4544;;;;;;;;NMEA message parser not found for RMB.
4545;;;;;;;;Failed to parse: GGA.. Meters expected in GGA message.
4546;GSA;;;;;;;
4547;GSV;;;;;;;
4548;GSV;;;;;;;
4549;;;;;;;;NMEA message parser not found for GRM.
4550;RMC;12/26/2016 9:51:53 PM;49.20911645;16.6006516333333;;;;
4551;;;;;;;;NMEA message parser not found for RMB.
4552;;;;;;;;Failed to parse: GGA.. Meters expected in GGA message.
4553;GSA;;;;;;;
4554;GSV;;;;;;;
4555;GSV;;;;;;;
4556;;;;;;;;NMEA message parser not found for GRM.
4557;RMC;12/26/2016 9:51:54 PM;49.2091089833333;16.6006583;;;;
4558;;;;;;;;NMEA message parser not found for RMB.
4559;;;;;;;;Failed to parse: GGA.. Meters expected in GGA message.
4560;GSA;;;;;;;
4561;GSV;;;;;;;
4562;GSV;;;;;;;
4563;;;;;;;;NMEA message parser not found for GRM.
4564;RMC;12/26/2016 9:51:55 PM;49.2091015166667;16.6006649666667;;;;
4565;;;;;;;;NMEA message parser not found for RMB.
4566;;;;;;;;Failed to parse: GGA.. Meters expected in GGA message.
4567;GSA;;;;;;;
4568;GSV;;;;;;;
4569;GSV;;;;;;;
4570;;;;;;;;NMEA message parser not found for GRM.
4571;RMC;12/26/2016 9:51:56 PM;49.20909405;16.6006716333333;;;;
4572;;;;;;;;NMEA message parser not found for RMB.
4573;;;;;;;;Failed to parse: GGA.. Meters expected in GGA message.
4574;GSA;;;;;;;
4575;GSV;;;;;;;
4576;GSV;;;;;;;
4577;;;;;;;;NMEA message parser not found for GRM.
4578;RMC;12/26/2016 9:51:57 PM;49.2090865833333;16.6006783;;;;
4579;;;;;;;;NMEA message parser not found for RMB.
4580;;;;;;;;Failed to parse: GGA.. Meters expected in GGA message.
4581;GSA;;;;;;;
4582;GSV;;;;;;;
4583;GSV;;;;;;;
4584;;;;;;;;NMEA message parser not found for GRM.
4585;RMC;12/26/2016 9:51:58 PM;49.2090791166667;16.6006849666667;;;;
4586;;;;;;;;NMEA message parser not found for RMB.
4587;;;;;;;;Failed to parse: GGA.. Meters expected in GGA message.
4588;GSA;;;;;;;
4589;GSV;;;;;;;
4590;GSV;;;;;;;
4591;;;;;;;;NMEA message parser not found for GRM.
4592;RMC;12/26/2016 9:51:59 PM;49.20907165;16.6006916333333;;;;
4593;;;;;;;;NMEA message parser not found for RMB.
4594;;;;;;;;Failed to parse: GGA.. Meters expected in GGA message.
4595;GSA;;;;;;;
4596;GSV;;;;;;;
4597;GSV;;;;;;;
4598;;;;;;;;NMEA message parser not found for GRM.
4599;RMC;12/26/2016 9:52:00 PM;49.2090641833333;16.6006983;;;;
4600;;;;;;;;NMEA message parser not found for RMB.
4601;;;;;;;;Failed to parse: GGA.. Meters expected in GGA message.
4602;GSA;;;;;;;
4603;GSV;;;;;;;
4604;GSV;;;;;;;
4605;;;;;;;;NMEA message parser not found for GRM.
4606;RMC;12/26/2016 9:52:01 PM;49.2090567166667;16.6007049666667;;;;
4607;;;;;;;;NMEA message parser not found for RMB.
4608;;;;;;;;Failed to parse: GGA.. Meters expected in GGA message.
4609;GSA;;;;;;;
4610;GSV;;;;;;;
4611;GSV;;;;;;;
4612;;;;;;;;NMEA message parser not found for GRM.
4613;RMC;12/26/2016 9:52:02 PM;49.20904925;16.6007116333333;;;;
4614;;;;;;;;NMEA message parser not found for RMB.
4615;;;;;;;;Failed to parse: GGA.. Meters expected in GGA message.
4616;GSA;;;;;;;
4617;GSV;;;;;;;
4618;GSV;;;;;;;
4619;;;;;;;;NMEA message parser not found for GRM.
4620;RMC;12/26/2016 9:52:03 PM;49.2090417833333;16.6007183;;;;
4621;;;;;;;;NMEA message parser not found for RMB.
4622;;;;;;;;Failed to parse: GGA.. Meters expected in GGA message.
4623;GSA;;;;;;;
4624;GSV;;;;;;;
4625;GSV;;;;;;;
4626;;;;;;;;NMEA message parser not found for GRM.
4627;RMC;12/26/2016 9:52:04 PM;49.2090343166667;16.6007249666667;;;;
4628;;;;;;;;NMEA message parser not found for RMB.
4629;;;;;;;;Failed to parse: GGA.. Meters expected in GGA message.
4630;GSA;;;;;;;
4631;GSV;;;;;;;
4632;GSV;;;;;;;
4633;;;;;;;;NMEA message parser not found for GRM.
4634;RMC;12/26/2016 9:52:05 PM;49.20902685;16.6007316333333;;;;
4635;;;;;;;;NMEA message parser not found for RMB.
4636;;;;;;;;Failed to parse: GGA.. Meters expected in GGA message.
4637;GSA;;;;;;;
4638;GSV;;;;;;;
4639;GSV;;;;;;;
4640;;;;;;;;NMEA message parser not found for GRM.
4641;RMC;12/26/2016 9:52:06 PM;49.2090193833333;16.6007383;;;;
4642;;;;;;;;NMEA message parser not found for RMB.
4643;;;;;;;;Failed to parse: GGA.. Meters expected in GGA message.
4644;GSA;;;;;;;
4645;GSV;;;;;;;
4646;GSV;;;;;;;
4647;;;;;;;;NMEA message parser not found for GRM.
4648;RMC;12/26/2016 9:52:07 PM;49.2090119166667;16.6007449666667;;;;
4649;;;;;;;;NMEA message parser not found for RMB.
4650;;;;;;;;Failed to parse: GGA.. Meters expected in GGA message.
4651;GSA;;;;;;;
4652;GSV;;;;;;;
4653;GSV;;;;;;;
4654;;;;;;;;NMEA message parser not found for GRM.
4655;RMC;12/26/2016 9:52:08 PM;49.20900445;16.6007516333333;;;;
4656;;;;;;;;NMEA message parser not found for RMB.
4657;;;;;;;;Failed to parse: GGA.. Meters expected in GGA message.
4658;GSA;;;;;;;
4659;GSV;;;;;;;
4660;GSV;;;;;;;
4661;;;;;;;;NMEA message parser not found for GRM.
4662;RMC;12/26/2016 9:52:09 PM;49.2089969833333;16.6007583;;;;
4663;;;;;;;;NMEA message parser not found for RMB.
4664;;;;;;;;Failed to parse: GGA.. Meters expected in GGA message.
4665;GSA;;;;;;;
4666;GSV;;;;;;;
4667;GSV;;;;;;;
4668;;;;;;;;NMEA message parser not found for GRM.
4669;RMC;12/26/2016 9:52:10 PM;49.2089895166667;16.6007649666667;;;;
4670;;;;;;;;NMEA message parser not found for RMB.
4671;;;;;;;;Failed to parse: GGA.. Meters expected in GGA message.
4672;GSA;;;;;;;
4673;GSV;;;;;;;
4674;GSV;;;;;;;
4675;;;;;;;;NMEA message parser not found for GRM.
4676;RMC;12/26/2016 9:52:11 PM;49.20898205;16.6007716333333;;;;
4677;;;;;;;;NMEA message parser not found for RMB.
4678;;;;;;;;Failed to parse: GGA.. Meters expected in GGA message.
4679;GSA;;;;;;;
4680;GSV;;;;;;;
4681;GSV;;;;;;;
4682;;;;;;;;NMEA message parser not found for GRM.
4683;RMC;12/26/2016 9:52:12 PM;49.2089745833333;16.6007783;;;;
4684;;;;;;;;NMEA message parser not found for RMB.
4685;;;;;;;;Failed to parse: GGA.. Meters expected in GGA message.
4686;GSA;;;;;;;
4687;GSV;;;;;;;
4688;GSV;;;;;;;
4689;;;;;;;;NMEA message parser not found for GRM.
4690;RMC;12/26/2016 9:52:13 PM;49.2089671166667;16.6007849666667;;;;
4691;;;;;;;;NMEA message parser not found for RMB.
4692;;;;;;;;Failed to parse: GGA.. Meters expected in GGA message.
4693;GSA;;;;;;;
4694;GSV;;;;;;;
4695;GSV;;;;;;;
4696;;;;;;;;NMEA message parser not found for GRM.
4697;RMC;12/26/2016 9:52:14 PM;49.20895965;16.6007916333333;;;;
4698;;;;;;;;NMEA message parser not found for RMB.
4699;;;;;;;;Failed to parse: GGA.. Meters expected in GGA message.
4700;GSA;;;;;;;
4701;GSV;;;;;;;
4702;GSV;;;;;;;
4703;;;;;;;;NMEA message parser not found for GRM.
4704;RMC;12/26/2016 9:52:15 PM;49.2089521833333;16.6007983;;;;
4705;;;;;;;;NMEA message parser not found for RMB.
4706;;;;;;;;Failed to parse: GGA.. Meters expected in GGA message.
4707;GSA;;;;;;;
4708;GSV;;;;;;;
4709;GSV;;;;;;;
4710;;;;;;;;NMEA message parser not found for GRM.
4711;RMC;12/26/2016 9:52:16 PM;49.2089447;16.6008049666667;;;;
4712;;;;;;;;NMEA message parser not found for RMB.
4713;;;;;;;;Failed to parse: GGA.. Meters expected in GGA message.
4714;GSA;;;;;;;
4715;GSV;;;;;;;
4716;GSV;;;;;;;
4717;;;;;;;;NMEA message parser not found for GRM.
4718;RMC;12/26/2016 9:52:17 PM;49.2089372333333;16.6008116333333;;;;
4719;;;;;;;;NMEA message parser not found for RMB.
4720;;;;;;;;Failed to parse: GGA.. Meters expected in GGA message.
4721;GSA;;;;;;;
4722;GSV;;;;;;;
4723;GSV;;;;;;;
4724;;;;;;;;NMEA message parser not found for GRM.
4725;RMC;12/26/2016 9:52:18 PM;49.2089297666667;16.6008183166667;;;;
4726;;;;;;;;NMEA message parser not found for RMB.
4727;;;;;;;;Failed to parse: GGA.. Meters expected in GGA message.
4728;GSA;;;;;;;
4729;GSV;;;;;;;
4730;GSV;;;;;;;
4731;;;;;;;;NMEA message parser not found for GRM.
4732;RMC;12/26/2016 9:52:19 PM;49.2089223;16.6008249833333;;;;
4733;;;;;;;;NMEA message parser not found for RMB.
4734;;;;;;;;Failed to parse: GGA.. Meters expected in GGA message.
4735;GSA;;;;;;;
4736;GSV;;;;;;;
4737;GSV;;;;;;;
4738;;;;;;;;NMEA message parser not found for GRM.
4739;RMC;12/26/2016 9:52:20 PM;49.2089148333333;16.60083165;;;;
4740;;;;;;;;NMEA message parser not found for RMB.
4741;;;;;;;;Failed to parse: GGA.. Meters expected in GGA message.
4742;GSA;;;;;;;
4743;GSV;;;;;;;
4744;GSV;;;;;;;
4745;;;;;;;;NMEA message parser not found for GRM.
4746;RMC;12/26/2016 9:52:21 PM;49.2089073666667;16.6008383166667;;;;
4747;;;;;;;;NMEA message parser not found for RMB.
4748;;;;;;;;Failed to parse: GGA.. Meters expected in GGA message.
4749;GSA;;;;;;;
4750;GSV;;;;;;;
4751;GSV;;;;;;;
4752;;;;;;;;NMEA message parser not found for GRM.
4753;RMC;12/26/2016 9:52:22 PM;49.2088999;16.6008449833333;;;;
4754;;;;;;;;NMEA message parser not found for RMB.
4755;;;;;;;;Failed to parse: GGA.. Meters expected in GGA message.
4756;GSA;;;;;;;
4757;GSV;;;;;;;
4758;GSV;;;;;;;
4759;;;;;;;;NMEA message parser not found for GRM.
4760;RMC;12/26/2016 9:52:23 PM;49.2088924333333;16.60085165;;;;
4761;;;;;;;;NMEA message parser not found for RMB.
4762;;;;;;;;Failed to parse: GGA.. Meters expected in GGA message.
4763;GSA;;;;;;;
4764;GSV;;;;;;;
4765;GSV;;;;;;;
4766;;;;;;;;NMEA message parser not found for GRM.
4767;RMC;12/26/2016 9:52:24 PM;49.2088849666667;16.6008583166667;;;;
4768;;;;;;;;NMEA message parser not found for RMB.
4769;;;;;;;;Failed to parse: GGA.. Meters expected in GGA message.
4770;GSA;;;;;;;
4771;GSV;;;;;;;
4772;GSV;;;;;;;
4773;;;;;;;;NMEA message parser not found for GRM.
4774;RMC;12/26/2016 9:52:25 PM;49.2088775;16.6008649833333;;;;
4775;;;;;;;;NMEA message parser not found for RMB.
4776;;;;;;;;Failed to parse: GGA.. Meters expected in GGA message.
4777;GSA;;;;;;;
4778;GSV;;;;;;;
4779;GSV;;;;;;;
4780;;;;;;;;NMEA message parser not found for GRM.
4781;RMC;12/26/2016 9:52:26 PM;49.2088700333333;16.60087165;;;;
4782;;;;;;;;NMEA message parser not found for RMB.
4783;;;;;;;;Failed to parse: GGA.. Meters expected in GGA message.
4784;GSA;;;;;;;
4785;GSV;;;;;;;
4786;GSV;;;;;;;
4787;;;;;;;;NMEA message parser not found for GRM.
4788;RMC;12/26/2016 9:52:27 PM;49.2088625666667;16.6008783166667;;;;
4789;;;;;;;;NMEA message parser not found for RMB.
4790;;;;;;;;Failed to parse: GGA.. Meters expected in GGA message.
4791;GSA;;;;;;;
4792;GSV;;;;;;;
4793;GSV;;;;;;;
4794;;;;;;;;NMEA message parser not found for GRM.
4795;RMC;12/26/2016 9:52:28 PM;49.2088551;16.6008849833333;;;;
4796;;;;;;;;NMEA message parser not found for RMB.
4797;;;;;;;;Failed to parse: GGA.. Meters expected in GGA message.
4798;GSA;;;;;;;
4799;GSV;;;;;;;
4800;GSV;;;;;;;
4801;;;;;;;;NMEA message parser not found for GRM.
4802;RMC;12/26/2016 9:52:29 PM;49.2088476333333;16.60089165;;;;
4803;;;;;;;;NMEA message parser not found for RMB.
4804;;;;;;;;Failed to parse: GGA.. Meters expected in GGA message.
4805;GSA;;;;;;;
4806;GSV;;;;;;;
4807;GSV;;;;;;;
4808;;;;;;;;NMEA message parser not found for GRM.
4809;RMC;12/26/2016 9:52:30 PM;49.2088401666667;16.6008983166667;;;;
4810;;;;;;;;NMEA message parser not found for RMB.
4811;;;;;;;;Failed to parse: GGA.. Meters expected in GGA message.
4812;GSA;;;;;;;
4813;GSV;;;;;;;
4814;GSV;;;;;;;
4815;;;;;;;;NMEA message parser not found for GRM.
4816;RMC;12/26/2016 9:52:31 PM;49.2088327;16.6009049833333;;;;
4817;;;;;;;;NMEA message parser not found for RMB.
4818;;;;;;;;Failed to parse: GGA.. Meters expected in GGA message.
4819;GSA;;;;;;;
4820;GSV;;;;;;;
4821;GSV;;;;;;;
4822;;;;;;;;NMEA message parser not found for GRM.
4823;RMC;12/26/2016 9:52:32 PM;49.2088252333333;16.60091165;;;;
4824;;;;;;;;NMEA message parser not found for RMB.
4825;;;;;;;;Failed to parse: GGA.. Meters expected in GGA message.
4826;GSA;;;;;;;
4827;GSV;;;;;;;
4828;GSV;;;;;;;
4829;;;;;;;;NMEA message parser not found for GRM.
4830;RMC;12/26/2016 9:52:33 PM;49.2088177666667;16.6009183166667;;;;
4831;;;;;;;;NMEA message parser not found for RMB.
4832;;;;;;;;Failed to parse: GGA.. Meters expected in GGA message.
4833;GSA;;;;;;;
4834;GSV;;;;;;;
4835;GSV;;;;;;;
4836;;;;;;;;NMEA message parser not found for GRM.
4837;RMC;12/26/2016 9:52:34 PM;49.2088103;16.6009249833333;;;;
4838;;;;;;;;NMEA message parser not found for RMB.
4839;;;;;;;;Failed to parse: GGA.. Meters expected in GGA message.
4840;GSA;;;;;;;
4841;GSV;;;;;;;
4842;GSV;;;;;;;
4843;;;;;;;;NMEA message parser not found for GRM.
4844;RMC;12/26/2016 9:52:35 PM;49.2088028333333;16.60093165;;;;
4845;;;;;;;;NMEA message parser not found for RMB.
4846;;;;;;;;Failed to parse: GGA.. Meters expected in GGA message.
4847;GSA;;;;;;;
4848;GSV;;;;;;;
4849;GSV;;;;;;;
4850;;;;;;;;NMEA message parser not found for GRM.
4851;RMC;12/26/2016 9:52:36 PM;49.2087953666667;16.6009383166667;;;;
4852;;;;;;;;NMEA message parser not found for RMB.
4853;;;;;;;;Failed to parse: GGA.. Meters expected in GGA message.
4854;GSA;;;;;;;
4855;GSV;;;;;;;
4856;GSV;;;;;;;
4857;;;;;;;;NMEA message parser not found for GRM.
4858;RMC;12/26/2016 9:52:37 PM;49.2087901666667;16.6009431;;;;
4859;;;;;;;;NMEA message parser not found for RMB.
4860;;;;;;;;Failed to parse: GGA.. Meters expected in GGA message.
4861;GSA;;;;;;;
4862;GSV;;;;;;;
4863;GSV;;;;;;;
4864;;;;;;;;NMEA message parser not found for GRM.
4865;RMC;12/26/2016 9:52:38 PM;49.2087981;16.6009370166667;;;;
4866;;;;;;;;NMEA message parser not found for RMB.
4867;;;;;;;;Failed to parse: GGA.. Meters expected in GGA message.
4868;GSA;;;;;;;
4869;GSV;;;;;;;
4870;GSV;;;;;;;
4871;;;;;;;;NMEA message parser not found for GRM.
4872;RMC;12/26/2016 9:52:39 PM;49.20880605;16.6009309166667;;;;
4873;;;;;;;;NMEA message parser not found for RMB.
4874;;;;;;;;Failed to parse: GGA.. Meters expected in GGA message.
4875;GSA;;;;;;;
4876;GSV;;;;;;;
4877;GSV;;;;;;;
4878;;;;;;;;NMEA message parser not found for GRM.
4879;RMC;12/26/2016 9:52:40 PM;49.2088139833333;16.6009248166667;;;;
4880;;;;;;;;NMEA message parser not found for RMB.
4881;;;;;;;;Failed to parse: GGA.. Meters expected in GGA message.
4882;GSA;;;;;;;
4883;GSV;;;;;;;
4884;GSV;;;;;;;
4885;;;;;;;;NMEA message parser not found for GRM.
4886;RMC;12/26/2016 9:52:41 PM;49.2088219166667;16.6009187166667;;;;
4887;;;;;;;;NMEA message parser not found for RMB.
4888;;;;;;;;Failed to parse: GGA.. Meters expected in GGA message.
4889;GSA;;;;;;;
4890;GSV;;;;;;;
4891;GSV;;;;;;;
4892;;;;;;;;NMEA message parser not found for GRM.
4893;RMC;12/26/2016 9:52:42 PM;49.2088298666667;16.6009126166667;;;;
4894;;;;;;;;NMEA message parser not found for RMB.
4895;;;;;;;;Failed to parse: GGA.. Meters expected in GGA message.
4896;GSA;;;;;;;
4897;GSV;;;;;;;
4898;GSV;;;;;;;
4899;;;;;;;;NMEA message parser not found for GRM.
4900;RMC;12/26/2016 9:52:43 PM;49.2088378;16.6009065333333;;;;
4901;;;;;;;;NMEA message parser not found for RMB.
4902;;;;;;;;Failed to parse: GGA.. Meters expected in GGA message.
4903;GSA;;;;;;;
4904;GSV;;;;;;;
4905;GSV;;;;;;;
4906;;;;;;;;NMEA message parser not found for GRM.
4907;RMC;12/26/2016 9:52:44 PM;49.2088457333333;16.6009004333333;;;;
4908;;;;;;;;NMEA message parser not found for RMB.
4909;;;;;;;;Failed to parse: GGA.. Meters expected in GGA message.
4910;GSA;;;;;;;
4911;GSV;;;;;;;
4912;GSV;;;;;;;
4913;;;;;;;;NMEA message parser not found for GRM.
4914;RMC;12/26/2016 9:52:45 PM;49.2088536833333;16.6008943333333;;;;
4915;;;;;;;;NMEA message parser not found for RMB.
4916;;;;;;;;Failed to parse: GGA.. Meters expected in GGA message.
4917;GSA;;;;;;;
4918;GSV;;;;;;;
4919;GSV;;;;;;;
4920;;;;;;;;NMEA message parser not found for GRM.
4921;RMC;12/26/2016 9:52:46 PM;49.2088616166667;16.6008882333333;;;;
4922;;;;;;;;NMEA message parser not found for RMB.
4923;;;;;;;;Failed to parse: GGA.. Meters expected in GGA message.
4924;GSA;;;;;;;
4925;GSV;;;;;;;
4926;GSV;;;;;;;
4927;;;;;;;;NMEA message parser not found for GRM.
4928;RMC;12/26/2016 9:52:47 PM;49.2088695666667;16.60088215;;;;
4929;;;;;;;;NMEA message parser not found for RMB.
4930;;;;;;;;Failed to parse: GGA.. Meters expected in GGA message.
4931;GSA;;;;;;;
4932;GSV;;;;;;;
4933;GSV;;;;;;;
4934;;;;;;;;NMEA message parser not found for GRM.
4935;RMC;12/26/2016 9:52:48 PM;49.2088775;16.60087605;;;;
4936;;;;;;;;NMEA message parser not found for RMB.
4937;;;;;;;;Failed to parse: GGA.. Meters expected in GGA message.
4938;GSA;;;;;;;
4939;GSV;;;;;;;
4940;GSV;;;;;;;
4941;;;;;;;;NMEA message parser not found for GRM.
4942;RMC;12/26/2016 9:52:49 PM;49.2088854333333;16.60086995;;;;
4943;;;;;;;;NMEA message parser not found for RMB.
4944;;;;;;;;Failed to parse: GGA.. Meters expected in GGA message.
4945;GSA;;;;;;;
4946;GSV;;;;;;;
4947;GSV;;;;;;;
4948;;;;;;;;NMEA message parser not found for GRM.
4949;RMC;12/26/2016 9:52:50 PM;49.2088933833333;16.60086385;;;;
4950;;;;;;;;NMEA message parser not found for RMB.
4951;;;;;;;;Failed to parse: GGA.. Meters expected in GGA message.
4952;GSA;;;;;;;
4953;GSV;;;;;;;
4954;GSV;;;;;;;
4955;;;;;;;;NMEA message parser not found for GRM.
4956;RMC;12/26/2016 9:52:51 PM;49.2089013166667;16.60085775;;;;
4957;;;;;;;;NMEA message parser not found for RMB.
4958;;;;;;;;Failed to parse: GGA.. Meters expected in GGA message.
4959;GSA;;;;;;;
4960;GSV;;;;;;;
4961;GSV;;;;;;;
4962;;;;;;;;NMEA message parser not found for GRM.
4963;RMC;12/26/2016 9:52:52 PM;49.20890925;16.6008516666667;;;;
4964;;;;;;;;NMEA message parser not found for RMB.
4965;;;;;;;;Failed to parse: GGA.. Meters expected in GGA message.
4966;GSA;;;;;;;
4967;GSV;;;;;;;
4968;GSV;;;;;;;
4969;;;;;;;;NMEA message parser not found for GRM.
4970;RMC;12/26/2016 9:52:53 PM;49.2089172;16.6008455666667;;;;
4971;;;;;;;;NMEA message parser not found for RMB.
4972;;;;;;;;Failed to parse: GGA.. Meters expected in GGA message.
4973;GSA;;;;;;;
4974;GSV;;;;;;;
4975;GSV;;;;;;;
4976;;;;;;;;NMEA message parser not found for GRM.
4977;RMC;12/26/2016 9:52:54 PM;49.2089251333333;16.6008394666667;;;;
4978;;;;;;;;NMEA message parser not found for RMB.
4979;;;;;;;;Failed to parse: GGA.. Meters expected in GGA message.
4980;GSA;;;;;;;
4981;GSV;;;;;;;
4982;GSV;;;;;;;
4983;;;;;;;;NMEA message parser not found for GRM.
4984;RMC;12/26/2016 9:52:55 PM;49.2089330666667;16.6008333666667;;;;
4985;;;;;;;;NMEA message parser not found for RMB.
4986;;;;;;;;Failed to parse: GGA.. Meters expected in GGA message.
4987;GSA;;;;;;;
4988;GSV;;;;;;;
4989;GSV;;;;;;;
4990;;;;;;;;NMEA message parser not found for GRM.
4991;RMC;12/26/2016 9:52:56 PM;49.2089410166667;16.6008272666667;;;;
4992;;;;;;;;NMEA message parser not found for RMB.
4993;;;;;;;;Failed to parse: GGA.. Meters expected in GGA message.
4994;GSA;;;;;;;
4995;GSV;;;;;;;
4996;GSV;;;;;;;
4997;;;;;;;;NMEA message parser not found for GRM.
4998;RMC;12/26/2016 9:52:57 PM;49.20894895;16.6008211833333;;;;
4999;;;;;;;;NMEA message parser not found for RMB.
5000;;;;;;;;Failed to parse: GGA.. Meters expected in GGA message.
5001;GSA;;;;;;;
5002;GSV;;;;;;;
5003;GSV;;;;;;;
5004;;;;;;;;NMEA message parser not found for GRM.
5005;RMC;12/26/2016 9:52:58 PM;49.2089569;16.6008150833333;;;;
5006;;;;;;;;NMEA message parser not found for RMB.
5007;;;;;;;;Failed to parse: GGA.. Meters expected in GGA message.
5008;GSA;;;;;;;
5009;GSV;;;;;;;
5010;GSV;;;;;;;
5011;;;;;;;;NMEA message parser not found for GRM.
5012;RMC;12/26/2016 9:52:59 PM;49.2089596166667;16.6008245166667;;;;
5013;;;;;;;;NMEA message parser not found for RMB.
5014;;;;;;;;Failed to parse: GGA.. Meters expected in GGA message.
5015;GSA;;;;;;;
5016;GSV;;;;;;;
5017;GSV;;;;;;;
5018;;;;;;;;NMEA message parser not found for GRM.
5019;RMC;12/26/2016 9:53:00 PM;49.2089622666667;16.6008341833333;;;;
5020;;;;;;;;NMEA message parser not found for RMB.
5021;;;;;;;;Failed to parse: GGA.. Meters expected in GGA message.
5022;GSA;;;;;;;
5023;GSV;;;;;;;
5024;GSV;;;;;;;
5025;;;;;;;;NMEA message parser not found for GRM.
5026;RMC;12/26/2016 9:53:01 PM;49.2089649166667;16.6008438333333;;;;
5027;;;;;;;;NMEA message parser not found for RMB.
5028;;;;;;;;Failed to parse: GGA.. Meters expected in GGA message.
5029;GSA;;;;;;;
5030;GSV;;;;;;;
5031;GSV;;;;;;;
5032;;;;;;;;NMEA message parser not found for GRM.
5033;RMC;12/26/2016 9:53:02 PM;49.2089675666667;16.6008534833333;;;;
5034;;;;;;;;NMEA message parser not found for RMB.
5035;;;;;;;;Failed to parse: GGA.. Meters expected in GGA message.
5036;GSA;;;;;;;
5037;GSV;;;;;;;
5038;GSV;;;;;;;
5039;;;;;;;;NMEA message parser not found for GRM.
5040;RMC;12/26/2016 9:53:03 PM;49.2089702166667;16.6008631333333;;;;
5041;;;;;;;;NMEA message parser not found for RMB.
5042;;;;;;;;Failed to parse: GGA.. Meters expected in GGA message.
5043;GSA;;;;;;;
5044;GSV;;;;;;;
5045;GSV;;;;;;;
5046;;;;;;;;NMEA message parser not found for GRM.
5047;RMC;12/26/2016 9:53:04 PM;49.2089728666667;16.6008727833333;;;;
5048;;;;;;;;NMEA message parser not found for RMB.
5049;;;;;;;;Failed to parse: GGA.. Meters expected in GGA message.
5050;GSA;;;;;;;
5051;GSV;;;;;;;
5052;GSV;;;;;;;
5053;;;;;;;;NMEA message parser not found for GRM.
5054;RMC;12/26/2016 9:53:05 PM;49.2089755166667;16.6008824333333;;;;
5055;;;;;;;;NMEA message parser not found for RMB.
5056;;;;;;;;Failed to parse: GGA.. Meters expected in GGA message.
5057;GSA;;;;;;;
5058;GSV;;;;;;;
5059;GSV;;;;;;;
5060;;;;;;;;NMEA message parser not found for GRM.
5061;RMC;12/26/2016 9:53:06 PM;49.2089781666667;16.6008921;;;;
5062;;;;;;;;NMEA message parser not found for RMB.
5063;;;;;;;;Failed to parse: GGA.. Meters expected in GGA message.
5064;GSA;;;;;;;
5065;GSV;;;;;;;
5066;GSV;;;;;;;
5067;;;;;;;;NMEA message parser not found for GRM.
5068;RMC;12/26/2016 9:53:07 PM;49.2089808166667;16.60090175;;;;
5069;;;;;;;;NMEA message parser not found for RMB.
5070;;;;;;;;Failed to parse: GGA.. Meters expected in GGA message.
5071;GSA;;;;;;;
5072;GSV;;;;;;;
5073;GSV;;;;;;;
5074;;;;;;;;NMEA message parser not found for GRM.
5075;RMC;12/26/2016 9:53:08 PM;49.2089834666667;16.6009114;;;;
5076;;;;;;;;NMEA message parser not found for RMB.
5077;;;;;;;;Failed to parse: GGA.. Meters expected in GGA message.
5078;GSA;;;;;;;
5079;GSV;;;;;;;
5080;GSV;;;;;;;
5081;;;;;;;;NMEA message parser not found for GRM.
5082;RMC;12/26/2016 9:53:09 PM;49.2089861166667;16.60092105;;;;
5083;;;;;;;;NMEA message parser not found for RMB.
5084;;;;;;;;Failed to parse: GGA.. Meters expected in GGA message.
5085;GSA;;;;;;;
5086;GSV;;;;;;;
5087;GSV;;;;;;;
5088;;;;;;;;NMEA message parser not found for GRM.
5089;RMC;12/26/2016 9:53:10 PM;49.2089887666667;16.6009307;;;;
5090;;;;;;;;NMEA message parser not found for RMB.
5091;;;;;;;;Failed to parse: GGA.. Meters expected in GGA message.
5092;GSA;;;;;;;
5093;GSV;;;;;;;
5094;GSV;;;;;;;
5095;;;;;;;;NMEA message parser not found for GRM.
5096;RMC;12/26/2016 9:53:11 PM;49.2089914166667;16.60094035;;;;
5097;;;;;;;;NMEA message parser not found for RMB.
5098;;;;;;;;Failed to parse: GGA.. Meters expected in GGA message.
5099;GSA;;;;;;;
5100;GSV;;;;;;;
5101;GSV;;;;;;;
5102;;;;;;;;NMEA message parser not found for GRM.
5103;RMC;12/26/2016 9:53:12 PM;49.2089940666667;16.6009500166667;;;;
5104;;;;;;;;NMEA message parser not found for RMB.
5105;;;;;;;;Failed to parse: GGA.. Meters expected in GGA message.
5106;GSA;;;;;;;
5107;GSV;;;;;;;
5108;GSV;;;;;;;
5109;;;;;;;;NMEA message parser not found for GRM.
5110;RMC;12/26/2016 9:53:13 PM;49.2089967166667;16.6009596666667;;;;
5111;;;;;;;;NMEA message parser not found for RMB.
5112;;;;;;;;Failed to parse: GGA.. Meters expected in GGA message.
5113;GSA;;;;;;;
5114;GSV;;;;;;;
5115;GSV;;;;;;;
5116;;;;;;;;NMEA message parser not found for GRM.
5117;RMC;12/26/2016 9:53:14 PM;49.2089993666667;16.6009693166667;;;;
5118;;;;;;;;NMEA message parser not found for RMB.
5119;;;;;;;;Failed to parse: GGA.. Meters expected in GGA message.
5120;GSA;;;;;;;
5121;GSV;;;;;;;
5122;GSV;;;;;;;
5123;;;;;;;;NMEA message parser not found for GRM.
5124;RMC;12/26/2016 9:53:15 PM;49.2090020166667;16.6009789666667;;;;
5125;;;;;;;;NMEA message parser not found for RMB.
5126;;;;;;;;Failed to parse: GGA.. Meters expected in GGA message.
5127;GSA;;;;;;;
5128;GSV;;;;;;;
5129;GSV;;;;;;;
5130;;;;;;;;NMEA message parser not found for GRM.
5131;RMC;12/26/2016 9:53:16 PM;49.2090046666667;16.6009886166667;;;;
5132;;;;;;;;NMEA message parser not found for RMB.
5133;;;;;;;;Failed to parse: GGA.. Meters expected in GGA message.
5134;GSA;;;;;;;
5135;GSV;;;;;;;
5136;GSV;;;;;;;
5137;;;;;;;;NMEA message parser not found for GRM.
5138;RMC;12/26/2016 9:53:17 PM;49.2090073166667;16.6009982833333;;;;
5139;;;;;;;;NMEA message parser not found for RMB.
5140;;;;;;;;Failed to parse: GGA.. Meters expected in GGA message.
5141;GSA;;;;;;;
5142;GSV;;;;;;;
5143;GSV;;;;;;;
5144;;;;;;;;NMEA message parser not found for GRM.
5145;RMC;12/26/2016 9:53:18 PM;49.2090099666667;16.6010079333333;;;;
5146;;;;;;;;NMEA message parser not found for RMB.
5147;;;;;;;;Failed to parse: GGA.. Meters expected in GGA message.
5148;GSA;;;;;;;
5149;GSV;;;;;;;
5150;GSV;;;;;;;
5151;;;;;;;;NMEA message parser not found for GRM.
5152;RMC;12/26/2016 9:53:19 PM;49.2090126166667;16.6010175833333;;;;
5153;;;;;;;;NMEA message parser not found for RMB.
5154;;;;;;;;Failed to parse: GGA.. Meters expected in GGA message.
5155;GSA;;;;;;;
5156;GSV;;;;;;;
5157;GSV;;;;;;;
5158;;;;;;;;NMEA message parser not found for GRM.
5159;RMC;12/26/2016 9:53:20 PM;49.2090152666667;16.6010272333333;;;;
5160;;;;;;;;NMEA message parser not found for RMB.
5161;;;;;;;;Failed to parse: GGA.. Meters expected in GGA message.
5162;GSA;;;;;;;
5163;GSV;;;;;;;
5164;GSV;;;;;;;
5165;;;;;;;;NMEA message parser not found for GRM.
5166;RMC;12/26/2016 9:53:21 PM;49.2090179166667;16.6010368833333;;;;
5167;;;;;;;;NMEA message parser not found for RMB.
5168;;;;;;;;Failed to parse: GGA.. Meters expected in GGA message.
5169;GSA;;;;;;;
5170;GSV;;;;;;;
5171;GSV;;;;;;;
5172;;;;;;;;NMEA message parser not found for GRM.
5173;RMC;12/26/2016 9:53:22 PM;49.2090205666667;16.6010465333333;;;;
5174;;;;;;;;NMEA message parser not found for RMB.
5175;;;;;;;;Failed to parse: GGA.. Meters expected in GGA message.
5176;GSA;;;;;;;
5177;GSV;;;;;;;
5178;GSV;;;;;;;
5179;;;;;;;;NMEA message parser not found for GRM.
5180;RMC;12/26/2016 9:53:23 PM;49.2090232166667;16.6010562;;;;
5181;;;;;;;;NMEA message parser not found for RMB.
5182;;;;;;;;Failed to parse: GGA.. Meters expected in GGA message.
5183;GSA;;;;;;;
5184;GSV;;;;;;;
5185;GSV;;;;;;;
5186;;;;;;;;NMEA message parser not found for GRM.
5187;RMC;12/26/2016 9:53:24 PM;49.2090258666667;16.60106585;;;;
5188;;;;;;;;NMEA message parser not found for RMB.
5189;;;;;;;;Failed to parse: GGA.. Meters expected in GGA message.
5190;GSA;;;;;;;
5191;GSV;;;;;;;
5192;GSV;;;;;;;
5193;;;;;;;;NMEA message parser not found for GRM.
5194;RMC;12/26/2016 9:53:25 PM;49.2090285166667;16.6010755;;;;
5195;;;;;;;;NMEA message parser not found for RMB.
5196;;;;;;;;Failed to parse: GGA.. Meters expected in GGA message.
5197;GSA;;;;;;;
5198;GSV;;;;;;;
5199;GSV;;;;;;;
5200;;;;;;;;NMEA message parser not found for GRM.
5201;RMC;12/26/2016 9:53:26 PM;49.2090311666667;16.60108515;;;;
5202;;;;;;;;NMEA message parser not found for RMB.
5203;;;;;;;;Failed to parse: GGA.. Meters expected in GGA message.
5204;GSA;;;;;;;
5205;GSV;;;;;;;
5206;GSV;;;;;;;
5207;;;;;;;;NMEA message parser not found for GRM.
5208;RMC;12/26/2016 9:53:27 PM;49.2090338166667;16.6010948;;;;
5209;;;;;;;;NMEA message parser not found for RMB.
5210;;;;;;;;Failed to parse: GGA.. Meters expected in GGA message.
5211;GSA;;;;;;;
5212;GSV;;;;;;;
5213;GSV;;;;;;;
5214;;;;;;;;NMEA message parser not found for GRM.
5215;RMC;12/26/2016 9:53:28 PM;49.2090364666667;16.60110445;;;;
5216;;;;;;;;NMEA message parser not found for RMB.
5217;;;;;;;;Failed to parse: GGA.. Meters expected in GGA message.
5218;GSA;;;;;;;
5219;GSV;;;;;;;
5220;GSV;;;;;;;
5221;;;;;;;;NMEA message parser not found for GRM.
5222;RMC;12/26/2016 9:53:29 PM;49.2090391166667;16.6011141166667;;;;
5223;;;;;;;;NMEA message parser not found for RMB.
5224;;;;;;;;Failed to parse: GGA.. Meters expected in GGA message.
5225;GSA;;;;;;;
5226;GSV;;;;;;;
5227;GSV;;;;;;;
5228;;;;;;;;NMEA message parser not found for GRM.
5229;RMC;12/26/2016 9:53:30 PM;49.2090417666667;16.6011237666667;;;;
5230;;;;;;;;NMEA message parser not found for RMB.
5231;;;;;;;;Failed to parse: GGA.. Meters expected in GGA message.
5232;GSA;;;;;;;
5233;GSV;;;;;;;
5234;GSV;;;;;;;
5235;;;;;;;;NMEA message parser not found for GRM.
5236;RMC;12/26/2016 9:53:31 PM;49.2090444166667;16.6011334166667;;;;
5237;;;;;;;;NMEA message parser not found for RMB.
5238;;;;;;;;Failed to parse: GGA.. Meters expected in GGA message.
5239;GSA;;;;;;;
5240;GSV;;;;;;;
5241;GSV;;;;;;;
5242;;;;;;;;NMEA message parser not found for GRM.
5243;RMC;12/26/2016 9:53:32 PM;49.20904705;16.6011430666667;;;;
5244;;;;;;;;NMEA message parser not found for RMB.
5245;;;;;;;;Failed to parse: GGA.. Meters expected in GGA message.
5246;GSA;;;;;;;
5247;GSV;;;;;;;
5248;GSV;;;;;;;
5249;;;;;;;;NMEA message parser not found for GRM.
5250;RMC;12/26/2016 9:53:33 PM;49.2090497;16.6011527166667;;;;
5251;;;;;;;;NMEA message parser not found for RMB.
5252;;;;;;;;Failed to parse: GGA.. Meters expected in GGA message.
5253;GSA;;;;;;;
5254;GSV;;;;;;;
5255;GSV;;;;;;;
5256;;;;;;;;NMEA message parser not found for GRM.
5257;RMC;12/26/2016 9:53:34 PM;49.20905235;16.6011623666667;;;;
5258;;;;;;;;NMEA message parser not found for RMB.
5259;;;;;;;;Failed to parse: GGA.. Meters expected in GGA message.
5260;GSA;;;;;;;
5261;GSV;;;;;;;
5262;GSV;;;;;;;
5263;;;;;;;;NMEA message parser not found for GRM.
5264;RMC;12/26/2016 9:53:35 PM;49.209055;16.6011720333333;;;;
5265;;;;;;;;NMEA message parser not found for RMB.
5266;;;;;;;;Failed to parse: GGA.. Meters expected in GGA message.
5267;GSA;;;;;;;
5268;GSV;;;;;;;
5269;GSV;;;;;;;
5270;;;;;;;;NMEA message parser not found for GRM.
5271;RMC;12/26/2016 9:53:36 PM;49.20905765;16.6011816833333;;;;
5272;;;;;;;;NMEA message parser not found for RMB.
5273;;;;;;;;Failed to parse: GGA.. Meters expected in GGA message.
5274;GSA;;;;;;;
5275;GSV;;;;;;;
5276;GSV;;;;;;;
5277;;;;;;;;NMEA message parser not found for GRM.
5278;RMC;12/26/2016 9:53:37 PM;49.2090603;16.6011913333333;;;;
5279;;;;;;;;NMEA message parser not found for RMB.
5280;;;;;;;;Failed to parse: GGA.. Meters expected in GGA message.
5281;GSA;;;;;;;
5282;GSV;;;;;;;
5283;GSV;;;;;;;
5284;;;;;;;;NMEA message parser not found for GRM.
5285;RMC;12/26/2016 9:53:38 PM;49.20906295;16.6012009833333;;;;
5286;;;;;;;;NMEA message parser not found for RMB.
5287;;;;;;;;Failed to parse: GGA.. Meters expected in GGA message.
5288;GSA;;;;;;;
5289;GSV;;;;;;;
5290;GSV;;;;;;;
5291;;;;;;;;NMEA message parser not found for GRM.
5292;RMC;12/26/2016 9:53:39 PM;49.2090656;16.6012106333333;;;;
5293;;;;;;;;NMEA message parser not found for RMB.
5294;;;;;;;;Failed to parse: GGA.. Meters expected in GGA message.
5295;GSA;;;;;;;
5296;GSV;;;;;;;
5297;GSV;;;;;;;
5298;;;;;;;;NMEA message parser not found for GRM.
5299;RMC;12/26/2016 9:53:40 PM;49.20906825;16.6012203;;;;
5300;;;;;;;;NMEA message parser not found for RMB.
5301;;;;;;;;Failed to parse: GGA.. Meters expected in GGA message.
5302;GSA;;;;;;;
5303;GSV;;;;;;;
5304;GSV;;;;;;;
5305;;;;;;;;NMEA message parser not found for GRM.
5306;RMC;12/26/2016 9:53:41 PM;49.2090705833333;16.6012300333333;;;;
5307;;;;;;;;NMEA message parser not found for RMB.
5308;;;;;;;;Failed to parse: GGA.. Meters expected in GGA message.
5309;GSA;;;;;;;
5310;GSV;;;;;;;
5311;GSV;;;;;;;
5312;;;;;;;;NMEA message parser not found for GRM.
5313;RMC;12/26/2016 9:53:42 PM;49.2090727833333;16.6012397833333;;;;
5314;;;;;;;;NMEA message parser not found for RMB.
5315;;;;;;;;Failed to parse: GGA.. Meters expected in GGA message.
5316;GSA;;;;;;;
5317;GSV;;;;;;;
5318;GSV;;;;;;;
5319;;;;;;;;NMEA message parser not found for GRM.
5320;RMC;12/26/2016 9:53:43 PM;49.209075;16.60124955;;;;
5321;;;;;;;;NMEA message parser not found for RMB.
5322;;;;;;;;Failed to parse: GGA.. Meters expected in GGA message.
5323;GSA;;;;;;;
5324;GSV;;;;;;;
5325;GSV;;;;;;;
5326;;;;;;;;NMEA message parser not found for GRM.
5327;RMC;12/26/2016 9:53:44 PM;49.2090772;16.6012593166667;;;;
5328;;;;;;;;NMEA message parser not found for RMB.
5329;;;;;;;;Failed to parse: GGA.. Meters expected in GGA message.
5330;GSA;;;;;;;
5331;GSV;;;;;;;
5332;GSV;;;;;;;
5333;;;;;;;;NMEA message parser not found for GRM.
5334;RMC;12/26/2016 9:53:45 PM;49.2090794;16.6012690833333;;;;
5335;;;;;;;;NMEA message parser not found for RMB.
5336;;;;;;;;Failed to parse: GGA.. Meters expected in GGA message.
5337;GSA;;;;;;;
5338;GSV;;;;;;;
5339;GSV;;;;;;;
5340;;;;;;;;NMEA message parser not found for GRM.
5341;RMC;12/26/2016 9:53:46 PM;49.2090816166667;16.60127885;;;;
5342;;;;;;;;NMEA message parser not found for RMB.
5343;;;;;;;;Failed to parse: GGA.. Meters expected in GGA message.
5344;GSA;;;;;;;
5345;GSV;;;;;;;
5346;GSV;;;;;;;
5347;;;;;;;;NMEA message parser not found for GRM.
5348;RMC;12/26/2016 9:53:47 PM;49.2090838166667;16.6012886166667;;;;
5349;;;;;;;;NMEA message parser not found for RMB.
5350;;;;;;;;Failed to parse: GGA.. Meters expected in GGA message.
5351;GSA;;;;;;;
5352;GSV;;;;;;;
5353;GSV;;;;;;;
5354;;;;;;;;NMEA message parser not found for GRM.
5355;RMC;12/26/2016 9:53:48 PM;49.2090860166667;16.6012983666667;;;;
5356;;;;;;;;NMEA message parser not found for RMB.
5357;;;;;;;;Failed to parse: GGA.. Meters expected in GGA message.
5358;GSA;;;;;;;
5359;GSV;;;;;;;
5360;GSV;;;;;;;
5361;;;;;;;;NMEA message parser not found for GRM.
5362;RMC;12/26/2016 9:53:49 PM;49.2090882166667;16.6013081333333;;;;
5363;;;;;;;;NMEA message parser not found for RMB.
5364;;;;;;;;Failed to parse: GGA.. Meters expected in GGA message.
5365;GSA;;;;;;;
5366;GSV;;;;;;;
5367;GSV;;;;;;;
5368;;;;;;;;NMEA message parser not found for GRM.
5369;RMC;12/26/2016 9:53:50 PM;49.2090904333333;16.6013179;;;;
5370;;;;;;;;NMEA message parser not found for RMB.
5371;;;;;;;;Failed to parse: GGA.. Meters expected in GGA message.
5372;GSA;;;;;;;
5373;GSV;;;;;;;
5374;GSV;;;;;;;
5375;;;;;;;;NMEA message parser not found for GRM.
5376;RMC;12/26/2016 9:53:51 PM;49.2090926333333;16.6013276666667;;;;
5377;;;;;;;;NMEA message parser not found for RMB.
5378;;;;;;;;Failed to parse: GGA.. Meters expected in GGA message.
5379;GSA;;;;;;;
5380;GSV;;;;;;;
5381;GSV;;;;;;;
5382;;;;;;;;NMEA message parser not found for GRM.
5383;RMC;12/26/2016 9:53:52 PM;49.2090948333333;16.6013374333333;;;;
5384;;;;;;;;NMEA message parser not found for RMB.
5385;;;;;;;;Failed to parse: GGA.. Meters expected in GGA message.
5386;GSA;;;;;;;
5387;GSV;;;;;;;
5388;GSV;;;;;;;
5389;;;;;;;;NMEA message parser not found for GRM.
5390;RMC;12/26/2016 9:53:53 PM;49.20909705;16.6013472;;;;
5391;;;;;;;;NMEA message parser not found for RMB.
5392;;;;;;;;Failed to parse: GGA.. Meters expected in GGA message.
5393;GSA;;;;;;;
5394;GSV;;;;;;;
5395;GSV;;;;;;;
5396;;;;;;;;NMEA message parser not found for GRM.
5397;RMC;12/26/2016 9:53:54 PM;49.20909925;16.6013569666667;;;;
5398;;;;;;;;NMEA message parser not found for RMB.
5399;;;;;;;;Failed to parse: GGA.. Meters expected in GGA message.
5400;GSA;;;;;;;
5401;GSV;;;;;;;
5402;GSV;;;;;;;
5403;;;;;;;;NMEA message parser not found for GRM.
5404;RMC;12/26/2016 9:53:55 PM;49.20910145;16.6013667166667;;;;
5405;;;;;;;;NMEA message parser not found for RMB.
5406;;;;;;;;Failed to parse: GGA.. Meters expected in GGA message.
5407;GSA;;;;;;;
5408;GSV;;;;;;;
5409;GSV;;;;;;;
5410;;;;;;;;NMEA message parser not found for GRM.
5411;RMC;12/26/2016 9:53:56 PM;49.2091036666667;16.6013764833333;;;;
5412;;;;;;;;NMEA message parser not found for RMB.
5413;;;;;;;;Failed to parse: GGA.. Meters expected in GGA message.
5414;GSA;;;;;;;
5415;GSV;;;;;;;
5416;GSV;;;;;;;
5417;;;;;;;;NMEA message parser not found for GRM.
5418;RMC;12/26/2016 9:53:57 PM;49.2091058666667;16.60138625;;;;
5419;;;;;;;;NMEA message parser not found for RMB.
5420;;;;;;;;Failed to parse: GGA.. Meters expected in GGA message.
5421;GSA;;;;;;;
5422;GSV;;;;;;;
5423;GSV;;;;;;;
5424;;;;;;;;NMEA message parser not found for GRM.
5425;RMC;12/26/2016 9:53:58 PM;49.2091080666667;16.6013960166667;;;;
5426;;;;;;;;NMEA message parser not found for RMB.
5427;;;;;;;;Failed to parse: GGA.. Meters expected in GGA message.
5428;GSA;;;;;;;
5429;GSV;;;;;;;
5430;GSV;;;;;;;
5431;;;;;;;;NMEA message parser not found for GRM.
5432;RMC;12/26/2016 9:53:59 PM;49.2091102666667;16.6014057833333;;;;
5433;;;;;;;;NMEA message parser not found for RMB.
5434;;;;;;;;Failed to parse: GGA.. Meters expected in GGA message.
5435;GSA;;;;;;;
5436;GSV;;;;;;;
5437;GSV;;;;;;;
5438;;;;;;;;NMEA message parser not found for GRM.
5439;RMC;12/26/2016 9:54:00 PM;49.2091124833333;16.60141555;;;;
5440;;;;;;;;NMEA message parser not found for RMB.
5441;;;;;;;;Failed to parse: GGA.. Meters expected in GGA message.
5442;GSA;;;;;;;
5443;GSV;;;;;;;
5444;GSV;;;;;;;
5445;;;;;;;;NMEA message parser not found for GRM.
5446;RMC;12/26/2016 9:54:01 PM;49.2091146833333;16.6014253166667;;;;
5447;;;;;;;;NMEA message parser not found for RMB.
5448;;;;;;;;Failed to parse: GGA.. Meters expected in GGA message.
5449;GSA;;;;;;;
5450;GSV;;;;;;;
5451;GSV;;;;;;;
5452;;;;;;;;NMEA message parser not found for GRM.
5453;RMC;12/26/2016 9:54:02 PM;49.2091168833333;16.6014350666667;;;;
5454;;;;;;;;NMEA message parser not found for RMB.
5455;;;;;;;;Failed to parse: GGA.. Meters expected in GGA message.
5456;GSA;;;;;;;
5457;GSV;;;;;;;
5458;GSV;;;;;;;
5459;;;;;;;;NMEA message parser not found for GRM.
5460;RMC;12/26/2016 9:54:03 PM;49.2091191;16.6014448333333;;;;
5461;;;;;;;;NMEA message parser not found for RMB.
5462;;;;;;;;Failed to parse: GGA.. Meters expected in GGA message.
5463;GSA;;;;;;;
5464;GSV;;;;;;;
5465;GSV;;;;;;;
5466;;;;;;;;NMEA message parser not found for GRM.
5467;RMC;12/26/2016 9:54:04 PM;49.2091213;16.6014546;;;;
5468;;;;;;;;NMEA message parser not found for RMB.
5469;;;;;;;;Failed to parse: GGA.. Meters expected in GGA message.
5470;GSA;;;;;;;
5471;GSV;;;;;;;
5472;GSV;;;;;;;
5473;;;;;;;;NMEA message parser not found for GRM.
5474;RMC;12/26/2016 9:54:05 PM;49.2091235;16.6014643666667;;;;
5475;;;;;;;;NMEA message parser not found for RMB.
5476;;;;;;;;Failed to parse: GGA.. Meters expected in GGA message.
5477;GSA;;;;;;;
5478;GSV;;;;;;;
5479;GSV;;;;;;;
5480;;;;;;;;NMEA message parser not found for GRM.
5481;RMC;12/26/2016 9:54:06 PM;49.2091257;16.6014741333333;;;;
5482;;;;;;;;NMEA message parser not found for RMB.
5483;;;;;;;;Failed to parse: GGA.. Meters expected in GGA message.
5484;GSA;;;;;;;
5485;GSV;;;;;;;
5486;GSV;;;;;;;
5487;;;;;;;;NMEA message parser not found for GRM.
5488;RMC;12/26/2016 9:54:07 PM;49.2091279166667;16.6014839;;;;
5489;;;;;;;;NMEA message parser not found for RMB.
5490;;;;;;;;Failed to parse: GGA.. Meters expected in GGA message.
5491;GSA;;;;;;;
5492;GSV;;;;;;;
5493;GSV;;;;;;;
5494;;;;;;;;NMEA message parser not found for GRM.
5495;RMC;12/26/2016 9:54:08 PM;49.2091301166667;16.60149365;;;;
5496;;;;;;;;NMEA message parser not found for RMB.
5497;;;;;;;;Failed to parse: GGA.. Meters expected in GGA message.
5498;GSA;;;;;;;
5499;GSV;;;;;;;
5500;GSV;;;;;;;
5501;;;;;;;;NMEA message parser not found for GRM.
5502;RMC;12/26/2016 9:54:09 PM;49.2091323166667;16.6015034166667;;;;
5503;;;;;;;;NMEA message parser not found for RMB.
5504;;;;;;;;Failed to parse: GGA.. Meters expected in GGA message.
5505;GSA;;;;;;;
5506;GSV;;;;;;;
5507;GSV;;;;;;;
5508;;;;;;;;NMEA message parser not found for GRM.
5509;RMC;12/26/2016 9:54:10 PM;49.2091345333333;16.6015131833333;;;;
5510;;;;;;;;NMEA message parser not found for RMB.
5511;;;;;;;;Failed to parse: GGA.. Meters expected in GGA message.
5512;GSA;;;;;;;
5513;GSV;;;;;;;
5514;GSV;;;;;;;
5515;;;;;;;;NMEA message parser not found for GRM.
5516;RMC;12/26/2016 9:54:11 PM;49.2091367333333;16.60152295;;;;
5517;;;;;;;;NMEA message parser not found for RMB.
5518;;;;;;;;Failed to parse: GGA.. Meters expected in GGA message.
5519;GSA;;;;;;;
5520;GSV;;;;;;;
5521;GSV;;;;;;;
5522;;;;;;;;NMEA message parser not found for GRM.
5523;RMC;12/26/2016 9:54:12 PM;49.2091389333333;16.6015327166667;;;;
5524;;;;;;;;NMEA message parser not found for RMB.
5525;;;;;;;;Failed to parse: GGA.. Meters expected in GGA message.
5526;GSA;;;;;;;
5527;GSV;;;;;;;
5528;GSV;;;;;;;
5529;;;;;;;;NMEA message parser not found for GRM.
5530;RMC;12/26/2016 9:54:13 PM;49.2091411333333;16.6015424833333;;;;
5531;;;;;;;;NMEA message parser not found for RMB.
5532;;;;;;;;Failed to parse: GGA.. Meters expected in GGA message.
5533;GSA;;;;;;;
5534;GSV;;;;;;;
5535;GSV;;;;;;;
5536;;;;;;;;NMEA message parser not found for GRM.
5537;RMC;12/26/2016 9:54:14 PM;49.20914335;16.60155225;;;;
5538;;;;;;;;NMEA message parser not found for RMB.
5539;;;;;;;;Failed to parse: GGA.. Meters expected in GGA message.
5540;GSA;;;;;;;
5541;GSV;;;;;;;
5542;GSV;;;;;;;
5543;;;;;;;;NMEA message parser not found for GRM.
5544;RMC;12/26/2016 9:54:15 PM;49.20914555;16.601562;;;;
5545;;;;;;;;NMEA message parser not found for RMB.
5546;;;;;;;;Failed to parse: GGA.. Meters expected in GGA message.
5547;GSA;;;;;;;
5548;GSV;;;;;;;
5549;GSV;;;;;;;
5550;;;;;;;;NMEA message parser not found for GRM.
5551;RMC;12/26/2016 9:54:16 PM;49.20914775;16.6015717666667;;;;
5552;;;;;;;;NMEA message parser not found for RMB.
5553;;;;;;;;Failed to parse: GGA.. Meters expected in GGA message.
5554;GSA;;;;;;;
5555;GSV;;;;;;;
5556;GSV;;;;;;;
5557;;;;;;;;NMEA message parser not found for GRM.
5558;RMC;12/26/2016 9:54:17 PM;49.2091499666667;16.6015815333333;;;;
5559;;;;;;;;NMEA message parser not found for RMB.
5560;;;;;;;;Failed to parse: GGA.. Meters expected in GGA message.
5561;GSA;;;;;;;
5562;GSV;;;;;;;
5563;GSV;;;;;;;
5564;;;;;;;;NMEA message parser not found for GRM.
5565;RMC;12/26/2016 9:54:18 PM;49.2091521666667;16.6015913;;;;
5566;;;;;;;;NMEA message parser not found for RMB.
5567;;;;;;;;Failed to parse: GGA.. Meters expected in GGA message.
5568;GSA;;;;;;;
5569;GSV;;;;;;;
5570;GSV;;;;;;;
5571;;;;;;;;NMEA message parser not found for GRM.
5572;RMC;12/26/2016 9:54:19 PM;49.2091543666667;16.6016010666667;;;;
5573;;;;;;;;NMEA message parser not found for RMB.
5574;;;;;;;;Failed to parse: GGA.. Meters expected in GGA message.
5575;GSA;;;;;;;
5576;GSV;;;;;;;
5577;GSV;;;;;;;
5578;;;;;;;;NMEA message parser not found for GRM.
5579;RMC;12/26/2016 9:54:20 PM;49.2091565666667;16.6016108333333;;;;
5580;;;;;;;;NMEA message parser not found for RMB.
5581;;;;;;;;Failed to parse: GGA.. Meters expected in GGA message.
5582;GSA;;;;;;;
5583;GSV;;;;;;;
5584;GSV;;;;;;;
5585;;;;;;;;NMEA message parser not found for GRM.
5586;RMC;12/26/2016 9:54:21 PM;49.2091587833333;16.6016206;;;;
5587;;;;;;;;NMEA message parser not found for RMB.
5588;;;;;;;;Failed to parse: GGA.. Meters expected in GGA message.
5589;GSA;;;;;;;
5590;GSV;;;;;;;
5591;GSV;;;;;;;
5592;;;;;;;;NMEA message parser not found for GRM.
5593;RMC;12/26/2016 9:54:22 PM;49.2091609833333;16.60163035;;;;
5594;;;;;;;;NMEA message parser not found for RMB.
5595;;;;;;;;Failed to parse: GGA.. Meters expected in GGA message.
5596;GSA;;;;;;;
5597;GSV;;;;;;;
5598;GSV;;;;;;;
5599;;;;;;;;NMEA message parser not found for GRM.
5600;RMC;12/26/2016 9:54:23 PM;49.2091631833333;16.6016401166667;;;;
5601;;;;;;;;NMEA message parser not found for RMB.
5602;;;;;;;;Failed to parse: GGA.. Meters expected in GGA message.
5603;GSA;;;;;;;
5604;GSV;;;;;;;
5605;GSV;;;;;;;
5606;;;;;;;;NMEA message parser not found for GRM.
5607;RMC;12/26/2016 9:54:24 PM;49.2091654;16.6016498833333;;;;
5608;;;;;;;;NMEA message parser not found for RMB.
5609;;;;;;;;Failed to parse: GGA.. Meters expected in GGA message.
5610;GSA;;;;;;;
5611;GSV;;;;;;;
5612;GSV;;;;;;;
5613;;;;;;;;NMEA message parser not found for GRM.
5614;RMC;12/26/2016 9:54:25 PM;49.2091676;16.60165965;;;;
5615;;;;;;;;NMEA message parser not found for RMB.
5616;;;;;;;;Failed to parse: GGA.. Meters expected in GGA message.
5617;GSA;;;;;;;
5618;GSV;;;;;;;
5619;GSV;;;;;;;
5620;;;;;;;;NMEA message parser not found for GRM.
5621;RMC;12/26/2016 9:54:26 PM;49.2091698;16.6016694166667;;;;
5622;;;;;;;;NMEA message parser not found for RMB.
5623;;;;;;;;Failed to parse: GGA.. Meters expected in GGA message.
5624;GSA;;;;;;;
5625;GSV;;;;;;;
5626;GSV;;;;;;;
5627;;;;;;;;NMEA message parser not found for GRM.
5628;RMC;12/26/2016 9:54:27 PM;49.209172;16.6016791833333;;;;
5629;;;;;;;;NMEA message parser not found for RMB.
5630;;;;;;;;Failed to parse: GGA.. Meters expected in GGA message.
5631;GSA;;;;;;;
5632;GSV;;;;;;;
5633;GSV;;;;;;;
5634;;;;;;;;NMEA message parser not found for GRM.
5635;RMC;12/26/2016 9:54:28 PM;49.2091742166667;16.6016889333333;;;;
5636;;;;;;;;NMEA message parser not found for RMB.
5637;;;;;;;;Failed to parse: GGA.. Meters expected in GGA message.
5638;GSA;;;;;;;
5639;GSV;;;;;;;
5640;GSV;;;;;;;
5641;;;;;;;;NMEA message parser not found for GRM.
5642;RMC;12/26/2016 9:54:29 PM;49.2091764166667;16.6016987;;;;
5643;;;;;;;;NMEA message parser not found for RMB.
5644;;;;;;;;Failed to parse: GGA.. Meters expected in GGA message.
5645;GSA;;;;;;;
5646;GSV;;;;;;;
5647;GSV;;;;;;;
5648;;;;;;;;NMEA message parser not found for GRM.
5649;RMC;12/26/2016 9:54:30 PM;49.2091786166667;16.6017084666667;;;;
5650;;;;;;;;NMEA message parser not found for RMB.
5651;;;;;;;;Failed to parse: GGA.. Meters expected in GGA message.
5652;GSA;;;;;;;
5653;GSV;;;;;;;
5654;GSV;;;;;;;
5655;;;;;;;;NMEA message parser not found for GRM.
5656;RMC;12/26/2016 9:54:31 PM;49.2091808333333;16.6017182333333;;;;
5657;;;;;;;;NMEA message parser not found for RMB.
5658;;;;;;;;Failed to parse: GGA.. Meters expected in GGA message.
5659;GSA;;;;;;;
5660;GSV;;;;;;;
5661;GSV;;;;;;;
5662;;;;;;;;NMEA message parser not found for GRM.
5663;RMC;12/26/2016 9:54:32 PM;49.2091830333333;16.601728;;;;
5664;;;;;;;;NMEA message parser not found for RMB.
5665;;;;;;;;Failed to parse: GGA.. Meters expected in GGA message.
5666;GSA;;;;;;;
5667;GSV;;;;;;;
5668;GSV;;;;;;;
5669;;;;;;;;NMEA message parser not found for GRM.
5670;RMC;12/26/2016 9:54:33 PM;49.2091852333333;16.6017377666667;;;;
5671;;;;;;;;NMEA message parser not found for RMB.
5672;;;;;;;;Failed to parse: GGA.. Meters expected in GGA message.
5673;GSA;;;;;;;
5674;GSV;;;;;;;
5675;GSV;;;;;;;
5676;;;;;;;;NMEA message parser not found for GRM.
5677;RMC;12/26/2016 9:54:34 PM;49.2091874333333;16.6017475333333;;;;
5678;;;;;;;;NMEA message parser not found for RMB.
5679;;;;;;;;Failed to parse: GGA.. Meters expected in GGA message.
5680;GSA;;;;;;;
5681;GSV;;;;;;;
5682;GSV;;;;;;;
5683;;;;;;;;NMEA message parser not found for GRM.
5684;RMC;12/26/2016 9:54:35 PM;49.20918965;16.6017572833333;;;;
5685;;;;;;;;NMEA message parser not found for RMB.
5686;;;;;;;;Failed to parse: GGA.. Meters expected in GGA message.
5687;GSA;;;;;;;
5688;GSV;;;;;;;
5689;GSV;;;;;;;
5690;;;;;;;;NMEA message parser not found for GRM.
5691;RMC;12/26/2016 9:54:36 PM;49.20919185;16.60176705;;;;
5692;;;;;;;;NMEA message parser not found for RMB.
5693;;;;;;;;Failed to parse: GGA.. Meters expected in GGA message.
5694;GSA;;;;;;;
5695;GSV;;;;;;;
5696;GSV;;;;;;;
5697;;;;;;;;NMEA message parser not found for GRM.
5698;RMC;12/26/2016 9:54:37 PM;49.20919405;16.6017768166667;;;;
5699;;;;;;;;NMEA message parser not found for RMB.
5700;;;;;;;;Failed to parse: GGA.. Meters expected in GGA message.
5701;GSA;;;;;;;
5702;GSV;;;;;;;
5703;GSV;;;;;;;
5704;;;;;;;;NMEA message parser not found for GRM.
5705;RMC;12/26/2016 9:54:38 PM;49.2091964666667;16.6017865333333;;;;
5706;;;;;;;;NMEA message parser not found for RMB.
5707;;;;;;;;Failed to parse: GGA.. Meters expected in GGA message.
5708;GSA;;;;;;;
5709;GSV;;;;;;;
5710;GSV;;;;;;;
5711;;;;;;;;NMEA message parser not found for GRM.
5712;RMC;12/26/2016 9:54:39 PM;49.2091990333333;16.6017962166667;;;;
5713;;;;;;;;NMEA message parser not found for RMB.
5714;;;;;;;;Failed to parse: GGA.. Meters expected in GGA message.
5715;GSA;;;;;;;
5716;GSV;;;;;;;
5717;GSV;;;;;;;
5718;;;;;;;;NMEA message parser not found for GRM.
5719;RMC;12/26/2016 9:54:40 PM;49.2092016;16.6018058833333;;;;
5720;;;;;;;;NMEA message parser not found for RMB.
5721;;;;;;;;Failed to parse: GGA.. Meters expected in GGA message.
5722;GSA;;;;;;;
5723;GSV;;;;;;;
5724;GSV;;;;;;;
5725;;;;;;;;NMEA message parser not found for GRM.
5726;RMC;12/26/2016 9:54:41 PM;49.20920415;16.6018155666667;;;;
5727;;;;;;;;NMEA message parser not found for RMB.
5728;;;;;;;;Failed to parse: GGA.. Meters expected in GGA message.
5729;GSA;;;;;;;
5730;GSV;;;;;;;
5731;GSV;;;;;;;
5732;;;;;;;;NMEA message parser not found for GRM.
5733;RMC;12/26/2016 9:54:42 PM;49.2092067166667;16.6018252333333;;;;
5734;;;;;;;;NMEA message parser not found for RMB.
5735;;;;;;;;Failed to parse: GGA.. Meters expected in GGA message.
5736;GSA;;;;;;;
5737;GSV;;;;;;;
5738;GSV;;;;;;;
5739;;;;;;;;NMEA message parser not found for GRM.
5740;RMC;12/26/2016 9:54:43 PM;49.2092092833333;16.6018349166667;;;;
5741;;;;;;;;NMEA message parser not found for RMB.
5742;;;;;;;;Failed to parse: GGA.. Meters expected in GGA message.
5743;GSA;;;;;;;
5744;GSV;;;;;;;
5745;GSV;;;;;;;
5746;;;;;;;;NMEA message parser not found for GRM.
5747;RMC;12/26/2016 9:54:44 PM;49.20921185;16.6018445833333;;;;
5748;;;;;;;;NMEA message parser not found for RMB.
5749;;;;;;;;Failed to parse: GGA.. Meters expected in GGA message.
5750;GSA;;;;;;;
5751;GSV;;;;;;;
5752;GSV;;;;;;;
5753;;;;;;;;NMEA message parser not found for GRM.
5754;RMC;12/26/2016 9:54:45 PM;49.2092144166667;16.6018542666667;;;;
5755;;;;;;;;NMEA message parser not found for RMB.
5756;;;;;;;;Failed to parse: GGA.. Meters expected in GGA message.
5757;GSA;;;;;;;
5758;GSV;;;;;;;
5759;GSV;;;;;;;
5760;;;;;;;;NMEA message parser not found for GRM.
5761;RMC;12/26/2016 9:54:46 PM;49.2092169666667;16.60186395;;;;
5762;;;;;;;;NMEA message parser not found for RMB.
5763;;;;;;;;Failed to parse: GGA.. Meters expected in GGA message.
5764;GSA;;;;;;;
5765;GSV;;;;;;;
5766;GSV;;;;;;;
5767;;;;;;;;NMEA message parser not found for GRM.
5768;RMC;12/26/2016 9:54:47 PM;49.2092195333333;16.6018736166667;;;;
5769;;;;;;;;NMEA message parser not found for RMB.
5770;;;;;;;;Failed to parse: GGA.. Meters expected in GGA message.
5771;GSA;;;;;;;
5772;GSV;;;;;;;
5773;GSV;;;;;;;
5774;;;;;;;;NMEA message parser not found for GRM.
5775;RMC;12/26/2016 9:54:48 PM;49.2092221;16.6018833;;;;
5776;;;;;;;;NMEA message parser not found for RMB.
5777;;;;;;;;Failed to parse: GGA.. Meters expected in GGA message.
5778;GSA;;;;;;;
5779;GSV;;;;;;;
5780;GSV;;;;;;;
5781;;;;;;;;NMEA message parser not found for GRM.
5782;RMC;12/26/2016 9:54:49 PM;49.2092246666667;16.6018929666667;;;;
5783;;;;;;;;NMEA message parser not found for RMB.
5784;;;;;;;;Failed to parse: GGA.. Meters expected in GGA message.
5785;GSA;;;;;;;
5786;GSV;;;;;;;
5787;GSV;;;;;;;
5788;;;;;;;;NMEA message parser not found for GRM.
5789;RMC;12/26/2016 9:54:50 PM;49.2092272333333;16.60190265;;;;
5790;;;;;;;;NMEA message parser not found for RMB.
5791;;;;;;;;Failed to parse: GGA.. Meters expected in GGA message.
5792;GSA;;;;;;;
5793;GSV;;;;;;;
5794;GSV;;;;;;;
5795;;;;;;;;NMEA message parser not found for GRM.
5796;RMC;12/26/2016 9:54:51 PM;49.2092297833333;16.6019123166667;;;;
5797;;;;;;;;NMEA message parser not found for RMB.
5798;;;;;;;;Failed to parse: GGA.. Meters expected in GGA message.
5799;GSA;;;;;;;
5800;GSV;;;;;;;
5801;GSV;;;;;;;
5802;;;;;;;;NMEA message parser not found for GRM.
5803;RMC;12/26/2016 9:54:52 PM;49.20923235;16.601922;;;;
5804;;;;;;;;NMEA message parser not found for RMB.
5805;;;;;;;;Failed to parse: GGA.. Meters expected in GGA message.
5806;GSA;;;;;;;
5807;GSV;;;;;;;
5808;GSV;;;;;;;
5809;;;;;;;;NMEA message parser not found for GRM.
5810;RMC;12/26/2016 9:54:53 PM;49.2092349166667;16.6019316833333;;;;
5811;;;;;;;;NMEA message parser not found for RMB.
5812;;;;;;;;Failed to parse: GGA.. Meters expected in GGA message.
5813;GSA;;;;;;;
5814;GSV;;;;;;;
5815;GSV;;;;;;;
5816;;;;;;;;NMEA message parser not found for GRM.
5817;RMC;12/26/2016 9:54:54 PM;49.2092374833333;16.60194135;;;;
5818;;;;;;;;NMEA message parser not found for RMB.
5819;;;;;;;;Failed to parse: GGA.. Meters expected in GGA message.
5820;GSA;;;;;;;
5821;GSV;;;;;;;
5822;GSV;;;;;;;
5823;;;;;;;;NMEA message parser not found for GRM.
5824;RMC;12/26/2016 9:54:55 PM;49.20924005;16.6019510333333;;;;
5825;;;;;;;;NMEA message parser not found for RMB.
5826;;;;;;;;Failed to parse: GGA.. Meters expected in GGA message.
5827;GSA;;;;;;;
5828;GSV;;;;;;;
5829;GSV;;;;;;;
5830;;;;;;;;NMEA message parser not found for GRM.
5831;RMC;12/26/2016 9:54:56 PM;49.2092426;16.6019607;;;;
5832;;;;;;;;NMEA message parser not found for RMB.
5833;;;;;;;;Failed to parse: GGA.. Meters expected in GGA message.
5834;GSA;;;;;;;
5835;GSV;;;;;;;
5836;GSV;;;;;;;
5837;;;;;;;;NMEA message parser not found for GRM.
5838;RMC;12/26/2016 9:54:57 PM;49.2092451666667;16.6019703833333;;;;
5839;;;;;;;;NMEA message parser not found for RMB.
5840;;;;;;;;Failed to parse: GGA.. Meters expected in GGA message.
5841;GSA;;;;;;;
5842;GSV;;;;;;;
5843;GSV;;;;;;;
5844;;;;;;;;NMEA message parser not found for GRM.
5845;RMC;12/26/2016 9:54:58 PM;49.2092477333333;16.60198005;;;;
5846;;;;;;;;NMEA message parser not found for RMB.
5847;;;;;;;;Failed to parse: GGA.. Meters expected in GGA message.
5848;GSA;;;;;;;
5849;GSV;;;;;;;
5850;GSV;;;;;;;
5851;;;;;;;;NMEA message parser not found for GRM.
5852;RMC;12/26/2016 9:54:59 PM;49.2092503;16.6019897333333;;;;
5853;;;;;;;;NMEA message parser not found for RMB.
5854;;;;;;;;Failed to parse: GGA.. Meters expected in GGA message.
5855;GSA;;;;;;;
5856;GSV;;;;;;;
5857;GSV;;;;;;;
5858;;;;;;;;NMEA message parser not found for GRM.
5859;RMC;12/26/2016 9:55:00 PM;49.2092528666667;16.6019994166667;;;;
5860;;;;;;;;NMEA message parser not found for RMB.
5861;;;;;;;;Failed to parse: GGA.. Meters expected in GGA message.
5862;GSA;;;;;;;
5863;GSV;;;;;;;
5864;GSV;;;;;;;
5865;;;;;;;;NMEA message parser not found for GRM.
5866;RMC;12/26/2016 9:55:01 PM;49.2092554166667;16.6020090833333;;;;
5867;;;;;;;;NMEA message parser not found for RMB.
5868;;;;;;;;Failed to parse: GGA.. Meters expected in GGA message.
5869;GSA;;;;;;;
5870;GSV;;;;;;;
5871;GSV;;;;;;;
5872;;;;;;;;NMEA message parser not found for GRM.
5873;RMC;12/26/2016 9:55:02 PM;49.2092579833333;16.6020187666667;;;;
5874;;;;;;;;NMEA message parser not found for RMB.
5875;;;;;;;;Failed to parse: GGA.. Meters expected in GGA message.
5876;GSA;;;;;;;
5877;GSV;;;;;;;
5878;GSV;;;;;;;
5879;;;;;;;;NMEA message parser not found for GRM.
5880;RMC;12/26/2016 9:55:03 PM;49.20926055;16.6020284333333;;;;
5881;;;;;;;;NMEA message parser not found for RMB.
5882;;;;;;;;Failed to parse: GGA.. Meters expected in GGA message.
5883;GSA;;;;;;;
5884;GSV;;;;;;;
5885;GSV;;;;;;;
5886;;;;;;;;NMEA message parser not found for GRM.
5887;RMC;12/26/2016 9:55:04 PM;49.2092631166667;16.6020381166667;;;;
5888;;;;;;;;NMEA message parser not found for RMB.
5889;;;;;;;;Failed to parse: GGA.. Meters expected in GGA message.
5890;GSA;;;;;;;
5891;GSV;;;;;;;
5892;GSV;;;;;;;
5893;;;;;;;;NMEA message parser not found for GRM.
5894;RMC;12/26/2016 9:55:05 PM;49.2092656833333;16.6020477833333;;;;
5895;;;;;;;;NMEA message parser not found for RMB.
5896;;;;;;;;Failed to parse: GGA.. Meters expected in GGA message.
5897;GSA;;;;;;;
5898;GSV;;;;;;;
5899;GSV;;;;;;;
5900;;;;;;;;NMEA message parser not found for GRM.
5901;RMC;12/26/2016 9:55:06 PM;49.2092682333333;16.6020574666667;;;;
5902;;;;;;;;NMEA message parser not found for RMB.
5903;;;;;;;;Failed to parse: GGA.. Meters expected in GGA message.
5904;GSA;;;;;;;
5905;GSV;;;;;;;
5906;GSV;;;;;;;
5907;;;;;;;;NMEA message parser not found for GRM.
5908;RMC;12/26/2016 9:55:07 PM;49.2092708;16.60206715;;;;
5909;;;;;;;;NMEA message parser not found for RMB.
5910;;;;;;;;Failed to parse: GGA.. Meters expected in GGA message.
5911;GSA;;;;;;;
5912;GSV;;;;;;;
5913;GSV;;;;;;;
5914;;;;;;;;NMEA message parser not found for GRM.
5915;RMC;12/26/2016 9:55:08 PM;49.2092733666667;16.6020768166667;;;;
5916;;;;;;;;NMEA message parser not found for RMB.
5917;;;;;;;;Failed to parse: GGA.. Meters expected in GGA message.
5918;GSA;;;;;;;
5919;GSV;;;;;;;
5920;GSV;;;;;;;
5921;;;;;;;;NMEA message parser not found for GRM.
5922;RMC;12/26/2016 9:55:09 PM;49.2092759333333;16.6020865;;;;
5923;;;;;;;;NMEA message parser not found for RMB.
5924;;;;;;;;Failed to parse: GGA.. Meters expected in GGA message.
5925;GSA;;;;;;;
5926;GSV;;;;;;;
5927;GSV;;;;;;;
5928;;;;;;;;NMEA message parser not found for GRM.
5929;RMC;12/26/2016 9:55:10 PM;49.2092785;16.6020961666667;;;;
5930;;;;;;;;NMEA message parser not found for RMB.
5931;;;;;;;;Failed to parse: GGA.. Meters expected in GGA message.
5932;GSA;;;;;;;
5933;GSV;;;;;;;
5934;GSV;;;;;;;
5935;;;;;;;;NMEA message parser not found for GRM.
5936;RMC;12/26/2016 9:55:11 PM;49.2092810666667;16.60210585;;;;
5937;;;;;;;;NMEA message parser not found for RMB.
5938;;;;;;;;Failed to parse: GGA.. Meters expected in GGA message.
5939;GSA;;;;;;;
5940;GSV;;;;;;;
5941;GSV;;;;;;;
5942;;;;;;;;NMEA message parser not found for GRM.
5943;RMC;12/26/2016 9:55:12 PM;49.2092836166667;16.6021155166667;;;;
5944;;;;;;;;NMEA message parser not found for RMB.
5945;;;;;;;;Failed to parse: GGA.. Meters expected in GGA message.
5946;GSA;;;;;;;
5947;GSV;;;;;;;
5948;GSV;;;;;;;
5949;;;;;;;;NMEA message parser not found for GRM.
5950;RMC;12/26/2016 9:55:13 PM;49.2092861833333;16.6021252;;;;
5951;;;;;;;;NMEA message parser not found for RMB.
5952;;;;;;;;Failed to parse: GGA.. Meters expected in GGA message.
5953;GSA;;;;;;;
5954;GSV;;;;;;;
5955;GSV;;;;;;;
5956;;;;;;;;NMEA message parser not found for GRM.
5957;RMC;12/26/2016 9:55:14 PM;49.20928875;16.6021348833333;;;;
5958;;;;;;;;NMEA message parser not found for RMB.
5959;;;;;;;;Failed to parse: GGA.. Meters expected in GGA message.
5960;GSA;;;;;;;
5961;GSV;;;;;;;
5962;GSV;;;;;;;
5963;;;;;;;;NMEA message parser not found for GRM.
5964;RMC;12/26/2016 9:55:15 PM;49.2092913166667;16.60214455;;;;
5965;;;;;;;;NMEA message parser not found for RMB.
5966;;;;;;;;Failed to parse: GGA.. Meters expected in GGA message.
5967;GSA;;;;;;;
5968;GSV;;;;;;;
5969;GSV;;;;;;;
5970;;;;;;;;NMEA message parser not found for GRM.
5971;RMC;12/26/2016 9:55:16 PM;49.2092938833333;16.6021542333333;;;;
5972;;;;;;;;NMEA message parser not found for RMB.
5973;;;;;;;;Failed to parse: GGA.. Meters expected in GGA message.
5974;GSA;;;;;;;
5975;GSV;;;;;;;
5976;GSV;;;;;;;
5977;;;;;;;;NMEA message parser not found for GRM.
5978;RMC;12/26/2016 9:55:17 PM;49.2092964333333;16.6021639;;;;
5979;;;;;;;;NMEA message parser not found for RMB.
5980;;;;;;;;Failed to parse: GGA.. Meters expected in GGA message.
5981;GSA;;;;;;;
5982;GSV;;;;;;;
5983;GSV;;;;;;;
5984;;;;;;;;NMEA message parser not found for GRM.
5985;RMC;12/26/2016 9:55:18 PM;49.209299;16.6021735833333;;;;
5986;;;;;;;;NMEA message parser not found for RMB.
5987;;;;;;;;Failed to parse: GGA.. Meters expected in GGA message.
5988;GSA;;;;;;;
5989;GSV;;;;;;;
5990;GSV;;;;;;;
5991;;;;;;;;NMEA message parser not found for GRM.
5992;RMC;12/26/2016 9:55:19 PM;49.2093015666667;16.60218325;;;;
5993;;;;;;;;NMEA message parser not found for RMB.
5994;;;;;;;;Failed to parse: GGA.. Meters expected in GGA message.
5995;GSA;;;;;;;
5996;GSV;;;;;;;
5997;GSV;;;;;;;
5998;;;;;;;;NMEA message parser not found for GRM.
5999;RMC;12/26/2016 9:55:20 PM;49.2093041333333;16.6021929333333;;;;
6000;;;;;;;;NMEA message parser not found for RMB.
6001;;;;;;;;Failed to parse: GGA.. Meters expected in GGA message.
6002;GSA;;;;;;;
6003;GSV;;;;;;;
6004;GSV;;;;;;;
6005;;;;;;;;NMEA message parser not found for GRM.
6006;RMC;12/26/2016 9:55:21 PM;49.2093067;16.6022026166667;;;;
6007;;;;;;;;NMEA message parser not found for RMB.
6008;;;;;;;;Failed to parse: GGA.. Meters expected in GGA message.
6009;GSA;;;;;;;
6010;GSV;;;;;;;
6011;GSV;;;;;;;
6012;;;;;;;;NMEA message parser not found for GRM.
6013;RMC;12/26/2016 9:55:22 PM;49.20930925;16.6022122833333;;;;
6014;;;;;;;;NMEA message parser not found for RMB.
6015;;;;;;;;Failed to parse: GGA.. Meters expected in GGA message.
6016;GSA;;;;;;;
6017;GSV;;;;;;;
6018;GSV;;;;;;;
6019;;;;;;;;NMEA message parser not found for GRM.
6020;RMC;12/26/2016 9:55:23 PM;49.2093118166667;16.6022219666667;;;;
6021;;;;;;;;NMEA message parser not found for RMB.
6022;;;;;;;;Failed to parse: GGA.. Meters expected in GGA message.
6023;GSA;;;;;;;
6024;GSV;;;;;;;
6025;GSV;;;;;;;
6026;;;;;;;;NMEA message parser not found for GRM.
6027;RMC;12/26/2016 9:55:24 PM;49.2093143833333;16.6022316333333;;;;
6028;;;;;;;;NMEA message parser not found for RMB.
6029;;;;;;;;Failed to parse: GGA.. Meters expected in GGA message.
6030;GSA;;;;;;;
6031;GSV;;;;;;;
6032;GSV;;;;;;;
6033;;;;;;;;NMEA message parser not found for GRM.
6034;RMC;12/26/2016 9:55:25 PM;49.20931695;16.6022413166667;;;;
6035;;;;;;;;NMEA message parser not found for RMB.
6036;;;;;;;;Failed to parse: GGA.. Meters expected in GGA message.
6037;GSA;;;;;;;
6038;GSV;;;;;;;
6039;GSV;;;;;;;
6040;;;;;;;;NMEA message parser not found for GRM.
6041;RMC;12/26/2016 9:55:26 PM;49.2093195166667;16.6022509833333;;;;
6042;;;;;;;;NMEA message parser not found for RMB.
6043;;;;;;;;Failed to parse: GGA.. Meters expected in GGA message.
6044;GSA;;;;;;;
6045;GSV;;;;;;;
6046;GSV;;;;;;;
6047;;;;;;;;NMEA message parser not found for GRM.
6048;RMC;12/26/2016 9:55:27 PM;49.2093220666667;16.6022606666667;;;;
6049;;;;;;;;NMEA message parser not found for RMB.
6050;;;;;;;;Failed to parse: GGA.. Meters expected in GGA message.
6051;GSA;;;;;;;
6052;GSV;;;;;;;
6053;GSV;;;;;;;
6054;;;;;;;;NMEA message parser not found for GRM.
6055;RMC;12/26/2016 9:55:28 PM;49.2093246333333;16.60227035;;;;
6056;;;;;;;;NMEA message parser not found for RMB.
6057;;;;;;;;Failed to parse: GGA.. Meters expected in GGA message.
6058;GSA;;;;;;;
6059;GSV;;;;;;;
6060;GSV;;;;;;;
6061;;;;;;;;NMEA message parser not found for GRM.
6062;RMC;12/26/2016 9:55:29 PM;49.2093272;16.6022800166667;;;;
6063;;;;;;;;NMEA message parser not found for RMB.
6064;;;;;;;;Failed to parse: GGA.. Meters expected in GGA message.
6065;GSA;;;;;;;
6066;GSV;;;;;;;
6067;GSV;;;;;;;
6068;;;;;;;;NMEA message parser not found for GRM.
6069;RMC;12/26/2016 9:55:30 PM;49.2093297666667;16.6022897;;;;
6070;;;;;;;;NMEA message parser not found for RMB.
6071;;;;;;;;Failed to parse: GGA.. Meters expected in GGA message.
6072;GSA;;;;;;;
6073;GSV;;;;;;;
6074;GSV;;;;;;;
6075;;;;;;;;NMEA message parser not found for GRM.
6076;RMC;12/26/2016 9:55:31 PM;49.2093323333333;16.6022993666667;;;;
6077;;;;;;;;NMEA message parser not found for RMB.
6078;;;;;;;;Failed to parse: GGA.. Meters expected in GGA message.
6079;GSA;;;;;;;
6080;GSV;;;;;;;
6081;GSV;;;;;;;
6082;;;;;;;;NMEA message parser not found for GRM.
6083;RMC;12/26/2016 9:55:32 PM;49.2093348833333;16.60230905;;;;
6084;;;;;;;;NMEA message parser not found for RMB.
6085;;;;;;;;Failed to parse: GGA.. Meters expected in GGA message.
6086;GSA;;;;;;;
6087;GSV;;;;;;;
6088;GSV;;;;;;;
6089;;;;;;;;NMEA message parser not found for GRM.
6090;RMC;12/26/2016 9:55:33 PM;49.20933745;16.6023187166667;;;;
6091;;;;;;;;NMEA message parser not found for RMB.
6092;;;;;;;;Failed to parse: GGA.. Meters expected in GGA message.
6093;GSA;;;;;;;
6094;GSV;;;;;;;
6095;GSV;;;;;;;
6096;;;;;;;;NMEA message parser not found for GRM.
6097;RMC;12/26/2016 9:55:34 PM;49.2093400166667;16.6023284;;;;
6098;;;;;;;;NMEA message parser not found for RMB.
6099;;;;;;;;Failed to parse: GGA.. Meters expected in GGA message.
6100;GSA;;;;;;;
6101;GSV;;;;;;;
6102;GSV;;;;;;;
6103;;;;;;;;NMEA message parser not found for GRM.
6104;RMC;12/26/2016 9:55:35 PM;49.2093425833333;16.6023380833333;;;;
6105;;;;;;;;NMEA message parser not found for RMB.
6106;;;;;;;;Failed to parse: GGA.. Meters expected in GGA message.
6107;GSA;;;;;;;
6108;GSV;;;;;;;
6109;GSV;;;;;;;
6110;;;;;;;;NMEA message parser not found for GRM.
6111;RMC;12/26/2016 9:55:36 PM;49.20934515;16.60234775;;;;
6112;;;;;;;;NMEA message parser not found for RMB.
6113;;;;;;;;Failed to parse: GGA.. Meters expected in GGA message.
6114;GSA;;;;;;;
6115;GSV;;;;;;;
6116;GSV;;;;;;;
6117;;;;;;;;NMEA message parser not found for GRM.
6118;RMC;12/26/2016 9:55:37 PM;49.2093477;16.6023574333333;;;;
6119;;;;;;;;NMEA message parser not found for RMB.
6120;;;;;;;;Failed to parse: GGA.. Meters expected in GGA message.
6121;GSA;;;;;;;
6122;GSV;;;;;;;
6123;GSV;;;;;;;
6124;;;;;;;;NMEA message parser not found for GRM.
6125;RMC;12/26/2016 9:55:38 PM;49.2093502666667;16.6023671;;;;
6126;;;;;;;;NMEA message parser not found for RMB.
6127;;;;;;;;Failed to parse: GGA.. Meters expected in GGA message.
6128;GSA;;;;;;;
6129;GSV;;;;;;;
6130;GSV;;;;;;;
6131;;;;;;;;NMEA message parser not found for GRM.
6132;RMC;12/26/2016 9:55:39 PM;49.2093528333333;16.6023767833333;;;;
6133;;;;;;;;NMEA message parser not found for RMB.
6134;;;;;;;;Failed to parse: GGA.. Meters expected in GGA message.
6135;GSA;;;;;;;
6136;GSV;;;;;;;
6137;GSV;;;;;;;
6138;;;;;;;;NMEA message parser not found for GRM.
6139;RMC;12/26/2016 9:55:40 PM;49.2093554;16.6023864666667;;;;
6140;;;;;;;;NMEA message parser not found for RMB.
6141;;;;;;;;Failed to parse: GGA.. Meters expected in GGA message.
6142;GSA;;;;;;;
6143;GSV;;;;;;;
6144;GSV;;;;;;;
6145;;;;;;;;NMEA message parser not found for GRM.
6146;RMC;12/26/2016 9:55:41 PM;49.2093579666667;16.6023961333333;;;;
6147;;;;;;;;NMEA message parser not found for RMB.
6148;;;;;;;;Failed to parse: GGA.. Meters expected in GGA message.
6149;GSA;;;;;;;
6150;GSV;;;;;;;
6151;GSV;;;;;;;
6152;;;;;;;;NMEA message parser not found for GRM.
6153;RMC;12/26/2016 9:55:42 PM;49.2093605166667;16.6024058166667;;;;
6154;;;;;;;;NMEA message parser not found for RMB.
6155;;;;;;;;Failed to parse: GGA.. Meters expected in GGA message.
6156;GSA;;;;;;;
6157;GSV;;;;;;;
6158;GSV;;;;;;;
6159;;;;;;;;NMEA message parser not found for GRM.
6160;RMC;12/26/2016 9:55:43 PM;49.2093630833333;16.6024154833333;;;;
6161;;;;;;;;NMEA message parser not found for RMB.
6162;;;;;;;;Failed to parse: GGA.. Meters expected in GGA message.
6163;GSA;;;;;;;
6164;GSV;;;;;;;
6165;GSV;;;;;;;
6166;;;;;;;;NMEA message parser not found for GRM.
6167;RMC;12/26/2016 9:55:44 PM;49.20936565;16.6024251666667;;;;
6168;;;;;;;;NMEA message parser not found for RMB.
6169;;;;;;;;Failed to parse: GGA.. Meters expected in GGA message.
6170;GSA;;;;;;;
6171;GSV;;;;;;;
6172;GSV;;;;;;;
6173;;;;;;;;NMEA message parser not found for GRM.
6174;RMC;12/26/2016 9:55:45 PM;49.2093682166667;16.6024348333333;;;;
6175;;;;;;;;NMEA message parser not found for RMB.
6176;;;;;;;;Failed to parse: GGA.. Meters expected in GGA message.
6177;GSA;;;;;;;
6178;GSV;;;;;;;
6179;GSV;;;;;;;
6180;;;;;;;;NMEA message parser not found for GRM.
6181;RMC;12/26/2016 9:55:46 PM;49.2093707833333;16.6024445166667;;;;
6182;;;;;;;;NMEA message parser not found for RMB.
6183;;;;;;;;Failed to parse: GGA.. Meters expected in GGA message.
6184;GSA;;;;;;;
6185;GSV;;;;;;;
6186;GSV;;;;;;;
6187;;;;;;;;NMEA message parser not found for GRM.
6188;RMC;12/26/2016 9:55:47 PM;49.20937335;16.6024542;;;;
6189;;;;;;;;NMEA message parser not found for RMB.
6190;;;;;;;;Failed to parse: GGA.. Meters expected in GGA message.
6191;GSA;;;;;;;
6192;GSV;;;;;;;
6193;GSV;;;;;;;
6194;;;;;;;;NMEA message parser not found for GRM.
6195;RMC;12/26/2016 9:55:48 PM;49.2093759;16.6024638666667;;;;
6196;;;;;;;;NMEA message parser not found for RMB.
6197;;;;;;;;Failed to parse: GGA.. Meters expected in GGA message.
6198;GSA;;;;;;;
6199;GSV;;;;;;;
6200;GSV;;;;;;;
6201;;;;;;;;NMEA message parser not found for GRM.
6202;RMC;12/26/2016 9:55:49 PM;49.2093788166667;16.6024734333333;;;;
6203;;;;;;;;NMEA message parser not found for RMB.
6204;;;;;;;;Failed to parse: GGA.. Meters expected in GGA message.
6205;GSA;;;;;;;
6206;GSV;;;;;;;
6207;GSV;;;;;;;
6208;;;;;;;;NMEA message parser not found for GRM.
6209;RMC;12/26/2016 9:55:50 PM;49.2093820166667;16.6024829333333;;;;
6210;;;;;;;;NMEA message parser not found for RMB.
6211;;;;;;;;Failed to parse: GGA.. Meters expected in GGA message.
6212;GSA;;;;;;;
6213;GSV;;;;;;;
6214;GSV;;;;;;;
6215;;;;;;;;NMEA message parser not found for GRM.
6216;RMC;12/26/2016 9:55:51 PM;49.2093852;16.6024924166667;;;;
6217;;;;;;;;NMEA message parser not found for RMB.
6218;;;;;;;;Failed to parse: GGA.. Meters expected in GGA message.
6219;GSA;;;;;;;
6220;GSV;;;;;;;
6221;GSV;;;;;;;
6222;;;;;;;;NMEA message parser not found for GRM.
6223;RMC;12/26/2016 9:55:52 PM;49.2093883833333;16.6025019;;;;
6224;;;;;;;;NMEA message parser not found for RMB.
6225;;;;;;;;Failed to parse: GGA.. Meters expected in GGA message.
6226;GSA;;;;;;;
6227;GSV;;;;;;;
6228;GSV;;;;;;;
6229;;;;;;;;NMEA message parser not found for GRM.
6230;RMC;12/26/2016 9:55:53 PM;49.2093915666667;16.6025114;;;;
6231;;;;;;;;NMEA message parser not found for RMB.
6232;;;;;;;;Failed to parse: GGA.. Meters expected in GGA message.
6233;GSA;;;;;;;
6234;GSV;;;;;;;
6235;GSV;;;;;;;
6236;;;;;;;;NMEA message parser not found for GRM.
6237;RMC;12/26/2016 9:55:54 PM;49.20939475;16.6025208833333;;;;
6238;;;;;;;;NMEA message parser not found for RMB.
6239;;;;;;;;Failed to parse: GGA.. Meters expected in GGA message.
6240;GSA;;;;;;;
6241;GSV;;;;;;;
6242;GSV;;;;;;;
6243;;;;;;;;NMEA message parser not found for GRM.
6244;RMC;12/26/2016 9:55:55 PM;49.2093979333333;16.6025303833333;;;;
6245;;;;;;;;NMEA message parser not found for RMB.
6246;;;;;;;;Failed to parse: GGA.. Meters expected in GGA message.
6247;GSA;;;;;;;
6248;GSV;;;;;;;
6249;GSV;;;;;;;
6250;;;;;;;;NMEA message parser not found for GRM.
6251;RMC;12/26/2016 9:55:56 PM;49.2094011166667;16.6025398666667;;;;
6252;;;;;;;;NMEA message parser not found for RMB.
6253;;;;;;;;Failed to parse: GGA.. Meters expected in GGA message.
6254;GSA;;;;;;;
6255;GSV;;;;;;;
6256;GSV;;;;;;;
6257;;;;;;;;NMEA message parser not found for GRM.
6258;RMC;12/26/2016 9:55:57 PM;49.2094043;16.60254935;;;;
6259;;;;;;;;NMEA message parser not found for RMB.
6260;;;;;;;;Failed to parse: GGA.. Meters expected in GGA message.
6261;GSA;;;;;;;
6262;GSV;;;;;;;
6263;GSV;;;;;;;
6264;;;;;;;;NMEA message parser not found for GRM.
6265;RMC;12/26/2016 9:55:58 PM;49.2094074833333;16.60255885;;;;
6266;;;;;;;;NMEA message parser not found for RMB.
6267;;;;;;;;Failed to parse: GGA.. Meters expected in GGA message.
6268;GSA;;;;;;;
6269;GSV;;;;;;;
6270;GSV;;;;;;;
6271;;;;;;;;NMEA message parser not found for GRM.
6272;RMC;12/26/2016 9:55:59 PM;49.2094106666667;16.6025683333333;;;;
6273;;;;;;;;NMEA message parser not found for RMB.
6274;;;;;;;;Failed to parse: GGA.. Meters expected in GGA message.
6275;GSA;;;;;;;
6276;GSV;;;;;;;
6277;GSV;;;;;;;
6278;;;;;;;;NMEA message parser not found for GRM.
6279;RMC;12/26/2016 9:56:00 PM;49.20941385;16.6025778333333;;;;
6280;;;;;;;;NMEA message parser not found for RMB.
6281;;;;;;;;Failed to parse: GGA.. Meters expected in GGA message.
6282;GSA;;;;;;;
6283;GSV;;;;;;;
6284;GSV;;;;;;;
6285;;;;;;;;NMEA message parser not found for GRM.
6286;RMC;12/26/2016 9:56:01 PM;49.2094170333333;16.6025873166667;;;;
6287;;;;;;;;NMEA message parser not found for RMB.
6288;;;;;;;;Failed to parse: GGA.. Meters expected in GGA message.
6289;GSA;;;;;;;
6290;GSV;;;;;;;
6291;GSV;;;;;;;
6292;;;;;;;;NMEA message parser not found for GRM.
6293;RMC;12/26/2016 9:56:02 PM;49.2094202166667;16.6025968;;;;
6294;;;;;;;;NMEA message parser not found for RMB.
6295;;;;;;;;Failed to parse: GGA.. Meters expected in GGA message.
6296;GSA;;;;;;;
6297;GSV;;;;;;;
6298;GSV;;;;;;;
6299;;;;;;;;NMEA message parser not found for GRM.
6300;RMC;12/26/2016 9:56:03 PM;49.2094234;16.6026063;;;;
6301;;;;;;;;NMEA message parser not found for RMB.
6302;;;;;;;;Failed to parse: GGA.. Meters expected in GGA message.
6303;GSA;;;;;;;
6304;GSV;;;;;;;
6305;GSV;;;;;;;
6306;;;;;;;;NMEA message parser not found for GRM.
6307;RMC;12/26/2016 9:56:04 PM;49.2094265833333;16.6026157833333;;;;
6308;;;;;;;;NMEA message parser not found for RMB.
6309;;;;;;;;Failed to parse: GGA.. Meters expected in GGA message.
6310;GSA;;;;;;;
6311;GSV;;;;;;;
6312;GSV;;;;;;;
6313;;;;;;;;NMEA message parser not found for GRM.
6314;RMC;12/26/2016 9:56:05 PM;49.2094297666667;16.6026252833333;;;;
6315;;;;;;;;NMEA message parser not found for RMB.
6316;;;;;;;;Failed to parse: GGA.. Meters expected in GGA message.
6317;GSA;;;;;;;
6318;GSV;;;;;;;
6319;GSV;;;;;;;
6320;;;;;;;;NMEA message parser not found for GRM.
6321;RMC;12/26/2016 9:56:06 PM;49.2094329666667;16.6026347666667;;;;
6322;;;;;;;;NMEA message parser not found for RMB.
6323;;;;;;;;Failed to parse: GGA.. Meters expected in GGA message.
6324;GSA;;;;;;;
6325;GSV;;;;;;;
6326;GSV;;;;;;;
6327;;;;;;;;NMEA message parser not found for GRM.
6328;RMC;12/26/2016 9:56:07 PM;49.20943615;16.60264425;;;;
6329;;;;;;;;NMEA message parser not found for RMB.
6330;;;;;;;;Failed to parse: GGA.. Meters expected in GGA message.
6331;GSA;;;;;;;
6332;GSV;;;;;;;
6333;GSV;;;;;;;
6334;;;;;;;;NMEA message parser not found for GRM.
6335;RMC;12/26/2016 9:56:08 PM;49.2094393333333;16.60265375;;;;
6336;;;;;;;;NMEA message parser not found for RMB.
6337;;;;;;;;Failed to parse: GGA.. Meters expected in GGA message.
6338;GSA;;;;;;;
6339;GSV;;;;;;;
6340;GSV;;;;;;;
6341;;;;;;;;NMEA message parser not found for GRM.
6342;RMC;12/26/2016 9:56:09 PM;49.2094425166667;16.6026632333333;;;;
6343;;;;;;;;NMEA message parser not found for RMB.
6344;;;;;;;;Failed to parse: GGA.. Meters expected in GGA message.
6345;GSA;;;;;;;
6346;GSV;;;;;;;
6347;GSV;;;;;;;
6348;;;;;;;;NMEA message parser not found for GRM.
6349;RMC;12/26/2016 9:56:10 PM;49.2094457;16.6026727333333;;;;
6350;;;;;;;;NMEA message parser not found for RMB.
6351;;;;;;;;Failed to parse: GGA.. Meters expected in GGA message.
6352;GSA;;;;;;;
6353;GSV;;;;;;;
6354;GSV;;;;;;;
6355;;;;;;;;NMEA message parser not found for GRM.
6356;RMC;12/26/2016 9:56:11 PM;49.2094488833333;16.6026822166667;;;;
6357;;;;;;;;NMEA message parser not found for RMB.
6358;;;;;;;;Failed to parse: GGA.. Meters expected in GGA message.
6359;GSA;;;;;;;
6360;GSV;;;;;;;
6361;GSV;;;;;;;
6362;;;;;;;;NMEA message parser not found for GRM.
6363;RMC;12/26/2016 9:56:12 PM;49.2094520666667;16.6026917;;;;
6364;;;;;;;;NMEA message parser not found for RMB.
6365;;;;;;;;Failed to parse: GGA.. Meters expected in GGA message.
6366;GSA;;;;;;;
6367;GSV;;;;;;;
6368;GSV;;;;;;;
6369;;;;;;;;NMEA message parser not found for GRM.
6370;RMC;12/26/2016 9:56:13 PM;49.20945525;16.6027012;;;;
6371;;;;;;;;NMEA message parser not found for RMB.
6372;;;;;;;;Failed to parse: GGA.. Meters expected in GGA message.
6373;GSA;;;;;;;
6374;GSV;;;;;;;
6375;GSV;;;;;;;
6376;;;;;;;;NMEA message parser not found for GRM.
6377;RMC;12/26/2016 9:56:14 PM;49.2094584333333;16.6027106833333;;;;
6378;;;;;;;;NMEA message parser not found for RMB.
6379;;;;;;;;Failed to parse: GGA.. Meters expected in GGA message.
6380;GSA;;;;;;;
6381;GSV;;;;;;;
6382;GSV;;;;;;;
6383;;;;;;;;NMEA message parser not found for GRM.
6384;RMC;12/26/2016 9:56:15 PM;49.2094616166667;16.6027201833333;;;;
6385;;;;;;;;NMEA message parser not found for RMB.
6386;;;;;;;;Failed to parse: GGA.. Meters expected in GGA message.
6387;GSA;;;;;;;
6388;GSV;;;;;;;
6389;GSV;;;;;;;
6390;;;;;;;;NMEA message parser not found for GRM.
6391;RMC;12/26/2016 9:56:16 PM;49.2094648;16.6027296666667;;;;
6392;;;;;;;;NMEA message parser not found for RMB.
6393;;;;;;;;Failed to parse: GGA.. Meters expected in GGA message.
6394;GSA;;;;;;;
6395;GSV;;;;;;;
6396;GSV;;;;;;;
6397;;;;;;;;NMEA message parser not found for GRM.
6398;RMC;12/26/2016 9:56:17 PM;49.2094679833333;16.60273915;;;;
6399;;;;;;;;NMEA message parser not found for RMB.
6400;;;;;;;;Failed to parse: GGA.. Meters expected in GGA message.
6401;GSA;;;;;;;
6402;GSV;;;;;;;
6403;GSV;;;;;;;
6404;;;;;;;;NMEA message parser not found for GRM.
6405;RMC;12/26/2016 9:56:18 PM;49.2094711666667;16.60274865;;;;
6406;;;;;;;;NMEA message parser not found for RMB.
6407;;;;;;;;Failed to parse: GGA.. Meters expected in GGA message.
6408;GSA;;;;;;;
6409;GSV;;;;;;;
6410;GSV;;;;;;;
6411;;;;;;;;NMEA message parser not found for GRM.
6412;RMC;12/26/2016 9:56:19 PM;49.20947435;16.6027581333333;;;;
6413;;;;;;;;NMEA message parser not found for RMB.
6414;;;;;;;;Failed to parse: GGA.. Meters expected in GGA message.
6415;GSA;;;;;;;
6416;GSV;;;;;;;
6417;GSV;;;;;;;
6418;;;;;;;;NMEA message parser not found for GRM.
6419;RMC;12/26/2016 9:56:20 PM;49.2094775333333;16.6027676333333;;;;
6420;;;;;;;;NMEA message parser not found for RMB.
6421;;;;;;;;Failed to parse: GGA.. Meters expected in GGA message.
6422;GSA;;;;;;;
6423;GSV;;;;;;;
6424;GSV;;;;;;;
6425;;;;;;;;NMEA message parser not found for GRM.
6426;RMC;12/26/2016 9:56:21 PM;49.2094807333333;16.6027771166667;;;;
6427;;;;;;;;NMEA message parser not found for RMB.
6428;;;;;;;;Failed to parse: GGA.. Meters expected in GGA message.
6429;GSA;;;;;;;
6430;GSV;;;;;;;
6431;GSV;;;;;;;
6432;;;;;;;;NMEA message parser not found for GRM.
6433;RMC;12/26/2016 9:56:22 PM;49.2094839166667;16.6027866;;;;
6434;;;;;;;;NMEA message parser not found for RMB.
6435;;;;;;;;Failed to parse: GGA.. Meters expected in GGA message.
6436;GSA;;;;;;;
6437;GSV;;;;;;;
6438;GSV;;;;;;;
6439;;;;;;;;NMEA message parser not found for GRM.
6440;RMC;12/26/2016 9:56:23 PM;49.2094871;16.6027961;;;;
6441;;;;;;;;NMEA message parser not found for RMB.
6442;;;;;;;;Failed to parse: GGA.. Meters expected in GGA message.
6443;GSA;;;;;;;
6444;GSV;;;;;;;
6445;GSV;;;;;;;
6446;;;;;;;;NMEA message parser not found for GRM.
6447;RMC;12/26/2016 9:56:24 PM;49.2094902833333;16.6028055833333;;;;
6448;;;;;;;;NMEA message parser not found for RMB.
6449;;;;;;;;Failed to parse: GGA.. Meters expected in GGA message.
6450;GSA;;;;;;;
6451;GSV;;;;;;;
6452;GSV;;;;;;;
6453;;;;;;;;NMEA message parser not found for GRM.
6454;RMC;12/26/2016 9:56:25 PM;49.2094934666667;16.6028150833333;;;;
6455;;;;;;;;NMEA message parser not found for RMB.
6456;;;;;;;;Failed to parse: GGA.. Meters expected in GGA message.
6457;GSA;;;;;;;
6458;GSV;;;;;;;
6459;GSV;;;;;;;
6460;;;;;;;;NMEA message parser not found for GRM.
6461;RMC;12/26/2016 9:56:26 PM;49.20949665;16.6028245666667;;;;
6462;;;;;;;;NMEA message parser not found for RMB.
6463;;;;;;;;Failed to parse: GGA.. Meters expected in GGA message.
6464;GSA;;;;;;;
6465;GSV;;;;;;;
6466;GSV;;;;;;;
6467;;;;;;;;NMEA message parser not found for GRM.
6468;RMC;12/26/2016 9:56:27 PM;49.2094998333333;16.60283405;;;;
6469;;;;;;;;NMEA message parser not found for RMB.
6470;;;;;;;;Failed to parse: GGA.. Meters expected in GGA message.
6471;GSA;;;;;;;
6472;GSV;;;;;;;
6473;GSV;;;;;;;
6474;;;;;;;;NMEA message parser not found for GRM.
6475;RMC;12/26/2016 9:56:28 PM;49.2095030166667;16.60284355;;;;
6476;;;;;;;;NMEA message parser not found for RMB.
6477;;;;;;;;Failed to parse: GGA.. Meters expected in GGA message.
6478;GSA;;;;;;;
6479;GSV;;;;;;;
6480;GSV;;;;;;;
6481;;;;;;;;NMEA message parser not found for GRM.
6482;RMC;12/26/2016 9:56:29 PM;49.2095062;16.6028530333333;;;;
6483;;;;;;;;NMEA message parser not found for RMB.
6484;;;;;;;;Failed to parse: GGA.. Meters expected in GGA message.
6485;GSA;;;;;;;
6486;GSV;;;;;;;
6487;GSV;;;;;;;
6488;;;;;;;;NMEA message parser not found for GRM.
6489;RMC;12/26/2016 9:56:30 PM;49.2095093833333;16.6028625333333;;;;
6490;;;;;;;;NMEA message parser not found for RMB.
6491;;;;;;;;Failed to parse: GGA.. Meters expected in GGA message.
6492;GSA;;;;;;;
6493;GSV;;;;;;;
6494;GSV;;;;;;;
6495;;;;;;;;NMEA message parser not found for GRM.
6496;RMC;12/26/2016 9:56:31 PM;49.2095125666667;16.6028720166667;;;;
6497;;;;;;;;NMEA message parser not found for RMB.
6498;;;;;;;;Failed to parse: GGA.. Meters expected in GGA message.
6499;GSA;;;;;;;
6500;GSV;;;;;;;
6501;GSV;;;;;;;
6502;;;;;;;;NMEA message parser not found for GRM.
6503;RMC;12/26/2016 9:56:32 PM;49.20951575;16.6028815;;;;
6504;;;;;;;;NMEA message parser not found for RMB.
6505;;;;;;;;Failed to parse: GGA.. Meters expected in GGA message.
6506;GSA;;;;;;;
6507;GSV;;;;;;;
6508;GSV;;;;;;;
6509;;;;;;;;NMEA message parser not found for GRM.
6510;RMC;12/26/2016 9:56:33 PM;49.2095189333333;16.602891;;;;
6511;;;;;;;;NMEA message parser not found for RMB.
6512;;;;;;;;Failed to parse: GGA.. Meters expected in GGA message.
6513;GSA;;;;;;;
6514;GSV;;;;;;;
6515;GSV;;;;;;;
6516;;;;;;;;NMEA message parser not found for GRM.
6517;RMC;12/26/2016 9:56:34 PM;49.2095221166667;16.6029004833333;;;;
6518;;;;;;;;NMEA message parser not found for RMB.
6519;;;;;;;;Failed to parse: GGA.. Meters expected in GGA message.
6520;GSA;;;;;;;
6521;GSV;;;;;;;
6522;GSV;;;;;;;
6523;;;;;;;;NMEA message parser not found for GRM.
6524;RMC;12/26/2016 9:56:35 PM;49.2095253;16.6029099833333;;;;
6525;;;;;;;;NMEA message parser not found for RMB.
6526;;;;;;;;Failed to parse: GGA.. Meters expected in GGA message.
6527;GSA;;;;;;;
6528;GSV;;;;;;;
6529;GSV;;;;;;;
6530;;;;;;;;NMEA message parser not found for GRM.
6531;RMC;12/26/2016 9:56:36 PM;49.2095284833333;16.6029194666667;;;;
6532;;;;;;;;NMEA message parser not found for RMB.
6533;;;;;;;;Failed to parse: GGA.. Meters expected in GGA message.
6534;GSA;;;;;;;
6535;GSV;;;;;;;
6536;GSV;;;;;;;
6537;;;;;;;;NMEA message parser not found for GRM.
6538;RMC;12/26/2016 9:56:37 PM;49.2095316833333;16.60292895;;;;
6539;;;;;;;;NMEA message parser not found for RMB.
6540;;;;;;;;Failed to parse: GGA.. Meters expected in GGA message.
6541;GSA;;;;;;;
6542;GSV;;;;;;;
6543;GSV;;;;;;;
6544;;;;;;;;NMEA message parser not found for GRM.
6545;RMC;12/26/2016 9:56:38 PM;49.2095348666667;16.60293845;;;;
6546;;;;;;;;NMEA message parser not found for RMB.
6547;;;;;;;;Failed to parse: GGA.. Meters expected in GGA message.
6548;GSA;;;;;;;
6549;GSV;;;;;;;
6550;GSV;;;;;;;
6551;;;;;;;;NMEA message parser not found for GRM.
6552;RMC;12/26/2016 9:56:39 PM;49.20953805;16.6029479333333;;;;
6553;;;;;;;;NMEA message parser not found for RMB.
6554;;;;;;;;Failed to parse: GGA.. Meters expected in GGA message.
6555;GSA;;;;;;;
6556;GSV;;;;;;;
6557;GSV;;;;;;;
6558;;;;;;;;NMEA message parser not found for GRM.
6559;RMC;12/26/2016 9:56:40 PM;49.2095412333333;16.6029574333333;;;;
6560;;;;;;;;NMEA message parser not found for RMB.
6561;;;;;;;;Failed to parse: GGA.. Meters expected in GGA message.
6562;GSA;;;;;;;
6563;GSV;;;;;;;
6564;GSV;;;;;;;
6565;;;;;;;;NMEA message parser not found for GRM.
6566;RMC;12/26/2016 9:56:41 PM;49.2095444166667;16.6029669166667;;;;
6567;;;;;;;;NMEA message parser not found for RMB.
6568;;;;;;;;Failed to parse: GGA.. Meters expected in GGA message.
6569;GSA;;;;;;;
6570;GSV;;;;;;;
6571;GSV;;;;;;;
6572;;;;;;;;NMEA message parser not found for GRM.
6573;RMC;12/26/2016 9:56:42 PM;49.2095476;16.6029764;;;;
6574;;;;;;;;NMEA message parser not found for RMB.
6575;;;;;;;;Failed to parse: GGA.. Meters expected in GGA message.
6576;GSA;;;;;;;
6577;GSV;;;;;;;
6578;GSV;;;;;;;
6579;;;;;;;;NMEA message parser not found for GRM.
6580;RMC;12/26/2016 9:56:43 PM;49.2095507833333;16.6029859;;;;
6581;;;;;;;;NMEA message parser not found for RMB.
6582;;;;;;;;Failed to parse: GGA.. Meters expected in GGA message.
6583;GSA;;;;;;;
6584;GSV;;;;;;;
6585;GSV;;;;;;;
6586;;;;;;;;NMEA message parser not found for GRM.
6587;RMC;12/26/2016 9:56:44 PM;49.2095539666667;16.6029953833333;;;;
6588;;;;;;;;NMEA message parser not found for RMB.
6589;;;;;;;;Failed to parse: GGA.. Meters expected in GGA message.
6590;GSA;;;;;;;
6591;GSV;;;;;;;
6592;GSV;;;;;;;
6593;;;;;;;;NMEA message parser not found for GRM.
6594;RMC;12/26/2016 9:56:45 PM;49.20955715;16.6030048833333;;;;
6595;;;;;;;;NMEA message parser not found for RMB.
6596;;;;;;;;Failed to parse: GGA.. Meters expected in GGA message.
6597;GSA;;;;;;;
6598;GSV;;;;;;;
6599;GSV;;;;;;;
6600;;;;;;;;NMEA message parser not found for GRM.
6601;RMC;12/26/2016 9:56:46 PM;49.2095603333333;16.6030143666667;;;;
6602;;;;;;;;NMEA message parser not found for RMB.
6603;;;;;;;;Failed to parse: GGA.. Meters expected in GGA message.
6604;GSA;;;;;;;
6605;GSV;;;;;;;
6606;GSV;;;;;;;
6607;;;;;;;;NMEA message parser not found for GRM.
6608;RMC;12/26/2016 9:56:47 PM;49.2095635166667;16.60302385;;;;
6609;;;;;;;;NMEA message parser not found for RMB.
6610;;;;;;;;Failed to parse: GGA.. Meters expected in GGA message.
6611;GSA;;;;;;;
6612;GSV;;;;;;;
6613;GSV;;;;;;;
6614;;;;;;;;NMEA message parser not found for GRM.
6615;RMC;12/26/2016 9:56:48 PM;49.2095667;16.60303335;;;;
6616;;;;;;;;NMEA message parser not found for RMB.
6617;;;;;;;;Failed to parse: GGA.. Meters expected in GGA message.
6618;GSA;;;;;;;
6619;GSV;;;;;;;
6620;GSV;;;;;;;
6621;;;;;;;;NMEA message parser not found for GRM.
6622;RMC;12/26/2016 9:56:49 PM;49.2095698833333;16.6030428333333;;;;
6623;;;;;;;;NMEA message parser not found for RMB.
6624;;;;;;;;Failed to parse: GGA.. Meters expected in GGA message.
6625;GSA;;;;;;;
6626;GSV;;;;;;;
6627;GSV;;;;;;;
6628;;;;;;;;NMEA message parser not found for GRM.
6629;RMC;12/26/2016 9:56:50 PM;49.2095730666667;16.6030523333333;;;;
6630;;;;;;;;NMEA message parser not found for RMB.
6631;;;;;;;;Failed to parse: GGA.. Meters expected in GGA message.
6632;GSA;;;;;;;
6633;GSV;;;;;;;
6634;GSV;;;;;;;
6635;;;;;;;;NMEA message parser not found for GRM.
6636;RMC;12/26/2016 9:56:51 PM;49.20957625;16.6030618166667;;;;
6637;;;;;;;;NMEA message parser not found for RMB.
6638;;;;;;;;Failed to parse: GGA.. Meters expected in GGA message.
6639;GSA;;;;;;;
6640;GSV;;;;;;;
6641;GSV;;;;;;;
6642;;;;;;;;NMEA message parser not found for GRM.
6643;RMC;12/26/2016 9:56:52 PM;49.2095794333333;16.6030713;;;;
6644;;;;;;;;NMEA message parser not found for RMB.
6645;;;;;;;;Failed to parse: GGA.. Meters expected in GGA message.
6646;GSA;;;;;;;
6647;GSV;;;;;;;
6648;GSV;;;;;;;
6649;;;;;;;;NMEA message parser not found for GRM.
6650;RMC;12/26/2016 9:56:53 PM;49.2095826333333;16.6030808;;;;
6651;;;;;;;;NMEA message parser not found for RMB.
6652;;;;;;;;Failed to parse: GGA.. Meters expected in GGA message.
6653;GSA;;;;;;;
6654;GSV;;;;;;;
6655;GSV;;;;;;;
6656;;;;;;;;NMEA message parser not found for GRM.
6657;RMC;12/26/2016 9:56:54 PM;49.2095858166667;16.6030902833333;;;;
6658;;;;;;;;NMEA message parser not found for RMB.
6659;;;;;;;;Failed to parse: GGA.. Meters expected in GGA message.
6660;GSA;;;;;;;
6661;GSV;;;;;;;
6662;GSV;;;;;;;
6663;;;;;;;;NMEA message parser not found for GRM.
6664;RMC;12/26/2016 9:56:55 PM;49.209589;16.6030997833333;;;;
6665;;;;;;;;NMEA message parser not found for RMB.
6666;;;;;;;;Failed to parse: GGA.. Meters expected in GGA message.
6667;GSA;;;;;;;
6668;GSV;;;;;;;
6669;GSV;;;;;;;
6670;;;;;;;;NMEA message parser not found for GRM.
6671;RMC;12/26/2016 9:56:56 PM;49.2095921833333;16.6031092666667;;;;
6672;;;;;;;;NMEA message parser not found for RMB.
6673;;;;;;;;Failed to parse: GGA.. Meters expected in GGA message.
6674;GSA;;;;;;;
6675;GSV;;;;;;;
6676;GSV;;;;;;;
6677;;;;;;;;NMEA message parser not found for GRM.
6678;RMC;12/26/2016 9:56:57 PM;49.2095953666667;16.60311875;;;;
6679;;;;;;;;NMEA message parser not found for RMB.
6680;;;;;;;;Failed to parse: GGA.. Meters expected in GGA message.
6681;GSA;;;;;;;
6682;GSV;;;;;;;
6683;GSV;;;;;;;
6684;;;;;;;;NMEA message parser not found for GRM.
6685;RMC;12/26/2016 9:56:58 PM;49.20959855;16.60312825;;;;
6686;;;;;;;;NMEA message parser not found for RMB.
6687;;;;;;;;Failed to parse: GGA.. Meters expected in GGA message.
6688;GSA;;;;;;;
6689;GSV;;;;;;;
6690;GSV;;;;;;;
6691;;;;;;;;NMEA message parser not found for GRM.
6692;RMC;12/26/2016 9:56:59 PM;49.2096017333333;16.6031377333333;;;;
6693;;;;;;;;NMEA message parser not found for RMB.
6694;;;;;;;;Failed to parse: GGA.. Meters expected in GGA message.
6695;GSA;;;;;;;
6696;GSV;;;;;;;
6697;GSV;;;;;;;
6698;;;;;;;;NMEA message parser not found for GRM.
6699;RMC;12/26/2016 9:57:00 PM;49.2096049166667;16.6031472333333;;;;
6700;;;;;;;;NMEA message parser not found for RMB.
6701;;;;;;;;Failed to parse: GGA.. Meters expected in GGA message.
6702;GSA;;;;;;;
6703;GSV;;;;;;;
6704;GSV;;;;;;;
6705;;;;;;;;NMEA message parser not found for GRM.
6706;RMC;12/26/2016 9:57:01 PM;49.2096081;16.6031567166667;;;;
6707;;;;;;;;NMEA message parser not found for RMB.
6708;;;;;;;;Failed to parse: GGA.. Meters expected in GGA message.
6709;GSA;;;;;;;
6710;GSV;;;;;;;
6711;GSV;;;;;;;
6712;;;;;;;;NMEA message parser not found for GRM.
6713;RMC;12/26/2016 9:57:02 PM;49.2096112833333;16.6031662;;;;
6714;;;;;;;;NMEA message parser not found for RMB.
6715;;;;;;;;Failed to parse: GGA.. Meters expected in GGA message.
6716;GSA;;;;;;;
6717;GSV;;;;;;;
6718;GSV;;;;;;;
6719;;;;;;;;NMEA message parser not found for GRM.
6720;RMC;12/26/2016 9:57:03 PM;49.2096144666667;16.6031757;;;;
6721;;;;;;;;NMEA message parser not found for RMB.
6722;;;;;;;;Failed to parse: GGA.. Meters expected in GGA message.
6723;GSA;;;;;;;
6724;GSV;;;;;;;
6725;GSV;;;;;;;
6726;;;;;;;;NMEA message parser not found for GRM.
6727;RMC;12/26/2016 9:57:04 PM;49.20961765;16.6031851833333;;;;
6728;;;;;;;;NMEA message parser not found for RMB.
6729;;;;;;;;Failed to parse: GGA.. Meters expected in GGA message.
6730;GSA;;;;;;;
6731;GSV;;;;;;;
6732;GSV;;;;;;;
6733;;;;;;;;NMEA message parser not found for GRM.
6734;RMC;12/26/2016 9:57:05 PM;49.2096208333333;16.6031946833333;;;;
6735;;;;;;;;NMEA message parser not found for RMB.
6736;;;;;;;;Failed to parse: GGA.. Meters expected in GGA message.
6737;GSA;;;;;;;
6738;GSV;;;;;;;
6739;GSV;;;;;;;
6740;;;;;;;;NMEA message parser not found for GRM.
6741;RMC;12/26/2016 9:57:06 PM;49.2096240166667;16.6032041666667;;;;
6742;;;;;;;;NMEA message parser not found for RMB.
6743;;;;;;;;Failed to parse: GGA.. Meters expected in GGA message.
6744;GSA;;;;;;;
6745;GSV;;;;;;;
6746;GSV;;;;;;;
6747;;;;;;;;NMEA message parser not found for GRM.
6748;RMC;12/26/2016 9:57:07 PM;49.2096272;16.60321365;;;;
6749;;;;;;;;NMEA message parser not found for RMB.
6750;;;;;;;;Failed to parse: GGA.. Meters expected in GGA message.
6751;GSA;;;;;;;
6752;GSV;;;;;;;
6753;GSV;;;;;;;
6754;;;;;;;;NMEA message parser not found for GRM.
6755;RMC;12/26/2016 9:57:08 PM;49.2096329166667;16.6032170666667;;;;
6756;;;;;;;;NMEA message parser not found for RMB.
6757;;;;;;;;Failed to parse: GGA.. Meters expected in GGA message.
6758;GSA;;;;;;;
6759;GSV;;;;;;;
6760;GSV;;;;;;;
6761;;;;;;;;NMEA message parser not found for GRM.
6762;RMC;12/26/2016 9:57:09 PM;49.2096419;16.6032126333333;;;;
6763;;;;;;;;NMEA message parser not found for RMB.
6764;;;;;;;;Failed to parse: GGA.. Meters expected in GGA message.
6765;GSA;;;;;;;
6766;GSV;;;;;;;
6767;GSV;;;;;;;
6768;;;;;;;;NMEA message parser not found for GRM.
6769;RMC;12/26/2016 9:57:10 PM;49.2096508666667;16.6032081833333;;;;
6770;;;;;;;;NMEA message parser not found for RMB.
6771;;;;;;;;Failed to parse: GGA.. Meters expected in GGA message.
6772;GSA;;;;;;;
6773;GSV;;;;;;;
6774;GSV;;;;;;;
6775;;;;;;;;NMEA message parser not found for GRM.
6776;RMC;12/26/2016 9:57:11 PM;49.20965985;16.60320375;;;;
6777;;;;;;;;NMEA message parser not found for RMB.
6778;;;;;;;;Failed to parse: GGA.. Meters expected in GGA message.
6779;GSA;;;;;;;
6780;GSV;;;;;;;
6781;GSV;;;;;;;
6782;;;;;;;;NMEA message parser not found for GRM.
6783;RMC;12/26/2016 9:57:12 PM;49.2096688166667;16.6031993166667;;;;
6784;;;;;;;;NMEA message parser not found for RMB.
6785;;;;;;;;Failed to parse: GGA.. Meters expected in GGA message.
6786;GSA;;;;;;;
6787;GSV;;;;;;;
6788;GSV;;;;;;;
6789;;;;;;;;NMEA message parser not found for GRM.
6790;RMC;12/26/2016 9:57:13 PM;49.2096777833333;16.6031948833333;;;;
6791;;;;;;;;NMEA message parser not found for RMB.
6792;;;;;;;;Failed to parse: GGA.. Meters expected in GGA message.
6793;GSA;;;;;;;
6794;GSV;;;;;;;
6795;GSV;;;;;;;
6796;;;;;;;;NMEA message parser not found for GRM.
6797;RMC;12/26/2016 9:57:14 PM;49.2096867666667;16.60319045;;;;
6798;;;;;;;;NMEA message parser not found for RMB.
6799;;;;;;;;Failed to parse: GGA.. Meters expected in GGA message.
6800;GSA;;;;;;;
6801;GSV;;;;;;;
6802;GSV;;;;;;;
6803;;;;;;;;NMEA message parser not found for GRM.
6804;RMC;12/26/2016 9:57:15 PM;49.2096957333333;16.6031860166667;;;;
6805;;;;;;;;NMEA message parser not found for RMB.
6806;;;;;;;;Failed to parse: GGA.. Meters expected in GGA message.
6807;GSA;;;;;;;
6808;GSV;;;;;;;
6809;GSV;;;;;;;
6810;;;;;;;;NMEA message parser not found for GRM.
6811;RMC;12/26/2016 9:57:16 PM;49.2097047166667;16.6031815833333;;;;
6812;;;;;;;;NMEA message parser not found for RMB.
6813;;;;;;;;Failed to parse: GGA.. Meters expected in GGA message.
6814;GSA;;;;;;;
6815;GSV;;;;;;;
6816;GSV;;;;;;;
6817;;;;;;;;NMEA message parser not found for GRM.
6818;RMC;12/26/2016 9:57:17 PM;49.2097136833333;16.60317715;;;;
6819;;;;;;;;NMEA message parser not found for RMB.
6820;;;;;;;;Failed to parse: GGA.. Meters expected in GGA message.
6821;GSA;;;;;;;
6822;GSV;;;;;;;
6823;GSV;;;;;;;
6824;;;;;;;;NMEA message parser not found for GRM.
6825;RMC;12/26/2016 9:57:18 PM;49.2097226666667;16.6031727166667;;;;
6826;;;;;;;;NMEA message parser not found for RMB.
6827;;;;;;;;Failed to parse: GGA.. Meters expected in GGA message.
6828;GSA;;;;;;;
6829;GSV;;;;;;;
6830;GSV;;;;;;;
6831;;;;;;;;NMEA message parser not found for GRM.
6832;RMC;12/26/2016 9:57:19 PM;49.2097316333333;16.6031682666667;;;;
6833;;;;;;;;NMEA message parser not found for RMB.
6834;;;;;;;;Failed to parse: GGA.. Meters expected in GGA message.
6835;GSA;;;;;;;
6836;GSV;;;;;;;
6837;GSV;;;;;;;
6838;;;;;;;;NMEA message parser not found for GRM.
6839;RMC;12/26/2016 9:57:20 PM;49.2097406;16.6031638333333;;;;
6840;;;;;;;;NMEA message parser not found for RMB.
6841;;;;;;;;Failed to parse: GGA.. Meters expected in GGA message.
6842;GSA;;;;;;;
6843;GSV;;;;;;;
6844;GSV;;;;;;;
6845;;;;;;;;NMEA message parser not found for GRM.
6846;RMC;12/26/2016 9:57:21 PM;49.2097495833333;16.6031594;;;;
6847;;;;;;;;NMEA message parser not found for RMB.
6848;;;;;;;;Failed to parse: GGA.. Meters expected in GGA message.
6849;GSA;;;;;;;
6850;GSV;;;;;;;
6851;GSV;;;;;;;
6852;;;;;;;;NMEA message parser not found for GRM.
6853;RMC;12/26/2016 9:57:22 PM;49.20975855;16.6031549666667;;;;
6854;;;;;;;;NMEA message parser not found for RMB.
6855;;;;;;;;Failed to parse: GGA.. Meters expected in GGA message.
6856;GSA;;;;;;;
6857;GSV;;;;;;;
6858;GSV;;;;;;;
6859;;;;;;;;NMEA message parser not found for GRM.
6860;RMC;12/26/2016 9:57:23 PM;49.2097675333333;16.6031505333333;;;;
6861;;;;;;;;NMEA message parser not found for RMB.
6862;;;;;;;;Failed to parse: GGA.. Meters expected in GGA message.
6863;GSA;;;;;;;
6864;GSV;;;;;;;
6865;GSV;;;;;;;
6866;;;;;;;;NMEA message parser not found for GRM.
6867;RMC;12/26/2016 9:57:24 PM;49.2097765;16.6031461;;;;
6868;;;;;;;;NMEA message parser not found for RMB.
6869;;;;;;;;Failed to parse: GGA.. Meters expected in GGA message.
6870;GSA;;;;;;;
6871;GSV;;;;;;;
6872;GSV;;;;;;;
6873;;;;;;;;NMEA message parser not found for GRM.
6874;RMC;12/26/2016 9:57:25 PM;49.2097854833333;16.6031416666667;;;;
6875;;;;;;;;NMEA message parser not found for RMB.
6876;;;;;;;;Failed to parse: GGA.. Meters expected in GGA message.
6877;GSA;;;;;;;
6878;GSV;;;;;;;
6879;GSV;;;;;;;
6880;;;;;;;;NMEA message parser not found for GRM.
6881;RMC;12/26/2016 9:57:26 PM;49.20979445;16.6031372333333;;;;
6882;;;;;;;;NMEA message parser not found for RMB.
6883;;;;;;;;Failed to parse: GGA.. Meters expected in GGA message.
6884;GSA;;;;;;;
6885;GSV;;;;;;;
6886;GSV;;;;;;;
6887;;;;;;;;NMEA message parser not found for GRM.
6888;RMC;12/26/2016 9:57:27 PM;49.2098034166667;16.6031327833333;;;;
6889;;;;;;;;NMEA message parser not found for RMB.
6890;;;;;;;;Failed to parse: GGA.. Meters expected in GGA message.
6891;GSA;;;;;;;
6892;GSV;;;;;;;
6893;GSV;;;;;;;
6894;;;;;;;;NMEA message parser not found for GRM.
6895;RMC;12/26/2016 9:57:28 PM;49.2098124;16.60312835;;;;
6896;;;;;;;;NMEA message parser not found for RMB.
6897;;;;;;;;Failed to parse: GGA.. Meters expected in GGA message.
6898;GSA;;;;;;;
6899;GSV;;;;;;;
6900;GSV;;;;;;;
6901;;;;;;;;NMEA message parser not found for GRM.
6902;RMC;12/26/2016 9:57:29 PM;49.2098213666667;16.6031239166667;;;;
6903;;;;;;;;NMEA message parser not found for RMB.
6904;;;;;;;;Failed to parse: GGA.. Meters expected in GGA message.
6905;GSA;;;;;;;
6906;GSV;;;;;;;
6907;GSV;;;;;;;
6908;;;;;;;;NMEA message parser not found for GRM.
6909;RMC;12/26/2016 9:57:30 PM;49.20983035;16.6031194833333;;;;
6910;;;;;;;;NMEA message parser not found for RMB.
6911;;;;;;;;Failed to parse: GGA.. Meters expected in GGA message.
6912;GSA;;;;;;;
6913;GSV;;;;;;;
6914;GSV;;;;;;;
6915;;;;;;;;NMEA message parser not found for GRM.
6916;RMC;12/26/2016 9:57:31 PM;49.2098393166667;16.60311505;;;;
6917;;;;;;;;NMEA message parser not found for RMB.
6918;;;;;;;;Failed to parse: GGA.. Meters expected in GGA message.
6919;GSA;;;;;;;
6920;GSV;;;;;;;
6921;GSV;;;;;;;
6922;;;;;;;;NMEA message parser not found for GRM.
6923;RMC;12/26/2016 9:57:32 PM;49.2098483;16.6031106166667;;;;
6924;;;;;;;;NMEA message parser not found for RMB.
6925;;;;;;;;Failed to parse: GGA.. Meters expected in GGA message.
6926;GSA;;;;;;;
6927;GSV;;;;;;;
6928;GSV;;;;;;;
6929;;;;;;;;NMEA message parser not found for GRM.
6930;RMC;12/26/2016 9:57:33 PM;49.2098572666667;16.6031061833333;;;;
6931;;;;;;;;NMEA message parser not found for RMB.
6932;;;;;;;;Failed to parse: GGA.. Meters expected in GGA message.
6933;GSA;;;;;;;
6934;GSV;;;;;;;
6935;GSV;;;;;;;
6936;;;;;;;;NMEA message parser not found for GRM.
6937;RMC;12/26/2016 9:57:34 PM;49.2098662333333;16.60310175;;;;
6938;;;;;;;;NMEA message parser not found for RMB.
6939;;;;;;;;Failed to parse: GGA.. Meters expected in GGA message.
6940;GSA;;;;;;;
6941;GSV;;;;;;;
6942;GSV;;;;;;;
6943;;;;;;;;NMEA message parser not found for GRM.
6944;RMC;12/26/2016 9:57:35 PM;49.2098752166667;16.6030973166667;;;;
6945;;;;;;;;NMEA message parser not found for RMB.
6946;;;;;;;;Failed to parse: GGA.. Meters expected in GGA message.
6947;GSA;;;;;;;
6948;GSV;;;;;;;
6949;GSV;;;;;;;
6950;;;;;;;;NMEA message parser not found for GRM.
6951;RMC;12/26/2016 9:57:36 PM;49.2098841833333;16.6030928666667;;;;
6952;;;;;;;;NMEA message parser not found for RMB.
6953;;;;;;;;Failed to parse: GGA.. Meters expected in GGA message.
6954;GSA;;;;;;;
6955;GSV;;;;;;;
6956;GSV;;;;;;;
6957;;;;;;;;NMEA message parser not found for GRM.
6958;RMC;12/26/2016 9:57:37 PM;49.2098931666667;16.6030884333333;;;;
6959;;;;;;;;NMEA message parser not found for RMB.
6960;;;;;;;;Failed to parse: GGA.. Meters expected in GGA message.
6961;GSA;;;;;;;
6962;GSV;;;;;;;
6963;GSV;;;;;;;
6964;;;;;;;;NMEA message parser not found for GRM.
6965;RMC;12/26/2016 9:57:38 PM;49.2099021333333;16.603084;;;;
6966;;;;;;;;NMEA message parser not found for RMB.
6967;;;;;;;;Failed to parse: GGA.. Meters expected in GGA message.
6968;GSA;;;;;;;
6969;GSV;;;;;;;
6970;GSV;;;;;;;
6971;;;;;;;;NMEA message parser not found for GRM.
6972;RMC;12/26/2016 9:57:39 PM;49.2099111;16.6030795666667;;;;
6973;;;;;;;;NMEA message parser not found for RMB.
6974;;;;;;;;Failed to parse: GGA.. Meters expected in GGA message.
6975;GSA;;;;;;;
6976;GSV;;;;;;;
6977;GSV;;;;;;;
6978;;;;;;;;NMEA message parser not found for GRM.
6979;RMC;12/26/2016 9:57:40 PM;49.2099200833333;16.6030751333333;;;;
6980;;;;;;;;NMEA message parser not found for RMB.
6981;;;;;;;;Failed to parse: GGA.. Meters expected in GGA message.
6982;GSA;;;;;;;
6983;GSV;;;;;;;
6984;GSV;;;;;;;
6985;;;;;;;;NMEA message parser not found for GRM.
6986;RMC;12/26/2016 9:57:41 PM;49.20992905;16.6030707;;;;
6987;;;;;;;;NMEA message parser not found for RMB.
6988;;;;;;;;Failed to parse: GGA.. Meters expected in GGA message.
6989;GSA;;;;;;;
6990;GSV;;;;;;;
6991;GSV;;;;;;;
6992;;;;;;;;NMEA message parser not found for GRM.
6993;RMC;12/26/2016 9:57:42 PM;49.2099380333333;16.6030662666667;;;;
6994;;;;;;;;NMEA message parser not found for RMB.
6995;;;;;;;;Failed to parse: GGA.. Meters expected in GGA message.
6996;GSA;;;;;;;
6997;GSV;;;;;;;
6998;GSV;;;;;;;
6999;;;;;;;;NMEA message parser not found for GRM.
7000;RMC;12/26/2016 9:57:43 PM;49.209947;16.6030618333333;;;;
7001;;;;;;;;NMEA message parser not found for RMB.
7002;;;;;;;;Failed to parse: GGA.. Meters expected in GGA message.
7003;GSA;;;;;;;
7004;GSV;;;;;;;
7005;GSV;;;;;;;
7006;;;;;;;;NMEA message parser not found for GRM.
7007;RMC;12/26/2016 9:57:44 PM;49.2099559833333;16.6030573833333;;;;
7008;;;;;;;;NMEA message parser not found for RMB.
7009;;;;;;;;Failed to parse: GGA.. Meters expected in GGA message.
7010;GSA;;;;;;;
7011;GSV;;;;;;;
7012;GSV;;;;;;;
7013;;;;;;;;NMEA message parser not found for GRM.
7014;RMC;12/26/2016 9:57:45 PM;49.20996495;16.60305295;;;;
7015;;;;;;;;NMEA message parser not found for RMB.
7016;;;;;;;;Failed to parse: GGA.. Meters expected in GGA message.
7017;GSA;;;;;;;
7018;GSV;;;;;;;
7019;GSV;;;;;;;
7020;;;;;;;;NMEA message parser not found for GRM.
7021;RMC;12/26/2016 9:57:46 PM;49.2099739166667;16.6030485166667;;;;
7022;;;;;;;;NMEA message parser not found for RMB.
7023;;;;;;;;Failed to parse: GGA.. Meters expected in GGA message.
7024;GSA;;;;;;;
7025;GSV;;;;;;;
7026;GSV;;;;;;;
7027;;;;;;;;NMEA message parser not found for GRM.
7028;RMC;12/26/2016 9:57:47 PM;49.2099829;16.6030440833333;;;;
7029;;;;;;;;NMEA message parser not found for RMB.
7030;;;;;;;;Failed to parse: GGA.. Meters expected in GGA message.
7031;GSA;;;;;;;
7032;GSV;;;;;;;
7033;GSV;;;;;;;
7034;;;;;;;;NMEA message parser not found for GRM.
7035;RMC;12/26/2016 9:57:48 PM;49.2099918666667;16.60303965;;;;
7036;;;;;;;;NMEA message parser not found for RMB.
7037;;;;;;;;Failed to parse: GGA.. Meters expected in GGA message.
7038;GSA;;;;;;;
7039;GSV;;;;;;;
7040;GSV;;;;;;;
7041;;;;;;;;NMEA message parser not found for GRM.
7042;RMC;12/26/2016 9:57:49 PM;49.21000085;16.6030352166667;;;;
7043;;;;;;;;NMEA message parser not found for RMB.
7044;;;;;;;;Failed to parse: GGA.. Meters expected in GGA message.
7045;GSA;;;;;;;
7046;GSV;;;;;;;
7047;GSV;;;;;;;
7048;;;;;;;;NMEA message parser not found for GRM.
7049;RMC;12/26/2016 9:57:50 PM;49.2100098166667;16.6030307833333;;;;
7050;;;;;;;;NMEA message parser not found for RMB.
7051;;;;;;;;Failed to parse: GGA.. Meters expected in GGA message.
7052;GSA;;;;;;;
7053;GSV;;;;;;;
7054;GSV;;;;;;;
7055;;;;;;;;NMEA message parser not found for GRM.
7056;RMC;12/26/2016 9:57:51 PM;49.2100188;16.60302635;;;;
7057;;;;;;;;NMEA message parser not found for RMB.
7058;;;;;;;;Failed to parse: GGA.. Meters expected in GGA message.
7059;GSA;;;;;;;
7060;GSV;;;;;;;
7061;GSV;;;;;;;
7062;;;;;;;;NMEA message parser not found for GRM.
7063;RMC;12/26/2016 9:57:52 PM;49.2100277666667;16.6030219;;;;
7064;;;;;;;;NMEA message parser not found for RMB.
7065;;;;;;;;Failed to parse: GGA.. Meters expected in GGA message.
7066;GSA;;;;;;;
7067;GSV;;;;;;;
7068;GSV;;;;;;;
7069;;;;;;;;NMEA message parser not found for GRM.
7070;RMC;12/26/2016 9:57:53 PM;49.2100367333333;16.6030174666667;;;;
7071;;;;;;;;NMEA message parser not found for RMB.
7072;;;;;;;;Failed to parse: GGA.. Meters expected in GGA message.
7073;GSA;;;;;;;
7074;GSV;;;;;;;
7075;GSV;;;;;;;
7076;;;;;;;;NMEA message parser not found for GRM.
7077;RMC;12/26/2016 9:57:54 PM;49.2100457166667;16.6030130333333;;;;
7078;;;;;;;;NMEA message parser not found for RMB.
7079;;;;;;;;Failed to parse: GGA.. Meters expected in GGA message.
7080;GSA;;;;;;;
7081;GSV;;;;;;;
7082;GSV;;;;;;;
7083;;;;;;;;NMEA message parser not found for GRM.
7084;RMC;12/26/2016 9:57:55 PM;49.2100546833333;16.6030086;;;;
7085;;;;;;;;NMEA message parser not found for RMB.
7086;;;;;;;;Failed to parse: GGA.. Meters expected in GGA message.
7087;GSA;;;;;;;
7088;GSV;;;;;;;
7089;GSV;;;;;;;
7090;;;;;;;;NMEA message parser not found for GRM.
7091;RMC;12/26/2016 9:57:56 PM;49.2100636666667;16.6030041666667;;;;
7092;;;;;;;;NMEA message parser not found for RMB.
7093;;;;;;;;Failed to parse: GGA.. Meters expected in GGA message.
7094;GSA;;;;;;;
7095;GSV;;;;;;;
7096;GSV;;;;;;;
7097;;;;;;;;NMEA message parser not found for GRM.
7098;RMC;12/26/2016 9:57:57 PM;49.2100718666667;16.60299845;;;;
7099;;;;;;;;NMEA message parser not found for RMB.
7100;;;;;;;;Failed to parse: GGA.. Meters expected in GGA message.
7101;GSA;;;;;;;
7102;GSV;;;;;;;
7103;GSV;;;;;;;
7104;;;;;;;;NMEA message parser not found for GRM.
7105;RMC;12/26/2016 9:57:58 PM;49.21008005;16.6029926666667;;;;
7106;;;;;;;;NMEA message parser not found for RMB.
7107;;;;;;;;Failed to parse: GGA.. Meters expected in GGA message.
7108;GSA;;;;;;;
7109;GSV;;;;;;;
7110;GSV;;;;;;;
7111;;;;;;;;NMEA message parser not found for GRM.
7112;RMC;12/26/2016 9:57:59 PM;49.2100882166667;16.6029869;;;;
7113;;;;;;;;NMEA message parser not found for RMB.
7114;;;;;;;;Failed to parse: GGA.. Meters expected in GGA message.
7115;GSA;;;;;;;
7116;GSV;;;;;;;
7117;GSV;;;;;;;
7118;;;;;;;;NMEA message parser not found for GRM.
7119;RMC;12/26/2016 9:58:00 PM;49.2100964;16.6029811166667;;;;
7120;;;;;;;;NMEA message parser not found for RMB.
7121;;;;;;;;Failed to parse: GGA.. Meters expected in GGA message.
7122;GSA;;;;;;;
7123;GSV;;;;;;;
7124;GSV;;;;;;;
7125;;;;;;;;NMEA message parser not found for GRM.
7126;RMC;12/26/2016 9:58:01 PM;49.2101045833333;16.60297535;;;;
7127;;;;;;;;NMEA message parser not found for RMB.
7128;;;;;;;;Failed to parse: GGA.. Meters expected in GGA message.
7129;GSA;;;;;;;
7130;GSV;;;;;;;
7131;GSV;;;;;;;
7132;;;;;;;;NMEA message parser not found for GRM.
7133;RMC;12/26/2016 9:58:02 PM;49.21011275;16.6029695833333;;;;
7134;;;;;;;;NMEA message parser not found for RMB.
7135;;;;;;;;Failed to parse: GGA.. Meters expected in GGA message.
7136;GSA;;;;;;;
7137;GSV;;;;;;;
7138;GSV;;;;;;;
7139;;;;;;;;NMEA message parser not found for GRM.
7140;RMC;12/26/2016 9:58:03 PM;49.2101209333333;16.6029638;;;;
7141;;;;;;;;NMEA message parser not found for RMB.
7142;;;;;;;;Failed to parse: GGA.. Meters expected in GGA message.
7143;GSA;;;;;;;
7144;GSV;;;;;;;
7145;GSV;;;;;;;
7146;;;;;;;;NMEA message parser not found for GRM.
7147;RMC;12/26/2016 9:58:04 PM;49.2101291166667;16.6029580333333;;;;
7148;;;;;;;;NMEA message parser not found for RMB.
7149;;;;;;;;Failed to parse: GGA.. Meters expected in GGA message.
7150;GSA;;;;;;;
7151;GSV;;;;;;;
7152;GSV;;;;;;;
7153;;;;;;;;NMEA message parser not found for GRM.
7154;RMC;12/26/2016 9:58:05 PM;49.2101372833333;16.60295225;;;;
7155;;;;;;;;NMEA message parser not found for RMB.
7156;;;;;;;;Failed to parse: GGA.. Meters expected in GGA message.
7157;GSA;;;;;;;
7158;GSV;;;;;;;
7159;GSV;;;;;;;
7160;;;;;;;;NMEA message parser not found for GRM.
7161;RMC;12/26/2016 9:58:06 PM;49.2101454666667;16.6029464833333;;;;
7162;;;;;;;;NMEA message parser not found for RMB.
7163;;;;;;;;Failed to parse: GGA.. Meters expected in GGA message.
7164;GSA;;;;;;;
7165;GSV;;;;;;;
7166;GSV;;;;;;;
7167;;;;;;;;NMEA message parser not found for GRM.
7168;RMC;12/26/2016 9:58:07 PM;49.2101536333333;16.6029407166667;;;;
7169;;;;;;;;NMEA message parser not found for RMB.
7170;;;;;;;;Failed to parse: GGA.. Meters expected in GGA message.
7171;GSA;;;;;;;
7172;GSV;;;;;;;
7173;GSV;;;;;;;
7174;;;;;;;;NMEA message parser not found for GRM.
7175;RMC;12/26/2016 9:58:08 PM;49.2101618166667;16.6029349333333;;;;
7176;;;;;;;;NMEA message parser not found for RMB.
7177;;;;;;;;Failed to parse: GGA.. Meters expected in GGA message.
7178;GSA;;;;;;;
7179;GSV;;;;;;;
7180;GSV;;;;;;;
7181;;;;;;;;NMEA message parser not found for GRM.
7182;RMC;12/26/2016 9:58:09 PM;49.21017;16.6029291666667;;;;
7183;;;;;;;;NMEA message parser not found for RMB.
7184;;;;;;;;Failed to parse: GGA.. Meters expected in GGA message.
7185;GSA;;;;;;;
7186;GSV;;;;;;;
7187;GSV;;;;;;;
7188;;;;;;;;NMEA message parser not found for GRM.
7189;RMC;12/26/2016 9:58:10 PM;49.2101781666667;16.6029233833333;;;;
7190;;;;;;;;NMEA message parser not found for RMB.
7191;;;;;;;;Failed to parse: GGA.. Meters expected in GGA message.
7192;GSA;;;;;;;
7193;GSV;;;;;;;
7194;GSV;;;;;;;
7195;;;;;;;;NMEA message parser not found for GRM.
7196;RMC;12/26/2016 9:58:11 PM;49.21018635;16.6029176166667;;;;
7197;;;;;;;;NMEA message parser not found for RMB.
7198;;;;;;;;Failed to parse: GGA.. Meters expected in GGA message.
7199;GSA;;;;;;;
7200;GSV;;;;;;;
7201;GSV;;;;;;;
7202;;;;;;;;NMEA message parser not found for GRM.
7203;RMC;12/26/2016 9:58:12 PM;49.2101945333333;16.60291185;;;;
7204;;;;;;;;NMEA message parser not found for RMB.
7205;;;;;;;;Failed to parse: GGA.. Meters expected in GGA message.
7206;GSA;;;;;;;
7207;GSV;;;;;;;
7208;GSV;;;;;;;
7209;;;;;;;;NMEA message parser not found for GRM.
7210;RMC;12/26/2016 9:58:13 PM;49.2102027;16.6029060666667;;;;
7211;;;;;;;;NMEA message parser not found for RMB.
7212;;;;;;;;Failed to parse: GGA.. Meters expected in GGA message.
7213;GSA;;;;;;;
7214;GSV;;;;;;;
7215;GSV;;;;;;;
7216;;;;;;;;NMEA message parser not found for GRM.
7217;RMC;12/26/2016 9:58:14 PM;49.2102108833333;16.6029003;;;;
7218;;;;;;;;NMEA message parser not found for RMB.
7219;;;;;;;;Failed to parse: GGA.. Meters expected in GGA message.
7220;GSA;;;;;;;
7221;GSV;;;;;;;
7222;GSV;;;;;;;
7223;;;;;;;;NMEA message parser not found for GRM.
7224;RMC;12/26/2016 9:58:15 PM;49.2102190666667;16.6028945166667;;;;
7225;;;;;;;;NMEA message parser not found for RMB.
7226;;;;;;;;Failed to parse: GGA.. Meters expected in GGA message.
7227;GSA;;;;;;;
7228;GSV;;;;;;;
7229;GSV;;;;;;;
7230;;;;;;;;NMEA message parser not found for GRM.
7231;RMC;12/26/2016 9:58:16 PM;49.2102272333333;16.60288875;;;;
7232;;;;;;;;NMEA message parser not found for RMB.
7233;;;;;;;;Failed to parse: GGA.. Meters expected in GGA message.
7234;GSA;;;;;;;
7235;GSV;;;;;;;
7236;GSV;;;;;;;
7237;;;;;;;;NMEA message parser not found for GRM.
7238;RMC;12/26/2016 9:58:17 PM;49.2102354166667;16.6028829666667;;;;
7239;;;;;;;;NMEA message parser not found for RMB.
7240;;;;;;;;Failed to parse: GGA.. Meters expected in GGA message.
7241;GSA;;;;;;;
7242;GSV;;;;;;;
7243;GSV;;;;;;;
7244;;;;;;;;NMEA message parser not found for GRM.
7245;RMC;12/26/2016 9:58:18 PM;49.2102435833333;16.6028772;;;;
7246;;;;;;;;NMEA message parser not found for RMB.
7247;;;;;;;;Failed to parse: GGA.. Meters expected in GGA message.
7248;GSA;;;;;;;
7249;GSV;;;;;;;
7250;GSV;;;;;;;
7251;;;;;;;;NMEA message parser not found for GRM.
7252;RMC;12/26/2016 9:58:19 PM;49.2102517666667;16.6028714333333;;;;
7253;;;;;;;;NMEA message parser not found for RMB.
7254;;;;;;;;Failed to parse: GGA.. Meters expected in GGA message.
7255;GSA;;;;;;;
7256;GSV;;;;;;;
7257;GSV;;;;;;;
7258;;;;;;;;NMEA message parser not found for GRM.
7259;RMC;12/26/2016 9:58:20 PM;49.21025995;16.60286565;;;;
7260;;;;;;;;NMEA message parser not found for RMB.
7261;;;;;;;;Failed to parse: GGA.. Meters expected in GGA message.
7262;GSA;;;;;;;
7263;GSV;;;;;;;
7264;GSV;;;;;;;
7265;;;;;;;;NMEA message parser not found for GRM.
7266;RMC;12/26/2016 9:58:21 PM;49.2102681166667;16.6028598833333;;;;
7267;;;;;;;;NMEA message parser not found for RMB.
7268;;;;;;;;Failed to parse: GGA.. Meters expected in GGA message.
7269;GSA;;;;;;;
7270;GSV;;;;;;;
7271;GSV;;;;;;;
7272;;;;;;;;NMEA message parser not found for GRM.
7273;RMC;12/26/2016 9:58:22 PM;49.2102763;16.6028541;;;;
7274;;;;;;;;NMEA message parser not found for RMB.
7275;;;;;;;;Failed to parse: GGA.. Meters expected in GGA message.
7276;GSA;;;;;;;
7277;GSV;;;;;;;
7278;GSV;;;;;;;
7279;;;;;;;;NMEA message parser not found for GRM.
7280;RMC;12/26/2016 9:58:23 PM;49.2102844833333;16.6028483333333;;;;
7281;;;;;;;;NMEA message parser not found for RMB.
7282;;;;;;;;Failed to parse: GGA.. Meters expected in GGA message.
7283;GSA;;;;;;;
7284;GSV;;;;;;;
7285;GSV;;;;;;;
7286;;;;;;;;NMEA message parser not found for GRM.
7287;RMC;12/26/2016 9:58:24 PM;49.21029265;16.6028425666667;;;;
7288;;;;;;;;NMEA message parser not found for RMB.
7289;;;;;;;;Failed to parse: GGA.. Meters expected in GGA message.
7290;GSA;;;;;;;
7291;GSV;;;;;;;
7292;GSV;;;;;;;
7293;;;;;;;;NMEA message parser not found for GRM.
7294;RMC;12/26/2016 9:58:25 PM;49.2103008333333;16.6028367833333;;;;
7295;;;;;;;;NMEA message parser not found for RMB.
7296;;;;;;;;Failed to parse: GGA.. Meters expected in GGA message.
7297;GSA;;;;;;;
7298;GSV;;;;;;;
7299;GSV;;;;;;;
7300;;;;;;;;NMEA message parser not found for GRM.
7301;RMC;12/26/2016 9:58:26 PM;49.2103090166667;16.6028310166667;;;;
7302;;;;;;;;NMEA message parser not found for RMB.
7303;;;;;;;;Failed to parse: GGA.. Meters expected in GGA message.
7304;GSA;;;;;;;
7305;GSV;;;;;;;
7306;GSV;;;;;;;
7307;;;;;;;;NMEA message parser not found for GRM.
7308;RMC;12/26/2016 9:58:27 PM;49.2103171833333;16.6028252333333;;;;
7309;;;;;;;;NMEA message parser not found for RMB.
7310;;;;;;;;Failed to parse: GGA.. Meters expected in GGA message.
7311;GSA;;;;;;;
7312;GSV;;;;;;;
7313;GSV;;;;;;;
7314;;;;;;;;NMEA message parser not found for GRM.
7315;RMC;12/26/2016 9:58:28 PM;49.2103253666667;16.6028194666667;;;;
7316;;;;;;;;NMEA message parser not found for RMB.
7317;;;;;;;;Failed to parse: GGA.. Meters expected in GGA message.
7318;GSA;;;;;;;
7319;GSV;;;;;;;
7320;GSV;;;;;;;
7321;;;;;;;;NMEA message parser not found for GRM.
7322;RMC;12/26/2016 9:58:29 PM;49.2103335333333;16.6028137;;;;
7323;;;;;;;;NMEA message parser not found for RMB.
7324;;;;;;;;Failed to parse: GGA.. Meters expected in GGA message.
7325;GSA;;;;;;;
7326;GSV;;;;;;;
7327;GSV;;;;;;;
7328;;;;;;;;NMEA message parser not found for GRM.
7329;RMC;12/26/2016 9:58:30 PM;49.2103417166667;16.6028079166667;;;;
7330;;;;;;;;NMEA message parser not found for RMB.
7331;;;;;;;;Failed to parse: GGA.. Meters expected in GGA message.
7332;GSA;;;;;;;
7333;GSV;;;;;;;
7334;GSV;;;;;;;
7335;;;;;;;;NMEA message parser not found for GRM.
7336;RMC;12/26/2016 9:58:31 PM;49.2103499;16.60280215;;;;
7337;;;;;;;;NMEA message parser not found for RMB.
7338;;;;;;;;Failed to parse: GGA.. Meters expected in GGA message.
7339;GSA;;;;;;;
7340;GSV;;;;;;;
7341;GSV;;;;;;;
7342;;;;;;;;NMEA message parser not found for GRM.
7343;RMC;12/26/2016 9:58:32 PM;49.2103580666667;16.6027963666667;;;;
7344;;;;;;;;NMEA message parser not found for RMB.
7345;;;;;;;;Failed to parse: GGA.. Meters expected in GGA message.
7346;GSA;;;;;;;
7347;GSV;;;;;;;
7348;GSV;;;;;;;
7349;;;;;;;;NMEA message parser not found for GRM.
7350;RMC;12/26/2016 9:58:33 PM;49.21036625;16.6027906;;;;
7351;;;;;;;;NMEA message parser not found for RMB.
7352;;;;;;;;Failed to parse: GGA.. Meters expected in GGA message.
7353;GSA;;;;;;;
7354;GSV;;;;;;;
7355;GSV;;;;;;;
7356;;;;;;;;NMEA message parser not found for GRM.
7357;RMC;12/26/2016 9:58:34 PM;49.2103744333333;16.6027848166667;;;;
7358;;;;;;;;NMEA message parser not found for RMB.
7359;;;;;;;;Failed to parse: GGA.. Meters expected in GGA message.
7360;GSA;;;;;;;
7361;GSV;;;;;;;
7362;GSV;;;;;;;
7363;;;;;;;;NMEA message parser not found for GRM.
7364;RMC;12/26/2016 9:58:35 PM;49.2103826;16.60277905;;;;
7365;;;;;;;;NMEA message parser not found for RMB.
7366;;;;;;;;Failed to parse: GGA.. Meters expected in GGA message.
7367;GSA;;;;;;;
7368;GSV;;;;;;;
7369;GSV;;;;;;;
7370;;;;;;;;NMEA message parser not found for GRM.
7371;RMC;12/26/2016 9:58:36 PM;49.2103907833333;16.6027732833333;;;;
7372;;;;;;;;NMEA message parser not found for RMB.
7373;;;;;;;;Failed to parse: GGA.. Meters expected in GGA message.
7374;GSA;;;;;;;
7375;GSV;;;;;;;
7376;GSV;;;;;;;
7377;;;;;;;;NMEA message parser not found for GRM.
7378;RMC;12/26/2016 9:58:37 PM;49.2103989666667;16.6027675;;;;
7379;;;;;;;;NMEA message parser not found for RMB.
7380;;;;;;;;Failed to parse: GGA.. Meters expected in GGA message.
7381;GSA;;;;;;;
7382;GSV;;;;;;;
7383;GSV;;;;;;;
7384;;;;;;;;NMEA message parser not found for GRM.
7385;RMC;12/26/2016 9:58:38 PM;49.2104071333333;16.6027617333333;;;;
7386;;;;;;;;NMEA message parser not found for RMB.
7387;;;;;;;;Failed to parse: GGA.. Meters expected in GGA message.
7388;GSA;;;;;;;
7389;GSV;;;;;;;
7390;GSV;;;;;;;
7391;;;;;;;;NMEA message parser not found for GRM.
7392;RMC;12/26/2016 9:58:39 PM;49.2104153166667;16.60275595;;;;
7393;;;;;;;;NMEA message parser not found for RMB.
7394;;;;;;;;Failed to parse: GGA.. Meters expected in GGA message.
7395;GSA;;;;;;;
7396;GSV;;;;;;;
7397;GSV;;;;;;;
7398;;;;;;;;NMEA message parser not found for GRM.
7399;RMC;12/26/2016 9:58:40 PM;49.2104234833333;16.6027501833333;;;;
7400;;;;;;;;NMEA message parser not found for RMB.
7401;;;;;;;;Failed to parse: GGA.. Meters expected in GGA message.
7402;GSA;;;;;;;
7403;GSV;;;;;;;
7404;GSV;;;;;;;
7405;;;;;;;;NMEA message parser not found for GRM.
7406;RMC;12/26/2016 9:58:41 PM;49.2104295333333;16.6027512166667;;;;
7407;;;;;;;;NMEA message parser not found for RMB.
7408;;;;;;;;Failed to parse: GGA.. Meters expected in GGA message.
7409;GSA;;;;;;;
7410;GSV;;;;;;;
7411;GSV;;;;;;;
7412;;;;;;;;NMEA message parser not found for GRM.
7413;RMC;12/26/2016 9:58:42 PM;49.21043295;16.6027606333333;;;;
7414;;;;;;;;NMEA message parser not found for RMB.
7415;;;;;;;;Failed to parse: GGA.. Meters expected in GGA message.
7416;GSA;;;;;;;
7417;GSV;;;;;;;
7418;GSV;;;;;;;
7419;;;;;;;;NMEA message parser not found for GRM.
7420;RMC;12/26/2016 9:58:43 PM;49.21043635;16.6027700333333;;;;
7421;;;;;;;;NMEA message parser not found for RMB.
7422;;;;;;;;Failed to parse: GGA.. Meters expected in GGA message.
7423;GSA;;;;;;;
7424;GSV;;;;;;;
7425;GSV;;;;;;;
7426;;;;;;;;NMEA message parser not found for GRM.
7427;RMC;12/26/2016 9:58:44 PM;49.2104397666667;16.60277945;;;;
7428;;;;;;;;NMEA message parser not found for RMB.
7429;;;;;;;;Failed to parse: GGA.. Meters expected in GGA message.
7430;GSA;;;;;;;
7431;GSV;;;;;;;
7432;GSV;;;;;;;
7433;;;;;;;;NMEA message parser not found for GRM.
7434;RMC;12/26/2016 9:58:45 PM;49.2104431833333;16.6027888666667;;;;
7435;;;;;;;;NMEA message parser not found for RMB.
7436;;;;;;;;Failed to parse: GGA.. Meters expected in GGA message.
7437;GSA;;;;;;;
7438;GSV;;;;;;;
7439;GSV;;;;;;;
7440;;;;;;;;NMEA message parser not found for GRM.
7441;RMC;12/26/2016 9:58:46 PM;49.2104466;16.6027982666667;;;;
7442;;;;;;;;NMEA message parser not found for RMB.
7443;;;;;;;;Failed to parse: GGA.. Meters expected in GGA message.
7444;GSA;;;;;;;
7445;GSV;;;;;;;
7446;GSV;;;;;;;
7447;;;;;;;;NMEA message parser not found for GRM.
7448;RMC;12/26/2016 9:58:47 PM;49.2104500166667;16.6028076833333;;;;
7449;;;;;;;;NMEA message parser not found for RMB.
7450;;;;;;;;Failed to parse: GGA.. Meters expected in GGA message.
7451;GSA;;;;;;;
7452;GSV;;;;;;;
7453;GSV;;;;;;;
7454;;;;;;;;NMEA message parser not found for GRM.
7455;RMC;12/26/2016 9:58:48 PM;49.2104534166667;16.6028171;;;;
7456;;;;;;;;NMEA message parser not found for RMB.
7457;;;;;;;;Failed to parse: GGA.. Meters expected in GGA message.
7458;GSA;;;;;;;
7459;GSV;;;;;;;
7460;GSV;;;;;;;
7461;;;;;;;;NMEA message parser not found for GRM.
7462;RMC;12/26/2016 9:58:49 PM;49.2104568333333;16.6028265;;;;
7463;;;;;;;;NMEA message parser not found for RMB.
7464;;;;;;;;Failed to parse: GGA.. Meters expected in GGA message.
7465;GSA;;;;;;;
7466;GSV;;;;;;;
7467;GSV;;;;;;;
7468;;;;;;;;NMEA message parser not found for GRM.
7469;RMC;12/26/2016 9:58:50 PM;49.21046025;16.6028359166667;;;;
7470;;;;;;;;NMEA message parser not found for RMB.
7471;;;;;;;;Failed to parse: GGA.. Meters expected in GGA message.
7472;GSA;;;;;;;
7473;GSV;;;;;;;
7474;GSV;;;;;;;
7475;;;;;;;;NMEA message parser not found for GRM.
7476;RMC;12/26/2016 9:58:51 PM;49.2104636666667;16.6028453166667;;;;
7477;;;;;;;;NMEA message parser not found for RMB.
7478;;;;;;;;Failed to parse: GGA.. Meters expected in GGA message.
7479;GSA;;;;;;;
7480;GSV;;;;;;;
7481;GSV;;;;;;;
7482;;;;;;;;NMEA message parser not found for GRM.
7483;RMC;12/26/2016 9:58:52 PM;49.2104670666667;16.6028547333333;;;;
7484;;;;;;;;NMEA message parser not found for RMB.
7485;;;;;;;;Failed to parse: GGA.. Meters expected in GGA message.
7486;GSA;;;;;;;
7487;GSV;;;;;;;
7488;GSV;;;;;;;
7489;;;;;;;;NMEA message parser not found for GRM.
7490;RMC;12/26/2016 9:58:53 PM;49.2104704833333;16.60286415;;;;
7491;;;;;;;;NMEA message parser not found for RMB.
7492;;;;;;;;Failed to parse: GGA.. Meters expected in GGA message.
7493;GSA;;;;;;;
7494;GSV;;;;;;;
7495;GSV;;;;;;;
7496;;;;;;;;NMEA message parser not found for GRM.
7497;RMC;12/26/2016 9:58:54 PM;49.2104739;16.60287355;;;;
7498;;;;;;;;NMEA message parser not found for RMB.
7499;;;;;;;;Failed to parse: GGA.. Meters expected in GGA message.
7500;GSA;;;;;;;
7501;GSV;;;;;;;
7502;GSV;;;;;;;
7503;;;;;;;;NMEA message parser not found for GRM.
7504;RMC;12/26/2016 9:58:55 PM;49.2104773166667;16.6028829666667;;;;
7505;;;;;;;;NMEA message parser not found for RMB.
7506;;;;;;;;Failed to parse: GGA.. Meters expected in GGA message.
7507;GSA;;;;;;;
7508;GSV;;;;;;;
7509;GSV;;;;;;;
7510;;;;;;;;NMEA message parser not found for GRM.
7511;RMC;12/26/2016 9:58:56 PM;49.2104807333333;16.6028923666667;;;;
7512;;;;;;;;NMEA message parser not found for RMB.
7513;;;;;;;;Failed to parse: GGA.. Meters expected in GGA message.
7514;GSA;;;;;;;
7515;GSV;;;;;;;
7516;GSV;;;;;;;
7517;;;;;;;;NMEA message parser not found for GRM.
7518;RMC;12/26/2016 9:58:57 PM;49.2104841333333;16.6029017833333;;;;
7519;;;;;;;;NMEA message parser not found for RMB.
7520;;;;;;;;Failed to parse: GGA.. Meters expected in GGA message.
7521;GSA;;;;;;;
7522;GSV;;;;;;;
7523;GSV;;;;;;;
7524;;;;;;;;NMEA message parser not found for GRM.
7525;RMC;12/26/2016 9:58:58 PM;49.21048755;16.6029112;;;;
7526;;;;;;;;NMEA message parser not found for RMB.
7527;;;;;;;;Failed to parse: GGA.. Meters expected in GGA message.
7528;GSA;;;;;;;
7529;GSV;;;;;;;
7530;GSV;;;;;;;
7531;;;;;;;;NMEA message parser not found for GRM.
7532;RMC;12/26/2016 9:58:59 PM;49.2104909666667;16.6029206;;;;
7533;;;;;;;;NMEA message parser not found for RMB.
7534;;;;;;;;Failed to parse: GGA.. Meters expected in GGA message.
7535;GSA;;;;;;;
7536;GSV;;;;;;;
7537;GSV;;;;;;;
7538;;;;;;;;NMEA message parser not found for GRM.
7539;RMC;12/26/2016 9:59:00 PM;49.2104943833333;16.6029300166667;;;;
7540;;;;;;;;NMEA message parser not found for RMB.
7541;;;;;;;;Failed to parse: GGA.. Meters expected in GGA message.
7542;GSA;;;;;;;
7543;GSV;;;;;;;
7544;GSV;;;;;;;
7545;;;;;;;;NMEA message parser not found for GRM.
7546;RMC;12/26/2016 9:59:01 PM;49.2104977833333;16.6029394166667;;;;
7547;;;;;;;;NMEA message parser not found for RMB.
7548;;;;;;;;Failed to parse: GGA.. Meters expected in GGA message.
7549;GSA;;;;;;;
7550;GSV;;;;;;;
7551;GSV;;;;;;;
7552;;;;;;;;NMEA message parser not found for GRM.
7553;RMC;12/26/2016 9:59:02 PM;49.2105001666667;16.60294915;;;;
7554;;;;;;;;NMEA message parser not found for RMB.
7555;;;;;;;;Failed to parse: GGA.. Meters expected in GGA message.
7556;GSA;;;;;;;
7557;GSV;;;;;;;
7558;GSV;;;;;;;
7559;;;;;;;;NMEA message parser not found for GRM.
7560;RMC;12/26/2016 9:59:03 PM;49.2105024833333;16.6029588833333;;;;
7561;;;;;;;;NMEA message parser not found for RMB.
7562;;;;;;;;Failed to parse: GGA.. Meters expected in GGA message.
7563;GSA;;;;;;;
7564;GSV;;;;;;;
7565;GSV;;;;;;;
7566;;;;;;;;NMEA message parser not found for GRM.
7567;RMC;12/26/2016 9:59:04 PM;49.2105048;16.6029686166667;;;;
7568;;;;;;;;NMEA message parser not found for RMB.
7569;;;;;;;;Failed to parse: GGA.. Meters expected in GGA message.
7570;GSA;;;;;;;
7571;GSV;;;;;;;
7572;GSV;;;;;;;
7573;;;;;;;;NMEA message parser not found for GRM.
7574;RMC;12/26/2016 9:59:05 PM;49.2105071;16.6029783666667;;;;
7575;;;;;;;;NMEA message parser not found for RMB.
7576;;;;;;;;Failed to parse: GGA.. Meters expected in GGA message.
7577;GSA;;;;;;;
7578;GSV;;;;;;;
7579;GSV;;;;;;;
7580;;;;;;;;NMEA message parser not found for GRM.
7581;RMC;12/26/2016 9:59:06 PM;49.2105094166667;16.6029881;;;;
7582;;;;;;;;NMEA message parser not found for RMB.
7583;;;;;;;;Failed to parse: GGA.. Meters expected in GGA message.
7584;GSA;;;;;;;
7585;GSV;;;;;;;
7586;GSV;;;;;;;
7587;;;;;;;;NMEA message parser not found for GRM.
7588;RMC;12/26/2016 9:59:07 PM;49.2105117333333;16.6029978333333;;;;
7589;;;;;;;;NMEA message parser not found for RMB.
7590;;;;;;;;Failed to parse: GGA.. Meters expected in GGA message.
7591;GSA;;;;;;;
7592;GSV;;;;;;;
7593;GSV;;;;;;;
7594;;;;;;;;NMEA message parser not found for GRM.
7595;RMC;12/26/2016 9:59:08 PM;49.2105140333333;16.6030075833333;;;;
7596;;;;;;;;NMEA message parser not found for RMB.
7597;;;;;;;;Failed to parse: GGA.. Meters expected in GGA message.
7598;GSA;;;;;;;
7599;GSV;;;;;;;
7600;GSV;;;;;;;
7601;;;;;;;;NMEA message parser not found for GRM.
7602;RMC;12/26/2016 9:59:09 PM;49.21051635;16.6030173166667;;;;
7603;;;;;;;;NMEA message parser not found for RMB.
7604;;;;;;;;Failed to parse: GGA.. Meters expected in GGA message.
7605;GSA;;;;;;;
7606;GSV;;;;;;;
7607;GSV;;;;;;;
7608;;;;;;;;NMEA message parser not found for GRM.
7609;RMC;12/26/2016 9:59:10 PM;49.2105186666667;16.6030270666667;;;;
7610;;;;;;;;NMEA message parser not found for RMB.
7611;;;;;;;;Failed to parse: GGA.. Meters expected in GGA message.
7612;GSA;;;;;;;
7613;GSV;;;;;;;
7614;GSV;;;;;;;
7615;;;;;;;;NMEA message parser not found for GRM.
7616;RMC;12/26/2016 9:59:11 PM;49.2105209666667;16.6030368;;;;
7617;;;;;;;;NMEA message parser not found for RMB.
7618;;;;;;;;Failed to parse: GGA.. Meters expected in GGA message.
7619;GSA;;;;;;;
7620;GSV;;;;;;;
7621;GSV;;;;;;;
7622;;;;;;;;NMEA message parser not found for GRM.
7623;RMC;12/26/2016 9:59:12 PM;49.2105232833333;16.6030465333333;;;;
7624;;;;;;;;NMEA message parser not found for RMB.
7625;;;;;;;;Failed to parse: GGA.. Meters expected in GGA message.
7626;GSA;;;;;;;
7627;GSV;;;;;;;
7628;GSV;;;;;;;
7629;;;;;;;;NMEA message parser not found for GRM.
7630;RMC;12/26/2016 9:59:13 PM;49.2105255833333;16.6030562833333;;;;
7631;;;;;;;;NMEA message parser not found for RMB.
7632;;;;;;;;Failed to parse: GGA.. Meters expected in GGA message.
7633;GSA;;;;;;;
7634;GSV;;;;;;;
7635;GSV;;;;;;;
7636;;;;;;;;NMEA message parser not found for GRM.
7637;RMC;12/26/2016 9:59:14 PM;49.2105279;16.6030660166667;;;;
7638;;;;;;;;NMEA message parser not found for RMB.
7639;;;;;;;;Failed to parse: GGA.. Meters expected in GGA message.
7640;GSA;;;;;;;
7641;GSV;;;;;;;
7642;GSV;;;;;;;
7643;;;;;;;;NMEA message parser not found for GRM.
7644;RMC;12/26/2016 9:59:15 PM;49.2105302166667;16.60307575;;;;
7645;;;;;;;;NMEA message parser not found for RMB.
7646;;;;;;;;Failed to parse: GGA.. Meters expected in GGA message.
7647;GSA;;;;;;;
7648;GSV;;;;;;;
7649;GSV;;;;;;;
7650;;;;;;;;NMEA message parser not found for GRM.
7651;RMC;12/26/2016 9:59:16 PM;49.2105325166667;16.6030855;;;;
7652;;;;;;;;NMEA message parser not found for RMB.
7653;;;;;;;;Failed to parse: GGA.. Meters expected in GGA message.
7654;GSA;;;;;;;
7655;GSV;;;;;;;
7656;GSV;;;;;;;
7657;;;;;;;;NMEA message parser not found for GRM.
7658;RMC;12/26/2016 9:59:17 PM;49.2105348333333;16.6030952333333;;;;
7659;;;;;;;;NMEA message parser not found for RMB.
7660;;;;;;;;Failed to parse: GGA.. Meters expected in GGA message.
7661;GSA;;;;;;;
7662;GSV;;;;;;;
7663;GSV;;;;;;;
7664;;;;;;;;NMEA message parser not found for GRM.
7665;RMC;12/26/2016 9:59:18 PM;49.21053715;16.6031049833333;;;;
7666;;;;;;;;NMEA message parser not found for RMB.
7667;;;;;;;;Failed to parse: GGA.. Meters expected in GGA message.
7668;GSA;;;;;;;
7669;GSV;;;;;;;
7670;GSV;;;;;;;
7671;;;;;;;;NMEA message parser not found for GRM.
7672;RMC;12/26/2016 9:59:19 PM;49.21053945;16.6031147166667;;;;
7673;;;;;;;;NMEA message parser not found for RMB.
7674;;;;;;;;Failed to parse: GGA.. Meters expected in GGA message.
7675;GSA;;;;;;;
7676;GSV;;;;;;;
7677;GSV;;;;;;;
7678;;;;;;;;NMEA message parser not found for GRM.
7679;RMC;12/26/2016 9:59:20 PM;49.2105417666667;16.60312445;;;;
7680;;;;;;;;NMEA message parser not found for RMB.
7681;;;;;;;;Failed to parse: GGA.. Meters expected in GGA message.
7682;GSA;;;;;;;
7683;GSV;;;;;;;
7684;GSV;;;;;;;
7685;;;;;;;;NMEA message parser not found for GRM.
7686;RMC;12/26/2016 9:59:21 PM;49.2105440833333;16.6031342;;;;
7687;;;;;;;;NMEA message parser not found for RMB.
7688;;;;;;;;Failed to parse: GGA.. Meters expected in GGA message.
7689;GSA;;;;;;;
7690;GSV;;;;;;;
7691;GSV;;;;;;;
7692;;;;;;;;NMEA message parser not found for GRM.
7693;RMC;12/26/2016 9:59:22 PM;49.2105463833333;16.6031439333333;;;;
7694;;;;;;;;NMEA message parser not found for RMB.
7695;;;;;;;;Failed to parse: GGA.. Meters expected in GGA message.
7696;GSA;;;;;;;
7697;GSV;;;;;;;
7698;GSV;;;;;;;
7699;;;;;;;;NMEA message parser not found for GRM.
7700;RMC;12/26/2016 9:59:23 PM;49.2105487;16.6031536666667;;;;
7701;;;;;;;;NMEA message parser not found for RMB.
7702;;;;;;;;Failed to parse: GGA.. Meters expected in GGA message.
7703;GSA;;;;;;;
7704;GSV;;;;;;;
7705;GSV;;;;;;;
7706;;;;;;;;NMEA message parser not found for GRM.
7707;RMC;12/26/2016 9:59:24 PM;49.2105510166667;16.6031634166667;;;;
7708;;;;;;;;NMEA message parser not found for RMB.
7709;;;;;;;;Failed to parse: GGA.. Meters expected in GGA message.
7710;GSA;;;;;;;
7711;GSV;;;;;;;
7712;GSV;;;;;;;
7713;;;;;;;;NMEA message parser not found for GRM.
7714;RMC;12/26/2016 9:59:25 PM;49.2105533166667;16.60317315;;;;
7715;;;;;;;;NMEA message parser not found for RMB.
7716;;;;;;;;Failed to parse: GGA.. Meters expected in GGA message.
7717;GSA;;;;;;;
7718;GSV;;;;;;;
7719;GSV;;;;;;;
7720;;;;;;;;NMEA message parser not found for GRM.
7721;RMC;12/26/2016 9:59:26 PM;49.2105556333333;16.6031829;;;;
7722;;;;;;;;NMEA message parser not found for RMB.
7723;;;;;;;;Failed to parse: GGA.. Meters expected in GGA message.
7724;GSA;;;;;;;
7725;GSV;;;;;;;
7726;GSV;;;;;;;
7727;;;;;;;;NMEA message parser not found for GRM.
7728;RMC;12/26/2016 9:59:27 PM;49.21055795;16.6031926333333;;;;
7729;;;;;;;;NMEA message parser not found for RMB.
7730;;;;;;;;Failed to parse: GGA.. Meters expected in GGA message.
7731;GSA;;;;;;;
7732;GSV;;;;;;;
7733;GSV;;;;;;;
7734;;;;;;;;NMEA message parser not found for GRM.
7735;RMC;12/26/2016 9:59:28 PM;49.21056025;16.6032023666667;;;;
7736;;;;;;;;NMEA message parser not found for RMB.
7737;;;;;;;;Failed to parse: GGA.. Meters expected in GGA message.
7738;GSA;;;;;;;
7739;GSV;;;;;;;
7740;GSV;;;;;;;
7741;;;;;;;;NMEA message parser not found for GRM.
7742;RMC;12/26/2016 9:59:29 PM;49.2105625666667;16.6032121166667;;;;
7743;;;;;;;;NMEA message parser not found for RMB.
7744;;;;;;;;Failed to parse: GGA.. Meters expected in GGA message.
7745;GSA;;;;;;;
7746;GSV;;;;;;;
7747;GSV;;;;;;;
7748;;;;;;;;NMEA message parser not found for GRM.
7749;RMC;12/26/2016 9:59:30 PM;49.2105648833333;16.60322185;;;;
7750;;;;;;;;NMEA message parser not found for RMB.
7751;;;;;;;;Failed to parse: GGA.. Meters expected in GGA message.
7752;GSA;;;;;;;
7753;GSV;;;;;;;
7754;GSV;;;;;;;
7755;;;;;;;;NMEA message parser not found for GRM.
7756;RMC;12/26/2016 9:59:31 PM;49.2105671833333;16.6032315833333;;;;
7757;;;;;;;;NMEA message parser not found for RMB.
7758;;;;;;;;Failed to parse: GGA.. Meters expected in GGA message.
7759;GSA;;;;;;;
7760;GSV;;;;;;;
7761;GSV;;;;;;;
7762;;;;;;;;NMEA message parser not found for GRM.
7763;RMC;12/26/2016 9:59:32 PM;49.2105695;16.6032413333333;;;;
7764;;;;;;;;NMEA message parser not found for RMB.
7765;;;;;;;;Failed to parse: GGA.. Meters expected in GGA message.
7766;GSA;;;;;;;
7767;GSV;;;;;;;
7768;GSV;;;;;;;
7769;;;;;;;;NMEA message parser not found for GRM.
7770;RMC;12/26/2016 9:59:33 PM;49.2105718166667;16.6032510666667;;;;
7771;;;;;;;;NMEA message parser not found for RMB.
7772;;;;;;;;Failed to parse: GGA.. Meters expected in GGA message.
7773;GSA;;;;;;;
7774;GSV;;;;;;;
7775;GSV;;;;;;;
7776;;;;;;;;NMEA message parser not found for GRM.
7777;RMC;12/26/2016 9:59:34 PM;49.2105741166667;16.6032608166667;;;;
7778;;;;;;;;NMEA message parser not found for RMB.
7779;;;;;;;;Failed to parse: GGA.. Meters expected in GGA message.
7780;GSA;;;;;;;
7781;GSV;;;;;;;
7782;GSV;;;;;;;
7783;;;;;;;;NMEA message parser not found for GRM.
7784;RMC;12/26/2016 9:59:35 PM;49.2105764333333;16.60327055;;;;
7785;;;;;;;;NMEA message parser not found for RMB.
7786;;;;;;;;Failed to parse: GGA.. Meters expected in GGA message.
7787;GSA;;;;;;;
7788;GSV;;;;;;;
7789;GSV;;;;;;;
7790;;;;;;;;NMEA message parser not found for GRM.
7791;RMC;12/26/2016 9:59:36 PM;49.21057875;16.6032802833333;;;;
7792;;;;;;;;NMEA message parser not found for RMB.
7793;;;;;;;;Failed to parse: GGA.. Meters expected in GGA message.
7794;GSA;;;;;;;
7795;GSV;;;;;;;
7796;GSV;;;;;;;
7797;;;;;;;;NMEA message parser not found for GRM.
7798;RMC;12/26/2016 9:59:37 PM;49.21058105;16.6032900333333;;;;
7799;;;;;;;;NMEA message parser not found for RMB.
7800;;;;;;;;Failed to parse: GGA.. Meters expected in GGA message.
7801;GSA;;;;;;;
7802;GSV;;;;;;;
7803;GSV;;;;;;;
7804;;;;;;;;NMEA message parser not found for GRM.
7805;RMC;12/26/2016 9:59:38 PM;49.2105833666667;16.6032997666667;;;;
7806;;;;;;;;NMEA message parser not found for RMB.
7807;;;;;;;;Failed to parse: GGA.. Meters expected in GGA message.
7808;GSA;;;;;;;
7809;GSV;;;;;;;
7810;GSV;;;;;;;
7811;;;;;;;;NMEA message parser not found for GRM.
7812;RMC;12/26/2016 9:59:39 PM;49.2105856833333;16.6033095;;;;
7813;;;;;;;;NMEA message parser not found for RMB.
7814;;;;;;;;Failed to parse: GGA.. Meters expected in GGA message.
7815;GSA;;;;;;;
7816;GSV;;;;;;;
7817;GSV;;;;;;;
7818;;;;;;;;NMEA message parser not found for GRM.
7819;RMC;12/26/2016 9:59:40 PM;49.2105879833333;16.60331925;;;;
7820;;;;;;;;NMEA message parser not found for RMB.
7821;;;;;;;;Failed to parse: GGA.. Meters expected in GGA message.
7822;GSA;;;;;;;
7823;GSV;;;;;;;
7824;GSV;;;;;;;
7825;;;;;;;;NMEA message parser not found for GRM.
7826;RMC;12/26/2016 9:59:41 PM;49.2105903;16.6033289833333;;;;
7827;;;;;;;;NMEA message parser not found for RMB.
7828;;;;;;;;Failed to parse: GGA.. Meters expected in GGA message.
7829;GSA;;;;;;;
7830;GSV;;;;;;;
7831;GSV;;;;;;;
7832;;;;;;;;NMEA message parser not found for GRM.
7833;RMC;12/26/2016 9:59:42 PM;49.2105926166667;16.6033387333333;;;;
7834;;;;;;;;NMEA message parser not found for RMB.
7835;;;;;;;;Failed to parse: GGA.. Meters expected in GGA message.
7836;GSA;;;;;;;
7837;GSV;;;;;;;
7838;GSV;;;;;;;
7839;;;;;;;;NMEA message parser not found for GRM.
7840;RMC;12/26/2016 9:59:43 PM;49.2105949166667;16.6033484666667;;;;
7841;;;;;;;;NMEA message parser not found for RMB.
7842;;;;;;;;Failed to parse: GGA.. Meters expected in GGA message.
7843;GSA;;;;;;;
7844;GSV;;;;;;;
7845;GSV;;;;;;;
7846;;;;;;;;NMEA message parser not found for GRM.
7847;RMC;12/26/2016 9:59:44 PM;49.2105972333333;16.6033582;;;;
7848;;;;;;;;NMEA message parser not found for RMB.
7849;;;;;;;;Failed to parse: GGA.. Meters expected in GGA message.
7850;GSA;;;;;;;
7851;GSV;;;;;;;
7852;GSV;;;;;;;
7853;;;;;;;;NMEA message parser not found for GRM.
7854;RMC;12/26/2016 9:59:45 PM;49.21059955;16.60336795;;;;
7855;;;;;;;;NMEA message parser not found for RMB.
7856;;;;;;;;Failed to parse: GGA.. Meters expected in GGA message.
7857;GSA;;;;;;;
7858;GSV;;;;;;;
7859;GSV;;;;;;;
7860;;;;;;;;NMEA message parser not found for GRM.
7861;RMC;12/26/2016 9:59:46 PM;49.21060185;16.6033776833333;;;;
7862;;;;;;;;NMEA message parser not found for RMB.
7863;;;;;;;;Failed to parse: GGA.. Meters expected in GGA message.
7864;GSA;;;;;;;
7865;GSV;;;;;;;
7866;GSV;;;;;;;
7867;;;;;;;;NMEA message parser not found for GRM.
7868;RMC;12/26/2016 9:59:47 PM;49.2106041666667;16.6033874166667;;;;
7869;;;;;;;;NMEA message parser not found for RMB.
7870;;;;;;;;Failed to parse: GGA.. Meters expected in GGA message.
7871;GSA;;;;;;;
7872;GSV;;;;;;;
7873;GSV;;;;;;;
7874;;;;;;;;NMEA message parser not found for GRM.
7875;RMC;12/26/2016 9:59:48 PM;49.2106064833333;16.6033971666667;;;;
7876;;;;;;;;NMEA message parser not found for RMB.
7877;;;;;;;;Failed to parse: GGA.. Meters expected in GGA message.
7878;GSA;;;;;;;
7879;GSV;;;;;;;
7880;GSV;;;;;;;
7881;;;;;;;;NMEA message parser not found for GRM.
7882;RMC;12/26/2016 9:59:49 PM;49.2106087833333;16.6034069;;;;
7883;;;;;;;;NMEA message parser not found for RMB.
7884;;;;;;;;Failed to parse: GGA.. Meters expected in GGA message.
7885;GSA;;;;;;;
7886;GSV;;;;;;;
7887;GSV;;;;;;;
7888;;;;;;;;NMEA message parser not found for GRM.
7889;RMC;12/26/2016 9:59:50 PM;49.2106111;16.60341665;;;;
7890;;;;;;;;NMEA message parser not found for RMB.
7891;;;;;;;;Failed to parse: GGA.. Meters expected in GGA message.
7892;GSA;;;;;;;
7893;GSV;;;;;;;
7894;GSV;;;;;;;
7895;;;;;;;;NMEA message parser not found for GRM.
7896;RMC;12/26/2016 9:59:51 PM;49.2106134166667;16.6034263833333;;;;
7897;;;;;;;;NMEA message parser not found for RMB.
7898;;;;;;;;Failed to parse: GGA.. Meters expected in GGA message.
7899;GSA;;;;;;;
7900;GSV;;;;;;;
7901;GSV;;;;;;;
7902;;;;;;;;NMEA message parser not found for GRM.
7903;RMC;12/26/2016 9:59:52 PM;49.2106157166667;16.6034361166667;;;;
7904;;;;;;;;NMEA message parser not found for RMB.
7905;;;;;;;;Failed to parse: GGA.. Meters expected in GGA message.
7906;GSA;;;;;;;
7907;GSV;;;;;;;
7908;GSV;;;;;;;
7909;;;;;;;;NMEA message parser not found for GRM.
7910;RMC;12/26/2016 9:59:53 PM;49.2106180333333;16.6034458666667;;;;
7911;;;;;;;;NMEA message parser not found for RMB.
7912;;;;;;;;Failed to parse: GGA.. Meters expected in GGA message.
7913;GSA;;;;;;;
7914;GSV;;;;;;;
7915;GSV;;;;;;;
7916;;;;;;;;NMEA message parser not found for GRM.
7917;RMC;12/26/2016 9:59:54 PM;49.21062035;16.6034556;;;;
7918;;;;;;;;NMEA message parser not found for RMB.
7919;;;;;;;;Failed to parse: GGA.. Meters expected in GGA message.
7920;GSA;;;;;;;
7921;GSV;;;;;;;
7922;GSV;;;;;;;
7923;;;;;;;;NMEA message parser not found for GRM.
7924;RMC;12/26/2016 9:59:55 PM;49.21062265;16.6034653333333;;;;
7925;;;;;;;;NMEA message parser not found for RMB.
7926;;;;;;;;Failed to parse: GGA.. Meters expected in GGA message.
7927;GSA;;;;;;;
7928;GSV;;;;;;;
7929;GSV;;;;;;;
7930;;;;;;;;NMEA message parser not found for GRM.
7931;RMC;12/26/2016 9:59:56 PM;49.2106249666667;16.6034750833333;;;;
7932;;;;;;;;NMEA message parser not found for RMB.
7933;;;;;;;;Failed to parse: GGA.. Meters expected in GGA message.
7934;GSA;;;;;;;
7935;GSV;;;;;;;
7936;GSV;;;;;;;
7937;;;;;;;;NMEA message parser not found for GRM.
7938;RMC;12/26/2016 9:59:57 PM;49.2106272833333;16.6034848166667;;;;
7939;;;;;;;;NMEA message parser not found for RMB.
7940;;;;;;;;Failed to parse: GGA.. Meters expected in GGA message.
7941;GSA;;;;;;;
7942;GSV;;;;;;;
7943;GSV;;;;;;;
7944;;;;;;;;NMEA message parser not found for GRM.
7945;RMC;12/26/2016 9:59:58 PM;49.2106295833333;16.6034945666667;;;;
7946;;;;;;;;NMEA message parser not found for RMB.
7947;;;;;;;;Failed to parse: GGA.. Meters expected in GGA message.
7948;GSA;;;;;;;
7949;GSV;;;;;;;
7950;GSV;;;;;;;
7951;;;;;;;;NMEA message parser not found for GRM.
7952;RMC;12/26/2016 9:59:59 PM;49.2106319;16.6035043;;;;
7953;;;;;;;;NMEA message parser not found for RMB.
7954;;;;;;;;Failed to parse: GGA.. Meters expected in GGA message.
7955;GSA;;;;;;;
7956;GSV;;;;;;;
7957;GSV;;;;;;;
7958;;;;;;;;NMEA message parser not found for GRM.
7959;RMC;12/26/2016 10:00:00 PM;49.2106342166667;16.6035140333333;;;;
7960;;;;;;;;NMEA message parser not found for RMB.
7961;;;;;;;;Failed to parse: GGA.. Meters expected in GGA message.
7962;GSA;;;;;;;
7963;GSV;;;;;;;
7964;GSV;;;;;;;
7965;;;;;;;;NMEA message parser not found for GRM.
7966;RMC;12/26/2016 10:00:01 PM;49.2106365166667;16.6035237833333;;;;
7967;;;;;;;;NMEA message parser not found for RMB.
7968;;;;;;;;Failed to parse: GGA.. Meters expected in GGA message.
7969;GSA;;;;;;;
7970;GSV;;;;;;;
7971;GSV;;;;;;;
7972;;;;;;;;NMEA message parser not found for GRM.
7973;RMC;12/26/2016 10:00:02 PM;49.2106388333333;16.6035335166667;;;;
7974;;;;;;;;NMEA message parser not found for RMB.
7975;;;;;;;;Failed to parse: GGA.. Meters expected in GGA message.
7976;GSA;;;;;;;
7977;GSV;;;;;;;
7978;GSV;;;;;;;
7979;;;;;;;;NMEA message parser not found for GRM.
7980;RMC;12/26/2016 10:00:03 PM;49.21064115;16.60354325;;;;
7981;;;;;;;;NMEA message parser not found for RMB.
7982;;;;;;;;Failed to parse: GGA.. Meters expected in GGA message.
7983;GSA;;;;;;;
7984;GSV;;;;;;;
7985;GSV;;;;;;;
7986;;;;;;;;NMEA message parser not found for GRM.
7987;RMC;12/26/2016 10:00:04 PM;49.21064345;16.603553;;;;
7988;;;;;;;;NMEA message parser not found for RMB.
7989;;;;;;;;Failed to parse: GGA.. Meters expected in GGA message.
7990;GSA;;;;;;;
7991;GSV;;;;;;;
7992;GSV;;;;;;;
7993;;;;;;;;NMEA message parser not found for GRM.
7994;RMC;12/26/2016 10:00:05 PM;49.2106457666667;16.6035627333333;;;;
7995;;;;;;;;NMEA message parser not found for RMB.
7996;;;;;;;;Failed to parse: GGA.. Meters expected in GGA message.
7997;GSA;;;;;;;
7998;GSV;;;;;;;
7999;GSV;;;;;;;
8000;;;;;;;;NMEA message parser not found for GRM.
8001;RMC;12/26/2016 10:00:06 PM;49.2106480833333;16.6035724833333;;;;
8002;;;;;;;;NMEA message parser not found for RMB.
8003;;;;;;;;Failed to parse: GGA.. Meters expected in GGA message.
8004;GSA;;;;;;;
8005;GSV;;;;;;;
8006;GSV;;;;;;;
8007;;;;;;;;NMEA message parser not found for GRM.
8008;RMC;12/26/2016 10:00:07 PM;49.2106503833333;16.6035822166667;;;;
8009;;;;;;;;NMEA message parser not found for RMB.
8010;;;;;;;;Failed to parse: GGA.. Meters expected in GGA message.
8011;GSA;;;;;;;
8012;GSV;;;;;;;
8013;GSV;;;;;;;
8014;;;;;;;;NMEA message parser not found for GRM.
8015;RMC;12/26/2016 10:00:08 PM;49.2106527;16.60359195;;;;
8016;;;;;;;;NMEA message parser not found for RMB.
8017;;;;;;;;Failed to parse: GGA.. Meters expected in GGA message.
8018;GSA;;;;;;;
8019;GSV;;;;;;;
8020;GSV;;;;;;;
8021;;;;;;;;NMEA message parser not found for GRM.
8022;RMC;12/26/2016 10:00:09 PM;49.2106550166667;16.6036017;;;;
8023;;;;;;;;NMEA message parser not found for RMB.
8024;;;;;;;;Failed to parse: GGA.. Meters expected in GGA message.
8025;GSA;;;;;;;
8026;GSV;;;;;;;
8027;GSV;;;;;;;
8028;;;;;;;;NMEA message parser not found for GRM.
8029;RMC;12/26/2016 10:00:10 PM;49.2106573166667;16.6036114333333;;;;
8030;;;;;;;;NMEA message parser not found for RMB.
8031;;;;;;;;Failed to parse: GGA.. Meters expected in GGA message.
8032;GSA;;;;;;;
8033;GSV;;;;;;;
8034;GSV;;;;;;;
8035;;;;;;;;NMEA message parser not found for GRM.
8036;RMC;12/26/2016 10:00:11 PM;49.2106596333333;16.6036211666667;;;;
8037;;;;;;;;NMEA message parser not found for RMB.
8038;;;;;;;;Failed to parse: GGA.. Meters expected in GGA message.
8039;GSA;;;;;;;
8040;GSV;;;;;;;
8041;GSV;;;;;;;
8042;;;;;;;;NMEA message parser not found for GRM.
8043;RMC;12/26/2016 10:00:12 PM;49.21066195;16.6036309166667;;;;
8044;;;;;;;;NMEA message parser not found for RMB.
8045;;;;;;;;Failed to parse: GGA.. Meters expected in GGA message.
8046;GSA;;;;;;;
8047;GSV;;;;;;;
8048;GSV;;;;;;;
8049;;;;;;;;NMEA message parser not found for GRM.
8050;RMC;12/26/2016 10:00:13 PM;49.21066425;16.60364065;;;;
8051;;;;;;;;NMEA message parser not found for RMB.
8052;;;;;;;;Failed to parse: GGA.. Meters expected in GGA message.
8053;GSA;;;;;;;
8054;GSV;;;;;;;
8055;GSV;;;;;;;
8056;;;;;;;;NMEA message parser not found for GRM.
8057;RMC;12/26/2016 10:00:14 PM;49.21066645;16.6036504166667;;;;
8058;;;;;;;;NMEA message parser not found for RMB.
8059;;;;;;;;Failed to parse: GGA.. Meters expected in GGA message.
8060;GSA;;;;;;;
8061;GSV;;;;;;;
8062;GSV;;;;;;;
8063;;;;;;;;NMEA message parser not found for GRM.
8064;RMC;12/26/2016 10:00:15 PM;49.21066825;16.6036602666667;;;;
8065;;;;;;;;NMEA message parser not found for RMB.
8066;;;;;;;;Failed to parse: GGA.. Meters expected in GGA message.
8067;GSA;;;;;;;
8068;GSV;;;;;;;
8069;GSV;;;;;;;
8070;;;;;;;;NMEA message parser not found for GRM.
8071;RMC;12/26/2016 10:00:16 PM;49.21067005;16.6036701166667;;;;
8072;;;;;;;;NMEA message parser not found for RMB.
8073;;;;;;;;Failed to parse: GGA.. Meters expected in GGA message.
8074;GSA;;;;;;;
8075;GSV;;;;;;;
8076;GSV;;;;;;;
8077;;;;;;;;NMEA message parser not found for GRM.
8078;RMC;12/26/2016 10:00:17 PM;49.21067185;16.6036799666667;;;;
8079;;;;;;;;NMEA message parser not found for RMB.
8080;;;;;;;;Failed to parse: GGA.. Meters expected in GGA message.
8081;GSA;;;;;;;
8082;GSV;;;;;;;
8083;GSV;;;;;;;
8084;;;;;;;;NMEA message parser not found for GRM.
8085;RMC;12/26/2016 10:00:18 PM;49.21067365;16.6036898;;;;
8086;;;;;;;;NMEA message parser not found for RMB.
8087;;;;;;;;Failed to parse: GGA.. Meters expected in GGA message.
8088;GSA;;;;;;;
8089;GSV;;;;;;;
8090;GSV;;;;;;;
8091;;;;;;;;NMEA message parser not found for GRM.
8092;RMC;12/26/2016 10:00:19 PM;49.21067545;16.60369965;;;;
8093;;;;;;;;NMEA message parser not found for RMB.
8094;;;;;;;;Failed to parse: GGA.. Meters expected in GGA message.
8095;GSA;;;;;;;
8096;GSV;;;;;;;
8097;GSV;;;;;;;
8098;;;;;;;;NMEA message parser not found for GRM.
8099;RMC;12/26/2016 10:00:20 PM;49.21067725;16.6037095;;;;
8100;;;;;;;;NMEA message parser not found for RMB.
8101;;;;;;;;Failed to parse: GGA.. Meters expected in GGA message.
8102;GSA;;;;;;;
8103;GSV;;;;;;;
8104;GSV;;;;;;;
8105;;;;;;;;NMEA message parser not found for GRM.
8106;RMC;12/26/2016 10:00:21 PM;49.21067905;16.60371935;;;;
8107;;;;;;;;NMEA message parser not found for RMB.
8108;;;;;;;;Failed to parse: GGA.. Meters expected in GGA message.
8109;GSA;;;;;;;
8110;GSV;;;;;;;
8111;GSV;;;;;;;
8112;;;;;;;;NMEA message parser not found for GRM.
8113;RMC;12/26/2016 10:00:22 PM;49.21068085;16.6037292;;;;
8114;;;;;;;;NMEA message parser not found for RMB.
8115;;;;;;;;Failed to parse: GGA.. Meters expected in GGA message.
8116;GSA;;;;;;;
8117;GSV;;;;;;;
8118;GSV;;;;;;;
8119;;;;;;;;NMEA message parser not found for GRM.
8120;RMC;12/26/2016 10:00:23 PM;49.21068265;16.6037390333333;;;;
8121;;;;;;;;NMEA message parser not found for RMB.
8122;;;;;;;;Failed to parse: GGA.. Meters expected in GGA message.
8123;GSA;;;;;;;
8124;GSV;;;;;;;
8125;GSV;;;;;;;
8126;;;;;;;;NMEA message parser not found for GRM.
8127;RMC;12/26/2016 10:00:24 PM;49.21068445;16.6037488833333;;;;
8128;;;;;;;;NMEA message parser not found for RMB.
8129;;;;;;;;Failed to parse: GGA.. Meters expected in GGA message.
8130;GSA;;;;;;;
8131;GSV;;;;;;;
8132;GSV;;;;;;;
8133;;;;;;;;NMEA message parser not found for GRM.
8134;RMC;12/26/2016 10:00:25 PM;49.21068625;16.6037587333333;;;;
8135;;;;;;;;NMEA message parser not found for RMB.
8136;;;;;;;;Failed to parse: GGA.. Meters expected in GGA message.
8137;GSA;;;;;;;
8138;GSV;;;;;;;
8139;GSV;;;;;;;
8140;;;;;;;;NMEA message parser not found for GRM.
8141;RMC;12/26/2016 10:00:26 PM;49.21068805;16.6037685833333;;;;
8142;;;;;;;;NMEA message parser not found for RMB.
8143;;;;;;;;Failed to parse: GGA.. Meters expected in GGA message.
8144;GSA;;;;;;;
8145;GSV;;;;;;;
8146;GSV;;;;;;;
8147;;;;;;;;NMEA message parser not found for GRM.
8148;RMC;12/26/2016 10:00:27 PM;49.21068985;16.6037784333333;;;;
8149;;;;;;;;NMEA message parser not found for RMB.
8150;;;;;;;;Failed to parse: GGA.. Meters expected in GGA message.
8151;GSA;;;;;;;
8152;GSV;;;;;;;
8153;GSV;;;;;;;
8154;;;;;;;;NMEA message parser not found for GRM.
8155;RMC;12/26/2016 10:00:28 PM;49.21069165;16.6037882666667;;;;
8156;;;;;;;;NMEA message parser not found for RMB.
8157;;;;;;;;Failed to parse: GGA.. Meters expected in GGA message.
8158;GSA;;;;;;;
8159;GSV;;;;;;;
8160;GSV;;;;;;;
8161;;;;;;;;NMEA message parser not found for GRM.
8162;RMC;12/26/2016 10:00:29 PM;49.21069345;16.6037981166667;;;;
8163;;;;;;;;NMEA message parser not found for RMB.
8164;;;;;;;;Failed to parse: GGA.. Meters expected in GGA message.
8165;GSA;;;;;;;
8166;GSV;;;;;;;
8167;GSV;;;;;;;
8168;;;;;;;;NMEA message parser not found for GRM.
8169;RMC;12/26/2016 10:00:30 PM;49.21069525;16.6038079666667;;;;
8170;;;;;;;;NMEA message parser not found for RMB.
8171;;;;;;;;Failed to parse: GGA.. Meters expected in GGA message.
8172;GSA;;;;;;;
8173;GSV;;;;;;;
8174;GSV;;;;;;;
8175;;;;;;;;NMEA message parser not found for GRM.
8176;RMC;12/26/2016 10:00:31 PM;49.21069705;16.6038178166667;;;;
8177;;;;;;;;NMEA message parser not found for RMB.
8178;;;;;;;;Failed to parse: GGA.. Meters expected in GGA message.
8179;GSA;;;;;;;
8180;GSV;;;;;;;
8181;GSV;;;;;;;
8182;;;;;;;;NMEA message parser not found for GRM.
8183;RMC;12/26/2016 10:00:32 PM;49.21069885;16.6038276666667;;;;
8184;;;;;;;;NMEA message parser not found for RMB.
8185;;;;;;;;Failed to parse: GGA.. Meters expected in GGA message.
8186;GSA;;;;;;;
8187;GSV;;;;;;;
8188;GSV;;;;;;;
8189;;;;;;;;NMEA message parser not found for GRM.
8190;RMC;12/26/2016 10:00:33 PM;49.21070065;16.6038375;;;;
8191;;;;;;;;NMEA message parser not found for RMB.
8192;;;;;;;;Failed to parse: GGA.. Meters expected in GGA message.
8193;GSA;;;;;;;
8194;GSV;;;;;;;
8195;GSV;;;;;;;
8196;;;;;;;;NMEA message parser not found for GRM.
8197;RMC;12/26/2016 10:00:34 PM;49.21070245;16.60384735;;;;
8198;;;;;;;;NMEA message parser not found for RMB.
8199;;;;;;;;Failed to parse: GGA.. Meters expected in GGA message.
8200;GSA;;;;;;;
8201;GSV;;;;;;;
8202;GSV;;;;;;;
8203;;;;;;;;NMEA message parser not found for GRM.
8204;RMC;12/26/2016 10:00:35 PM;49.21070425;16.6038572;;;;
8205;;;;;;;;NMEA message parser not found for RMB.
8206;;;;;;;;Failed to parse: GGA.. Meters expected in GGA message.
8207;GSA;;;;;;;
8208;GSV;;;;;;;
8209;GSV;;;;;;;
8210;;;;;;;;NMEA message parser not found for GRM.
8211;RMC;12/26/2016 10:00:36 PM;49.21070605;16.60386705;;;;
8212;;;;;;;;NMEA message parser not found for RMB.
8213;;;;;;;;Failed to parse: GGA.. Meters expected in GGA message.
8214;GSA;;;;;;;
8215;GSV;;;;;;;
8216;GSV;;;;;;;
8217;;;;;;;;NMEA message parser not found for GRM.
8218;RMC;12/26/2016 10:00:37 PM;49.21070785;16.6038769;;;;
8219;;;;;;;;NMEA message parser not found for RMB.
8220;;;;;;;;Failed to parse: GGA.. Meters expected in GGA message.
8221;GSA;;;;;;;
8222;GSV;;;;;;;
8223;GSV;;;;;;;
8224;;;;;;;;NMEA message parser not found for GRM.
8225;RMC;12/26/2016 10:00:38 PM;49.21070965;16.6038867333333;;;;
8226;;;;;;;;NMEA message parser not found for RMB.
8227;;;;;;;;Failed to parse: GGA.. Meters expected in GGA message.
8228;GSA;;;;;;;
8229;GSV;;;;;;;
8230;GSV;;;;;;;
8231;;;;;;;;NMEA message parser not found for GRM.
8232;RMC;12/26/2016 10:00:39 PM;49.21071145;16.6038965833333;;;;
8233;;;;;;;;NMEA message parser not found for RMB.
8234;;;;;;;;Failed to parse: GGA.. Meters expected in GGA message.
8235;GSA;;;;;;;
8236;GSV;;;;;;;
8237;GSV;;;;;;;
8238;;;;;;;;NMEA message parser not found for GRM.
8239;RMC;12/26/2016 10:00:40 PM;49.21071325;16.6039064333333;;;;
8240;;;;;;;;NMEA message parser not found for RMB.
8241;;;;;;;;Failed to parse: GGA.. Meters expected in GGA message.
8242;GSA;;;;;;;
8243;GSV;;;;;;;
8244;GSV;;;;;;;
8245;;;;;;;;NMEA message parser not found for GRM.
8246;RMC;12/26/2016 10:00:41 PM;49.21071505;16.6039162833333;;;;
8247;;;;;;;;NMEA message parser not found for RMB.
8248;;;;;;;;Failed to parse: GGA.. Meters expected in GGA message.
8249;GSA;;;;;;;
8250;GSV;;;;;;;
8251;GSV;;;;;;;
8252;;;;;;;;NMEA message parser not found for GRM.
8253;RMC;12/26/2016 10:00:42 PM;49.21071685;16.6039261333333;;;;
8254;;;;;;;;NMEA message parser not found for RMB.
8255;;;;;;;;Failed to parse: GGA.. Meters expected in GGA message.
8256;GSA;;;;;;;
8257;GSV;;;;;;;
8258;GSV;;;;;;;
8259;;;;;;;;NMEA message parser not found for GRM.
8260;RMC;12/26/2016 10:00:43 PM;49.21071865;16.6039359833333;;;;
8261;;;;;;;;NMEA message parser not found for RMB.
8262;;;;;;;;Failed to parse: GGA.. Meters expected in GGA message.
8263;GSA;;;;;;;
8264;GSV;;;;;;;
8265;GSV;;;;;;;
8266;;;;;;;;NMEA message parser not found for GRM.
8267;RMC;12/26/2016 10:00:44 PM;49.21072045;16.6039458166667;;;;
8268;;;;;;;;NMEA message parser not found for RMB.
8269;;;;;;;;Failed to parse: GGA.. Meters expected in GGA message.
8270;GSA;;;;;;;
8271;GSV;;;;;;;
8272;GSV;;;;;;;
8273;;;;;;;;NMEA message parser not found for GRM.
8274;RMC;12/26/2016 10:00:45 PM;49.21072225;16.6039556666667;;;;
8275;;;;;;;;NMEA message parser not found for RMB.
8276;;;;;;;;Failed to parse: GGA.. Meters expected in GGA message.
8277;GSA;;;;;;;
8278;GSV;;;;;;;
8279;GSV;;;;;;;
8280;;;;;;;;NMEA message parser not found for GRM.
8281;RMC;12/26/2016 10:00:46 PM;49.21072405;16.6039655166667;;;;
8282;;;;;;;;NMEA message parser not found for RMB.
8283;;;;;;;;Failed to parse: GGA.. Meters expected in GGA message.
8284;GSA;;;;;;;
8285;GSV;;;;;;;
8286;GSV;;;;;;;
8287;;;;;;;;NMEA message parser not found for GRM.
8288;RMC;12/26/2016 10:00:47 PM;49.21072585;16.6039753666667;;;;
8289;;;;;;;;NMEA message parser not found for RMB.
8290;;;;;;;;Failed to parse: GGA.. Meters expected in GGA message.
8291;GSA;;;;;;;
8292;GSV;;;;;;;
8293;GSV;;;;;;;
8294;;;;;;;;NMEA message parser not found for GRM.
8295;RMC;12/26/2016 10:00:48 PM;49.21072765;16.6039852166667;;;;
8296;;;;;;;;NMEA message parser not found for RMB.
8297;;;;;;;;Failed to parse: GGA.. Meters expected in GGA message.
8298;GSA;;;;;;;
8299;GSV;;;;;;;
8300;GSV;;;;;;;
8301;;;;;;;;NMEA message parser not found for GRM.
8302;RMC;12/26/2016 10:00:49 PM;49.21072945;16.60399505;;;;
8303;;;;;;;;NMEA message parser not found for RMB.
8304;;;;;;;;Failed to parse: GGA.. Meters expected in GGA message.
8305;GSA;;;;;;;
8306;GSV;;;;;;;
8307;GSV;;;;;;;
8308;;;;;;;;NMEA message parser not found for GRM.
8309;RMC;12/26/2016 10:00:50 PM;49.21073125;16.6040049;;;;
8310;;;;;;;;NMEA message parser not found for RMB.
8311;;;;;;;;Failed to parse: GGA.. Meters expected in GGA message.
8312;GSA;;;;;;;
8313;GSV;;;;;;;
8314;GSV;;;;;;;
8315;;;;;;;;NMEA message parser not found for GRM.
8316;RMC;12/26/2016 10:00:51 PM;49.21073305;16.60401475;;;;
8317;;;;;;;;NMEA message parser not found for RMB.
8318;;;;;;;;Failed to parse: GGA.. Meters expected in GGA message.
8319;GSA;;;;;;;
8320;GSV;;;;;;;
8321;GSV;;;;;;;
8322;;;;;;;;NMEA message parser not found for GRM.
8323;RMC;12/26/2016 10:00:52 PM;49.21073485;16.6040246;;;;
8324;;;;;;;;NMEA message parser not found for RMB.
8325;;;;;;;;Failed to parse: GGA.. Meters expected in GGA message.
8326;GSA;;;;;;;
8327;GSV;;;;;;;
8328;GSV;;;;;;;
8329;;;;;;;;NMEA message parser not found for GRM.
8330;RMC;12/26/2016 10:00:53 PM;49.21073665;16.60403445;;;;
8331;;;;;;;;NMEA message parser not found for RMB.
8332;;;;;;;;Failed to parse: GGA.. Meters expected in GGA message.
8333;GSA;;;;;;;
8334;GSV;;;;;;;
8335;GSV;;;;;;;
8336;;;;;;;;NMEA message parser not found for GRM.
8337;RMC;12/26/2016 10:00:54 PM;49.21073845;16.6040442833333;;;;
8338;;;;;;;;NMEA message parser not found for RMB.
8339;;;;;;;;Failed to parse: GGA.. Meters expected in GGA message.
8340;GSA;;;;;;;
8341;GSV;;;;;;;
8342;GSV;;;;;;;
8343;;;;;;;;NMEA message parser not found for GRM.
8344;RMC;12/26/2016 10:00:55 PM;49.21074025;16.6040541333333;;;;
8345;;;;;;;;NMEA message parser not found for RMB.
8346;;;;;;;;Failed to parse: GGA.. Meters expected in GGA message.
8347;GSA;;;;;;;
8348;GSV;;;;;;;
8349;GSV;;;;;;;
8350;;;;;;;;NMEA message parser not found for GRM.
8351;RMC;12/26/2016 10:00:56 PM;49.21074205;16.6040639833333;;;;
8352;;;;;;;;NMEA message parser not found for RMB.
8353;;;;;;;;Failed to parse: GGA.. Meters expected in GGA message.
8354;GSA;;;;;;;
8355;GSV;;;;;;;
8356;GSV;;;;;;;
8357;;;;;;;;NMEA message parser not found for GRM.
8358;RMC;12/26/2016 10:00:57 PM;49.21074385;16.6040738333333;;;;
8359;;;;;;;;NMEA message parser not found for RMB.
8360;;;;;;;;Failed to parse: GGA.. Meters expected in GGA message.
8361;GSA;;;;;;;
8362;GSV;;;;;;;
8363;GSV;;;;;;;
8364;;;;;;;;NMEA message parser not found for GRM.
8365;RMC;12/26/2016 10:00:58 PM;49.21074565;16.6040836833333;;;;
8366;;;;;;;;NMEA message parser not found for RMB.
8367;;;;;;;;Failed to parse: GGA.. Meters expected in GGA message.
8368;GSA;;;;;;;
8369;GSV;;;;;;;
8370;GSV;;;;;;;
8371;;;;;;;;NMEA message parser not found for GRM.
8372;RMC;12/26/2016 10:00:59 PM;49.21074745;16.6040935166667;;;;
8373;;;;;;;;NMEA message parser not found for RMB.
8374;;;;;;;;Failed to parse: GGA.. Meters expected in GGA message.
8375;GSA;;;;;;;
8376;GSV;;;;;;;
8377;GSV;;;;;;;
8378;;;;;;;;NMEA message parser not found for GRM.
8379;RMC;12/26/2016 10:01:00 PM;49.21074925;16.6041033666667;;;;
8380;;;;;;;;NMEA message parser not found for RMB.
8381;;;;;;;;Failed to parse: GGA.. Meters expected in GGA message.
8382;GSA;;;;;;;
8383;GSV;;;;;;;
8384;GSV;;;;;;;
8385;;;;;;;;NMEA message parser not found for GRM.
8386;RMC;12/26/2016 10:01:01 PM;49.2107510666667;16.6041132166667;;;;
8387;;;;;;;;NMEA message parser not found for RMB.
8388;;;;;;;;Failed to parse: GGA.. Meters expected in GGA message.
8389;GSA;;;;;;;
8390;GSV;;;;;;;
8391;GSV;;;;;;;
8392;;;;;;;;NMEA message parser not found for GRM.
8393;RMC;12/26/2016 10:01:02 PM;49.2107528666667;16.6041230666667;;;;
8394;;;;;;;;NMEA message parser not found for RMB.
8395;;;;;;;;Failed to parse: GGA.. Meters expected in GGA message.
8396;GSA;;;;;;;
8397;GSV;;;;;;;
8398;GSV;;;;;;;
8399;;;;;;;;NMEA message parser not found for GRM.
8400;RMC;12/26/2016 10:01:03 PM;49.2107546666667;16.6041329166667;;;;
8401;;;;;;;;NMEA message parser not found for RMB.
8402;;;;;;;;Failed to parse: GGA.. Meters expected in GGA message.
8403;GSA;;;;;;;
8404;GSV;;;;;;;
8405;GSV;;;;;;;
8406;;;;;;;;NMEA message parser not found for GRM.
8407;RMC;12/26/2016 10:01:04 PM;49.2107564666667;16.60414275;;;;
8408;;;;;;;;NMEA message parser not found for RMB.
8409;;;;;;;;Failed to parse: GGA.. Meters expected in GGA message.
8410;GSA;;;;;;;
8411;GSV;;;;;;;
8412;GSV;;;;;;;
8413;;;;;;;;NMEA message parser not found for GRM.
8414;RMC;12/26/2016 10:01:05 PM;49.2107582666667;16.6041526;;;;
8415;;;;;;;;NMEA message parser not found for RMB.
8416;;;;;;;;Failed to parse: GGA.. Meters expected in GGA message.
8417;GSA;;;;;;;
8418;GSV;;;;;;;
8419;GSV;;;;;;;
8420;;;;;;;;NMEA message parser not found for GRM.
8421;RMC;12/26/2016 10:01:06 PM;49.2107600666667;16.60416245;;;;
8422;;;;;;;;NMEA message parser not found for RMB.
8423;;;;;;;;Failed to parse: GGA.. Meters expected in GGA message.
8424;GSA;;;;;;;
8425;GSV;;;;;;;
8426;GSV;;;;;;;
8427;;;;;;;;NMEA message parser not found for GRM.
8428;RMC;12/26/2016 10:01:07 PM;49.2107618666667;16.6041723;;;;
8429;;;;;;;;NMEA message parser not found for RMB.
8430;;;;;;;;Failed to parse: GGA.. Meters expected in GGA message.
8431;GSA;;;;;;;
8432;GSV;;;;;;;
8433;GSV;;;;;;;
8434;;;;;;;;NMEA message parser not found for GRM.
8435;RMC;12/26/2016 10:01:08 PM;49.2107636666667;16.60418215;;;;
8436;;;;;;;;NMEA message parser not found for RMB.
8437;;;;;;;;Failed to parse: GGA.. Meters expected in GGA message.
8438;GSA;;;;;;;
8439;GSV;;;;;;;
8440;GSV;;;;;;;
8441;;;;;;;;NMEA message parser not found for GRM.
8442;RMC;12/26/2016 10:01:09 PM;49.2107702;16.6041787333333;;;;
8443;;;;;;;;NMEA message parser not found for RMB.
8444;;;;;;;;Failed to parse: GGA.. Meters expected in GGA message.
8445;GSA;;;;;;;
8446;GSV;;;;;;;
8447;GSV;;;;;;;
8448;;;;;;;;NMEA message parser not found for GRM.
8449;RMC;12/26/2016 10:01:10 PM;49.2107778166667;16.6041722666667;;;;
8450;;;;;;;;NMEA message parser not found for RMB.
8451;;;;;;;;Failed to parse: GGA.. Meters expected in GGA message.
8452;GSA;;;;;;;
8453;GSV;;;;;;;
8454;GSV;;;;;;;
8455;;;;;;;;NMEA message parser not found for GRM.
8456;RMC;12/26/2016 10:01:11 PM;49.21078545;16.6041657833333;;;;
8457;;;;;;;;NMEA message parser not found for RMB.
8458;;;;;;;;Failed to parse: GGA.. Meters expected in GGA message.
8459;GSA;;;;;;;
8460;GSV;;;;;;;
8461;GSV;;;;;;;
8462;;;;;;;;NMEA message parser not found for GRM.
8463;RMC;12/26/2016 10:01:12 PM;49.2107930833333;16.6041593;;;;
8464;;;;;;;;NMEA message parser not found for RMB.
8465;;;;;;;;Failed to parse: GGA.. Meters expected in GGA message.
8466;GSA;;;;;;;
8467;GSV;;;;;;;
8468;GSV;;;;;;;
8469;;;;;;;;NMEA message parser not found for GRM.
8470;RMC;12/26/2016 10:01:13 PM;49.2108007166667;16.6041528166667;;;;
8471;;;;;;;;NMEA message parser not found for RMB.
8472;;;;;;;;Failed to parse: GGA.. Meters expected in GGA message.
8473;GSA;;;;;;;
8474;GSV;;;;;;;
8475;GSV;;;;;;;
8476;;;;;;;;NMEA message parser not found for GRM.
8477;RMC;12/26/2016 10:01:14 PM;49.21080835;16.60414635;;;;
8478;;;;;;;;NMEA message parser not found for RMB.
8479;;;;;;;;Failed to parse: GGA.. Meters expected in GGA message.
8480;GSA;;;;;;;
8481;GSV;;;;;;;
8482;GSV;;;;;;;
8483;;;;;;;;NMEA message parser not found for GRM.
8484;RMC;12/26/2016 10:01:15 PM;49.2108159666667;16.6041398666667;;;;
8485;;;;;;;;NMEA message parser not found for RMB.
8486;;;;;;;;Failed to parse: GGA.. Meters expected in GGA message.
8487;GSA;;;;;;;
8488;GSV;;;;;;;
8489;GSV;;;;;;;
8490;;;;;;;;NMEA message parser not found for GRM.
8491;RMC;12/26/2016 10:01:16 PM;49.2108236;16.6041333833333;;;;
8492;;;;;;;;NMEA message parser not found for RMB.
8493;;;;;;;;Failed to parse: GGA.. Meters expected in GGA message.
8494;GSA;;;;;;;
8495;GSV;;;;;;;
8496;GSV;;;;;;;
8497;;;;;;;;NMEA message parser not found for GRM.
8498;RMC;12/26/2016 10:01:17 PM;49.2108312333333;16.6041269;;;;
8499;;;;;;;;NMEA message parser not found for RMB.
8500;;;;;;;;Failed to parse: GGA.. Meters expected in GGA message.
8501;GSA;;;;;;;
8502;GSV;;;;;;;
8503;GSV;;;;;;;
8504;;;;;;;;NMEA message parser not found for GRM.
8505;RMC;12/26/2016 10:01:18 PM;49.2108388666667;16.6041204333333;;;;
8506;;;;;;;;NMEA message parser not found for RMB.
8507;;;;;;;;Failed to parse: GGA.. Meters expected in GGA message.
8508;GSA;;;;;;;
8509;GSV;;;;;;;
8510;GSV;;;;;;;
8511;;;;;;;;NMEA message parser not found for GRM.
8512;RMC;12/26/2016 10:01:19 PM;49.2108465;16.60411395;;;;
8513;;;;;;;;NMEA message parser not found for RMB.
8514;;;;;;;;Failed to parse: GGA.. Meters expected in GGA message.
8515;GSA;;;;;;;
8516;GSV;;;;;;;
8517;GSV;;;;;;;
8518;;;;;;;;NMEA message parser not found for GRM.
8519;RMC;12/26/2016 10:01:20 PM;49.2108541166667;16.6041074666667;;;;
8520;;;;;;;;NMEA message parser not found for RMB.
8521;;;;;;;;Failed to parse: GGA.. Meters expected in GGA message.
8522;GSA;;;;;;;
8523;GSV;;;;;;;
8524;GSV;;;;;;;
8525;;;;;;;;NMEA message parser not found for GRM.
8526;RMC;12/26/2016 10:01:21 PM;49.21086175;16.6041009833333;;;;
8527;;;;;;;;NMEA message parser not found for RMB.
8528;;;;;;;;Failed to parse: GGA.. Meters expected in GGA message.
8529;GSA;;;;;;;
8530;GSV;;;;;;;
8531;GSV;;;;;;;
8532;;;;;;;;NMEA message parser not found for GRM.
8533;RMC;12/26/2016 10:01:22 PM;49.2108693833333;16.6040945166667;;;;
8534;;;;;;;;NMEA message parser not found for RMB.
8535;;;;;;;;Failed to parse: GGA.. Meters expected in GGA message.
8536;GSA;;;;;;;
8537;GSV;;;;;;;
8538;GSV;;;;;;;
8539;;;;;;;;NMEA message parser not found for GRM.
8540;RMC;12/26/2016 10:01:23 PM;49.2108770166667;16.6040880333333;;;;
8541;;;;;;;;NMEA message parser not found for RMB.
8542;;;;;;;;Failed to parse: GGA.. Meters expected in GGA message.
8543;GSA;;;;;;;
8544;GSV;;;;;;;
8545;GSV;;;;;;;
8546;;;;;;;;NMEA message parser not found for GRM.
8547;RMC;12/26/2016 10:01:24 PM;49.21088465;16.60408155;;;;
8548;;;;;;;;NMEA message parser not found for RMB.
8549;;;;;;;;Failed to parse: GGA.. Meters expected in GGA message.
8550;GSA;;;;;;;
8551;GSV;;;;;;;
8552;GSV;;;;;;;
8553;;;;;;;;NMEA message parser not found for GRM.
8554;RMC;12/26/2016 10:01:25 PM;49.21089255;16.6040754666667;;;;
8555;;;;;;;;NMEA message parser not found for RMB.
8556;;;;;;;;Failed to parse: GGA.. Meters expected in GGA message.
8557;GSA;;;;;;;
8558;GSV;;;;;;;
8559;GSV;;;;;;;
8560;;;;;;;;NMEA message parser not found for GRM.
8561;RMC;12/26/2016 10:01:26 PM;49.21090115;16.6040703166667;;;;
8562;;;;;;;;NMEA message parser not found for RMB.
8563;;;;;;;;Failed to parse: GGA.. Meters expected in GGA message.
8564;GSA;;;;;;;
8565;GSV;;;;;;;
8566;GSV;;;;;;;
8567;;;;;;;;NMEA message parser not found for GRM.
8568;RMC;12/26/2016 10:01:27 PM;49.2109097333333;16.6040651666667;;;;
8569;;;;;;;;NMEA message parser not found for RMB.
8570;;;;;;;;Failed to parse: GGA.. Meters expected in GGA message.
8571;GSA;;;;;;;
8572;GSV;;;;;;;
8573;GSV;;;;;;;
8574;;;;;;;;NMEA message parser not found for GRM.
8575;RMC;12/26/2016 10:01:28 PM;49.2109183166667;16.6040600333333;;;;
8576;;;;;;;;NMEA message parser not found for RMB.
8577;;;;;;;;Failed to parse: GGA.. Meters expected in GGA message.
8578;GSA;;;;;;;
8579;GSV;;;;;;;
8580;GSV;;;;;;;
8581;;;;;;;;NMEA message parser not found for GRM.
8582;RMC;12/26/2016 10:01:29 PM;49.2109269;16.6040548833333;;;;
8583;;;;;;;;NMEA message parser not found for RMB.
8584;;;;;;;;Failed to parse: GGA.. Meters expected in GGA message.
8585;GSA;;;;;;;
8586;GSV;;;;;;;
8587;GSV;;;;;;;
8588;;;;;;;;NMEA message parser not found for GRM.
8589;RMC;12/26/2016 10:01:30 PM;49.2109354833333;16.6040497333333;;;;
8590;;;;;;;;NMEA message parser not found for RMB.
8591;;;;;;;;Failed to parse: GGA.. Meters expected in GGA message.
8592;GSA;;;;;;;
8593;GSV;;;;;;;
8594;GSV;;;;;;;
8595;;;;;;;;NMEA message parser not found for GRM.
8596;RMC;12/26/2016 10:01:31 PM;49.2109440666667;16.6040445833333;;;;
8597;;;;;;;;NMEA message parser not found for RMB.
8598;;;;;;;;Failed to parse: GGA.. Meters expected in GGA message.
8599;GSA;;;;;;;
8600;GSV;;;;;;;
8601;GSV;;;;;;;
8602;;;;;;;;NMEA message parser not found for GRM.
8603;RMC;12/26/2016 10:01:32 PM;49.2109526666667;16.60403945;;;;
8604;;;;;;;;NMEA message parser not found for RMB.
8605;;;;;;;;Failed to parse: GGA.. Meters expected in GGA message.
8606;GSA;;;;;;;
8607;GSV;;;;;;;
8608;GSV;;;;;;;
8609;;;;;;;;NMEA message parser not found for GRM.
8610;RMC;12/26/2016 10:01:33 PM;49.21096125;16.6040343;;;;
8611;;;;;;;;NMEA message parser not found for RMB.
8612;;;;;;;;Failed to parse: GGA.. Meters expected in GGA message.
8613;GSA;;;;;;;
8614;GSV;;;;;;;
8615;GSV;;;;;;;
8616;;;;;;;;NMEA message parser not found for GRM.
8617;RMC;12/26/2016 10:01:34 PM;49.2109698333333;16.60402915;;;;
8618;;;;;;;;NMEA message parser not found for RMB.
8619;;;;;;;;Failed to parse: GGA.. Meters expected in GGA message.
8620;GSA;;;;;;;
8621;GSV;;;;;;;
8622;GSV;;;;;;;
8623;;;;;;;;NMEA message parser not found for GRM.
8624;RMC;12/26/2016 10:01:35 PM;49.2109784166667;16.604024;;;;
8625;;;;;;;;NMEA message parser not found for RMB.
8626;;;;;;;;Failed to parse: GGA.. Meters expected in GGA message.
8627;GSA;;;;;;;
8628;GSV;;;;;;;
8629;GSV;;;;;;;
8630;;;;;;;;NMEA message parser not found for GRM.
8631;RMC;12/26/2016 10:01:36 PM;49.210987;16.6040188666667;;;;
8632;;;;;;;;NMEA message parser not found for RMB.
8633;;;;;;;;Failed to parse: GGA.. Meters expected in GGA message.
8634;GSA;;;;;;;
8635;GSV;;;;;;;
8636;GSV;;;;;;;
8637;;;;;;;;NMEA message parser not found for GRM.
8638;RMC;12/26/2016 10:01:37 PM;49.2109955833333;16.6040137166667;;;;
8639;;;;;;;;NMEA message parser not found for RMB.
8640;;;;;;;;Failed to parse: GGA.. Meters expected in GGA message.
8641;GSA;;;;;;;
8642;GSV;;;;;;;
8643;GSV;;;;;;;
8644;;;;;;;;NMEA message parser not found for GRM.
8645;RMC;12/26/2016 10:01:38 PM;49.2110041666667;16.6040085666667;;;;
8646;;;;;;;;NMEA message parser not found for RMB.
8647;;;;;;;;Failed to parse: GGA.. Meters expected in GGA message.
8648;GSA;;;;;;;
8649;GSV;;;;;;;
8650;GSV;;;;;;;
8651;;;;;;;;NMEA message parser not found for GRM.
8652;RMC;12/26/2016 10:01:39 PM;49.2110127666667;16.6040034166667;;;;
8653;;;;;;;;NMEA message parser not found for RMB.
8654;;;;;;;;Failed to parse: GGA.. Meters expected in GGA message.
8655;GSA;;;;;;;
8656;GSV;;;;;;;
8657;GSV;;;;;;;
8658;;;;;;;;NMEA message parser not found for GRM.
8659;RMC;12/26/2016 10:01:40 PM;49.21102135;16.6039982666667;;;;
8660;;;;;;;;NMEA message parser not found for RMB.
8661;;;;;;;;Failed to parse: GGA.. Meters expected in GGA message.
8662;GSA;;;;;;;
8663;GSV;;;;;;;
8664;GSV;;;;;;;
8665;;;;;;;;NMEA message parser not found for GRM.
8666;RMC;12/26/2016 10:01:41 PM;49.2110299333333;16.6039931333333;;;;
8667;;;;;;;;NMEA message parser not found for RMB.
8668;;;;;;;;Failed to parse: GGA.. Meters expected in GGA message.
8669;GSA;;;;;;;
8670;GSV;;;;;;;
8671;GSV;;;;;;;
8672;;;;;;;;NMEA message parser not found for GRM.
8673;RMC;12/26/2016 10:01:42 PM;49.2110385166667;16.6039879833333;;;;
8674;;;;;;;;NMEA message parser not found for RMB.
8675;;;;;;;;Failed to parse: GGA.. Meters expected in GGA message.
8676;GSA;;;;;;;
8677;GSV;;;;;;;
8678;GSV;;;;;;;
8679;;;;;;;;NMEA message parser not found for GRM.
8680;RMC;12/26/2016 10:01:43 PM;49.2110471;16.6039828333333;;;;
8681;;;;;;;;NMEA message parser not found for RMB.
8682;;;;;;;;Failed to parse: GGA.. Meters expected in GGA message.
8683;GSA;;;;;;;
8684;GSV;;;;;;;
8685;GSV;;;;;;;
8686;;;;;;;;NMEA message parser not found for GRM.
8687;RMC;12/26/2016 10:01:44 PM;49.2110556833333;16.6039776833333;;;;
8688;;;;;;;;NMEA message parser not found for RMB.
8689;;;;;;;;Failed to parse: GGA.. Meters expected in GGA message.
8690;GSA;;;;;;;
8691;GSV;;;;;;;
8692;GSV;;;;;;;
8693;;;;;;;;NMEA message parser not found for GRM.
8694;RMC;12/26/2016 10:01:45 PM;49.2110642666667;16.60397255;;;;
8695;;;;;;;;NMEA message parser not found for RMB.
8696;;;;;;;;Failed to parse: GGA.. Meters expected in GGA message.
8697;GSA;;;;;;;
8698;GSV;;;;;;;
8699;GSV;;;;;;;
8700;;;;;;;;NMEA message parser not found for GRM.
8701;RMC;12/26/2016 10:01:46 PM;49.2110728666667;16.6039674;;;;
8702;;;;;;;;NMEA message parser not found for RMB.
8703;;;;;;;;Failed to parse: GGA.. Meters expected in GGA message.
8704;GSA;;;;;;;
8705;GSV;;;;;;;
8706;GSV;;;;;;;
8707;;;;;;;;NMEA message parser not found for GRM.
8708;RMC;12/26/2016 10:01:47 PM;49.21108145;16.60396225;;;;
8709;;;;;;;;NMEA message parser not found for RMB.
8710;;;;;;;;Failed to parse: GGA.. Meters expected in GGA message.
8711;GSA;;;;;;;
8712;GSV;;;;;;;
8713;GSV;;;;;;;
8714;;;;;;;;NMEA message parser not found for GRM.
8715;RMC;12/26/2016 10:01:48 PM;49.2110900333333;16.6039571;;;;
8716;;;;;;;;NMEA message parser not found for RMB.
8717;;;;;;;;Failed to parse: GGA.. Meters expected in GGA message.
8718;GSA;;;;;;;
8719;GSV;;;;;;;
8720;GSV;;;;;;;
8721;;;;;;;;NMEA message parser not found for GRM.
8722;RMC;12/26/2016 10:01:49 PM;49.2110986166667;16.6039519666667;;;;
8723;;;;;;;;NMEA message parser not found for RMB.
8724;;;;;;;;Failed to parse: GGA.. Meters expected in GGA message.
8725;GSA;;;;;;;
8726;GSV;;;;;;;
8727;GSV;;;;;;;
8728;;;;;;;;NMEA message parser not found for GRM.
8729;RMC;12/26/2016 10:01:50 PM;49.2111072;16.6039468166667;;;;
8730;;;;;;;;NMEA message parser not found for RMB.
8731;;;;;;;;Failed to parse: GGA.. Meters expected in GGA message.
8732;GSA;;;;;;;
8733;GSV;;;;;;;
8734;GSV;;;;;;;
8735;;;;;;;;NMEA message parser not found for GRM.
8736;RMC;12/26/2016 10:01:51 PM;49.2111157833333;16.6039416666667;;;;
8737;;;;;;;;NMEA message parser not found for RMB.
8738;;;;;;;;Failed to parse: GGA.. Meters expected in GGA message.
8739;GSA;;;;;;;
8740;GSV;;;;;;;
8741;GSV;;;;;;;
8742;;;;;;;;NMEA message parser not found for GRM.
8743;RMC;12/26/2016 10:01:52 PM;49.2111243833333;16.6039365166667;;;;
8744;;;;;;;;NMEA message parser not found for RMB.
8745;;;;;;;;Failed to parse: GGA.. Meters expected in GGA message.
8746;GSA;;;;;;;
8747;GSV;;;;;;;
8748;GSV;;;;;;;
8749;;;;;;;;NMEA message parser not found for GRM.
8750;RMC;12/26/2016 10:01:53 PM;49.2111329666667;16.6039313666667;;;;
8751;;;;;;;;NMEA message parser not found for RMB.
8752;;;;;;;;Failed to parse: GGA.. Meters expected in GGA message.
8753;GSA;;;;;;;
8754;GSV;;;;;;;
8755;GSV;;;;;;;
8756;;;;;;;;NMEA message parser not found for GRM.
8757;RMC;12/26/2016 10:01:54 PM;49.21114155;16.6039262333333;;;;
8758;;;;;;;;NMEA message parser not found for RMB.
8759;;;;;;;;Failed to parse: GGA.. Meters expected in GGA message.
8760;GSA;;;;;;;
8761;GSV;;;;;;;
8762;GSV;;;;;;;
8763;;;;;;;;NMEA message parser not found for GRM.
8764;RMC;12/26/2016 10:01:55 PM;49.2111501333333;16.6039210833333;;;;
8765;;;;;;;;NMEA message parser not found for RMB.
8766;;;;;;;;Failed to parse: GGA.. Meters expected in GGA message.
8767;GSA;;;;;;;
8768;GSV;;;;;;;
8769;GSV;;;;;;;
8770;;;;;;;;NMEA message parser not found for GRM.
8771;RMC;12/26/2016 10:01:56 PM;49.2111587166667;16.6039159333333;;;;
8772;;;;;;;;NMEA message parser not found for RMB.
8773;;;;;;;;Failed to parse: GGA.. Meters expected in GGA message.
8774;GSA;;;;;;;
8775;GSV;;;;;;;
8776;GSV;;;;;;;
8777;;;;;;;;NMEA message parser not found for GRM.
8778;RMC;12/26/2016 10:01:57 PM;49.2111673;16.6039107833333;;;;
8779;;;;;;;;NMEA message parser not found for RMB.
8780;;;;;;;;Failed to parse: GGA.. Meters expected in GGA message.
8781;GSA;;;;;;;
8782;GSV;;;;;;;
8783;GSV;;;;;;;
8784;;;;;;;;NMEA message parser not found for GRM.
8785;RMC;12/26/2016 10:01:58 PM;49.2111758833333;16.60390565;;;;
8786;;;;;;;;NMEA message parser not found for RMB.
8787;;;;;;;;Failed to parse: GGA.. Meters expected in GGA message.
8788;GSA;;;;;;;
8789;GSV;;;;;;;
8790;GSV;;;;;;;
8791;;;;;;;;NMEA message parser not found for GRM.
8792;RMC;12/26/2016 10:01:59 PM;49.2111844833333;16.6039005;;;;
8793;;;;;;;;NMEA message parser not found for RMB.
8794;;;;;;;;Failed to parse: GGA.. Meters expected in GGA message.
8795;GSA;;;;;;;
8796;GSV;;;;;;;
8797;GSV;;;;;;;
8798;;;;;;;;NMEA message parser not found for GRM.
8799;RMC;12/26/2016 10:02:00 PM;49.2111930666667;16.60389535;;;;
8800;;;;;;;;NMEA message parser not found for RMB.
8801;;;;;;;;Failed to parse: GGA.. Meters expected in GGA message.
8802;GSA;;;;;;;
8803;GSV;;;;;;;
8804;GSV;;;;;;;
8805;;;;;;;;NMEA message parser not found for GRM.
8806;RMC;12/26/2016 10:02:01 PM;49.21120165;16.6038902;;;;
8807;;;;;;;;NMEA message parser not found for RMB.
8808;;;;;;;;Failed to parse: GGA.. Meters expected in GGA message.
8809;GSA;;;;;;;
8810;GSV;;;;;;;
8811;GSV;;;;;;;
8812;;;;;;;;NMEA message parser not found for GRM.
8813;RMC;12/26/2016 10:02:02 PM;49.2112102333333;16.60388505;;;;
8814;;;;;;;;NMEA message parser not found for RMB.
8815;;;;;;;;Failed to parse: GGA.. Meters expected in GGA message.
8816;GSA;;;;;;;
8817;GSV;;;;;;;
8818;GSV;;;;;;;
8819;;;;;;;;NMEA message parser not found for GRM.
8820;RMC;12/26/2016 10:02:03 PM;49.2112186;16.60387955;;;;
8821;;;;;;;;NMEA message parser not found for RMB.
8822;;;;;;;;Failed to parse: GGA.. Meters expected in GGA message.
8823;GSA;;;;;;;
8824;GSV;;;;;;;
8825;GSV;;;;;;;
8826;;;;;;;;NMEA message parser not found for GRM.
8827;RMC;12/26/2016 10:02:04 PM;49.2112269;16.60387395;;;;
8828;;;;;;;;NMEA message parser not found for RMB.
8829;;;;;;;;Failed to parse: GGA.. Meters expected in GGA message.
8830;GSA;;;;;;;
8831;GSV;;;;;;;
8832;GSV;;;;;;;
8833;;;;;;;;NMEA message parser not found for GRM.
8834;RMC;12/26/2016 10:02:05 PM;49.2112352;16.6038683666667;;;;
8835;;;;;;;;NMEA message parser not found for RMB.
8836;;;;;;;;Failed to parse: GGA.. Meters expected in GGA message.
8837;GSA;;;;;;;
8838;GSV;;;;;;;
8839;GSV;;;;;;;
8840;;;;;;;;NMEA message parser not found for GRM.
8841;RMC;12/26/2016 10:02:06 PM;49.2112434833333;16.6038627666667;;;;
8842;;;;;;;;NMEA message parser not found for RMB.
8843;;;;;;;;Failed to parse: GGA.. Meters expected in GGA message.
8844;GSA;;;;;;;
8845;GSV;;;;;;;
8846;GSV;;;;;;;
8847;;;;;;;;NMEA message parser not found for GRM.
8848;RMC;12/26/2016 10:02:07 PM;49.2112517833333;16.6038571666667;;;;
8849;;;;;;;;NMEA message parser not found for RMB.
8850;;;;;;;;Failed to parse: GGA.. Meters expected in GGA message.
8851;GSA;;;;;;;
8852;GSV;;;;;;;
8853;GSV;;;;;;;
8854;;;;;;;;NMEA message parser not found for GRM.
8855;RMC;12/26/2016 10:02:08 PM;49.2112600833333;16.6038515666667;;;;
8856;;;;;;;;NMEA message parser not found for RMB.
8857;;;;;;;;Failed to parse: GGA.. Meters expected in GGA message.
8858;GSA;;;;;;;
8859;GSV;;;;;;;
8860;GSV;;;;;;;
8861;;;;;;;;NMEA message parser not found for GRM.
8862;RMC;12/26/2016 10:02:09 PM;49.2112683833333;16.6038459833333;;;;
8863;;;;;;;;NMEA message parser not found for RMB.
8864;;;;;;;;Failed to parse: GGA.. Meters expected in GGA message.
8865;GSA;;;;;;;
8866;GSV;;;;;;;
8867;GSV;;;;;;;
8868;;;;;;;;NMEA message parser not found for GRM.
8869;RMC;12/26/2016 10:02:10 PM;49.2112766833333;16.6038403833333;;;;
8870;;;;;;;;NMEA message parser not found for RMB.
8871;;;;;;;;Failed to parse: GGA.. Meters expected in GGA message.
8872;GSA;;;;;;;
8873;GSV;;;;;;;
8874;GSV;;;;;;;
8875;;;;;;;;NMEA message parser not found for GRM.
8876;RMC;12/26/2016 10:02:11 PM;49.2112849833333;16.6038347833333;;;;
8877;;;;;;;;NMEA message parser not found for RMB.
8878;;;;;;;;Failed to parse: GGA.. Meters expected in GGA message.
8879;GSA;;;;;;;
8880;GSV;;;;;;;
8881;GSV;;;;;;;
8882;;;;;;;;NMEA message parser not found for GRM.
8883;RMC;12/26/2016 10:02:12 PM;49.2112932833333;16.6038291833333;;;;
8884;;;;;;;;NMEA message parser not found for RMB.
8885;;;;;;;;Failed to parse: GGA.. Meters expected in GGA message.
8886;GSA;;;;;;;
8887;GSV;;;;;;;
8888;GSV;;;;;;;
8889;;;;;;;;NMEA message parser not found for GRM.
8890;RMC;12/26/2016 10:02:13 PM;49.2113015833333;16.6038236;;;;
8891;;;;;;;;NMEA message parser not found for RMB.
8892;;;;;;;;Failed to parse: GGA.. Meters expected in GGA message.
8893;GSA;;;;;;;
8894;GSV;;;;;;;
8895;GSV;;;;;;;
8896;;;;;;;;NMEA message parser not found for GRM.
8897;RMC;12/26/2016 10:02:14 PM;49.2113098833333;16.603818;;;;
8898;;;;;;;;NMEA message parser not found for RMB.
8899;;;;;;;;Failed to parse: GGA.. Meters expected in GGA message.
8900;GSA;;;;;;;
8901;GSV;;;;;;;
8902;GSV;;;;;;;
8903;;;;;;;;NMEA message parser not found for GRM.
8904;RMC;12/26/2016 10:02:15 PM;49.2113181833333;16.6038124;;;;
8905;;;;;;;;NMEA message parser not found for RMB.
8906;;;;;;;;Failed to parse: GGA.. Meters expected in GGA message.
8907;GSA;;;;;;;
8908;GSV;;;;;;;
8909;GSV;;;;;;;
8910;;;;;;;;NMEA message parser not found for GRM.
8911;RMC;12/26/2016 10:02:16 PM;49.2113264833333;16.6038068;;;;
8912;;;;;;;;NMEA message parser not found for RMB.
8913;;;;;;;;Failed to parse: GGA.. Meters expected in GGA message.
8914;GSA;;;;;;;
8915;GSV;;;;;;;
8916;GSV;;;;;;;
8917;;;;;;;;NMEA message parser not found for GRM.
8918;RMC;12/26/2016 10:02:17 PM;49.2113347833333;16.6038012;;;;
8919;;;;;;;;NMEA message parser not found for RMB.
8920;;;;;;;;Failed to parse: GGA.. Meters expected in GGA message.
8921;GSA;;;;;;;
8922;GSV;;;;;;;
8923;GSV;;;;;;;
8924;;;;;;;;NMEA message parser not found for GRM.
8925;RMC;12/26/2016 10:02:18 PM;49.2113430833333;16.6037956166667;;;;
8926;;;;;;;;NMEA message parser not found for RMB.
8927;;;;;;;;Failed to parse: GGA.. Meters expected in GGA message.
8928;GSA;;;;;;;
8929;GSV;;;;;;;
8930;GSV;;;;;;;
8931;;;;;;;;NMEA message parser not found for GRM.
8932;RMC;12/26/2016 10:02:19 PM;49.2113513833333;16.6037900166667;;;;
8933;;;;;;;;NMEA message parser not found for RMB.
8934;;;;;;;;Failed to parse: GGA.. Meters expected in GGA message.
8935;GSA;;;;;;;
8936;GSV;;;;;;;
8937;GSV;;;;;;;
8938;;;;;;;;NMEA message parser not found for GRM.
8939;RMC;12/26/2016 10:02:20 PM;49.2113596833333;16.6037844166667;;;;
8940;;;;;;;;NMEA message parser not found for RMB.
8941;;;;;;;;Failed to parse: GGA.. Meters expected in GGA message.
8942;GSA;;;;;;;
8943;GSV;;;;;;;
8944;GSV;;;;;;;
8945;;;;;;;;NMEA message parser not found for GRM.
8946;RMC;12/26/2016 10:02:21 PM;49.2113679833333;16.6037788166667;;;;
8947;;;;;;;;NMEA message parser not found for RMB.
8948;;;;;;;;Failed to parse: GGA.. Meters expected in GGA message.
8949;GSA;;;;;;;
8950;GSV;;;;;;;
8951;GSV;;;;;;;
8952;;;;;;;;NMEA message parser not found for GRM.
8953;RMC;12/26/2016 10:02:22 PM;49.2113762833333;16.6037732333333;;;;
8954;;;;;;;;NMEA message parser not found for RMB.
8955;;;;;;;;Failed to parse: GGA.. Meters expected in GGA message.
8956;GSA;;;;;;;
8957;GSV;;;;;;;
8958;GSV;;;;;;;
8959;;;;;;;;NMEA message parser not found for GRM.
8960;RMC;12/26/2016 10:02:23 PM;49.2113845833333;16.6037676333333;;;;
8961;;;;;;;;NMEA message parser not found for RMB.
8962;;;;;;;;Failed to parse: GGA.. Meters expected in GGA message.
8963;GSA;;;;;;;
8964;GSV;;;;;;;
8965;GSV;;;;;;;
8966;;;;;;;;NMEA message parser not found for GRM.
8967;RMC;12/26/2016 10:02:24 PM;49.2113928833333;16.6037620333333;;;;
8968;;;;;;;;NMEA message parser not found for RMB.
8969;;;;;;;;Failed to parse: GGA.. Meters expected in GGA message.
8970;GSA;;;;;;;
8971;GSV;;;;;;;
8972;GSV;;;;;;;
8973;;;;;;;;NMEA message parser not found for GRM.
8974;RMC;12/26/2016 10:02:25 PM;49.2114011833333;16.6037564333333;;;;
8975;;;;;;;;NMEA message parser not found for RMB.
8976;;;;;;;;Failed to parse: GGA.. Meters expected in GGA message.
8977;GSA;;;;;;;
8978;GSV;;;;;;;
8979;GSV;;;;;;;
8980;;;;;;;;NMEA message parser not found for GRM.
8981;RMC;12/26/2016 10:02:26 PM;49.2114094833333;16.6037508333333;;;;
8982;;;;;;;;NMEA message parser not found for RMB.
8983;;;;;;;;Failed to parse: GGA.. Meters expected in GGA message.
8984;GSA;;;;;;;
8985;GSV;;;;;;;
8986;GSV;;;;;;;
8987;;;;;;;;NMEA message parser not found for GRM.
8988;RMC;12/26/2016 10:02:27 PM;49.2114177833333;16.60374525;;;;
8989;;;;;;;;NMEA message parser not found for RMB.
8990;;;;;;;;Failed to parse: GGA.. Meters expected in GGA message.
8991;GSA;;;;;;;
8992;GSV;;;;;;;
8993;GSV;;;;;;;
8994;;;;;;;;NMEA message parser not found for GRM.
8995;RMC;12/26/2016 10:02:28 PM;49.2114260833333;16.60373965;;;;
8996;;;;;;;;NMEA message parser not found for RMB.
8997;;;;;;;;Failed to parse: GGA.. Meters expected in GGA message.
8998;GSA;;;;;;;
8999;GSV;;;;;;;
9000;GSV;;;;;;;
9001;;;;;;;;NMEA message parser not found for GRM.
9002;RMC;12/26/2016 10:02:29 PM;49.2114343833333;16.60373405;;;;
9003;;;;;;;;NMEA message parser not found for RMB.
9004;;;;;;;;Failed to parse: GGA.. Meters expected in GGA message.
9005;GSA;;;;;;;
9006;GSV;;;;;;;
9007;GSV;;;;;;;
9008;;;;;;;;NMEA message parser not found for GRM.
9009;RMC;12/26/2016 10:02:30 PM;49.2114426833333;16.60372845;;;;
9010;;;;;;;;NMEA message parser not found for RMB.
9011;;;;;;;;Failed to parse: GGA.. Meters expected in GGA message.
9012;GSA;;;;;;;
9013;GSV;;;;;;;
9014;GSV;;;;;;;
9015;;;;;;;;NMEA message parser not found for GRM.
9016;RMC;12/26/2016 10:02:31 PM;49.2114509833333;16.6037228666667;;;;
9017;;;;;;;;NMEA message parser not found for RMB.
9018;;;;;;;;Failed to parse: GGA.. Meters expected in GGA message.
9019;GSA;;;;;;;
9020;GSV;;;;;;;
9021;GSV;;;;;;;
9022;;;;;;;;NMEA message parser not found for GRM.
9023;RMC;12/26/2016 10:02:32 PM;49.2114592833333;16.6037172666667;;;;
9024;;;;;;;;NMEA message parser not found for RMB.
9025;;;;;;;;Failed to parse: GGA.. Meters expected in GGA message.
9026;GSA;;;;;;;
9027;GSV;;;;;;;
9028;GSV;;;;;;;
9029;;;;;;;;NMEA message parser not found for GRM.
9030;RMC;12/26/2016 10:02:33 PM;49.2114675833333;16.6037116666667;;;;
9031;;;;;;;;NMEA message parser not found for RMB.
9032;;;;;;;;Failed to parse: GGA.. Meters expected in GGA message.
9033;GSA;;;;;;;
9034;GSV;;;;;;;
9035;GSV;;;;;;;
9036;;;;;;;;NMEA message parser not found for GRM.
9037;RMC;12/26/2016 10:02:34 PM;49.2114758833333;16.6037060666667;;;;
9038;;;;;;;;NMEA message parser not found for RMB.
9039;;;;;;;;Failed to parse: GGA.. Meters expected in GGA message.
9040;GSA;;;;;;;
9041;GSV;;;;;;;
9042;GSV;;;;;;;
9043;;;;;;;;NMEA message parser not found for GRM.
9044;RMC;12/26/2016 10:02:35 PM;49.2114841833333;16.6037004666667;;;;
9045;;;;;;;;NMEA message parser not found for RMB.
9046;;;;;;;;Failed to parse: GGA.. Meters expected in GGA message.
9047;GSA;;;;;;;
9048;GSV;;;;;;;
9049;GSV;;;;;;;
9050;;;;;;;;NMEA message parser not found for GRM.
9051;RMC;12/26/2016 10:02:36 PM;49.2114924833333;16.6036948833333;;;;
9052;;;;;;;;NMEA message parser not found for RMB.
9053;;;;;;;;Failed to parse: GGA.. Meters expected in GGA message.
9054;GSA;;;;;;;
9055;GSV;;;;;;;
9056;GSV;;;;;;;
9057;;;;;;;;NMEA message parser not found for GRM.
9058;RMC;12/26/2016 10:02:37 PM;49.2115007833333;16.6036892833333;;;;
9059;;;;;;;;NMEA message parser not found for RMB.
9060;;;;;;;;Failed to parse: GGA.. Meters expected in GGA message.
9061;GSA;;;;;;;
9062;GSV;;;;;;;
9063;GSV;;;;;;;
9064;;;;;;;;NMEA message parser not found for GRM.
9065;RMC;12/26/2016 10:02:38 PM;49.2115090833333;16.6036836833333;;;;
9066;;;;;;;;NMEA message parser not found for RMB.
9067;;;;;;;;Failed to parse: GGA.. Meters expected in GGA message.
9068;GSA;;;;;;;
9069;GSV;;;;;;;
9070;GSV;;;;;;;
9071;;;;;;;;NMEA message parser not found for GRM.
9072;RMC;12/26/2016 10:02:39 PM;49.2115173833333;16.6036780833333;;;;
9073;;;;;;;;NMEA message parser not found for RMB.
9074;;;;;;;;Failed to parse: GGA.. Meters expected in GGA message.
9075;GSA;;;;;;;
9076;GSV;;;;;;;
9077;GSV;;;;;;;
9078;;;;;;;;NMEA message parser not found for GRM.
9079;RMC;12/26/2016 10:02:40 PM;49.2115256833333;16.6036725;;;;
9080;;;;;;;;NMEA message parser not found for RMB.
9081;;;;;;;;Failed to parse: GGA.. Meters expected in GGA message.
9082;GSA;;;;;;;
9083;GSV;;;;;;;
9084;GSV;;;;;;;
9085;;;;;;;;NMEA message parser not found for GRM.
9086;RMC;12/26/2016 10:02:41 PM;49.2115339833333;16.6036669;;;;
9087;;;;;;;;NMEA message parser not found for RMB.
9088;;;;;;;;Failed to parse: GGA.. Meters expected in GGA message.
9089;GSA;;;;;;;
9090;GSV;;;;;;;
9091;GSV;;;;;;;
9092;;;;;;;;NMEA message parser not found for GRM.
9093;RMC;12/26/2016 10:02:42 PM;49.2115422666667;16.6036613;;;;
9094;;;;;;;;NMEA message parser not found for RMB.
9095;;;;;;;;Failed to parse: GGA.. Meters expected in GGA message.
9096;GSA;;;;;;;
9097;GSV;;;;;;;
9098;GSV;;;;;;;
9099;;;;;;;;NMEA message parser not found for GRM.
9100;RMC;12/26/2016 10:02:43 PM;49.2115505666667;16.6036557;;;;
9101;;;;;;;;NMEA message parser not found for RMB.
9102;;;;;;;;Failed to parse: GGA.. Meters expected in GGA message.
9103;GSA;;;;;;;
9104;GSV;;;;;;;
9105;GSV;;;;;;;
9106;;;;;;;;NMEA message parser not found for GRM.
9107;RMC;12/26/2016 10:02:44 PM;49.2115588666667;16.6036501;;;;
9108;;;;;;;;NMEA message parser not found for RMB.
9109;;;;;;;;Failed to parse: GGA.. Meters expected in GGA message.
9110;GSA;;;;;;;
9111;GSV;;;;;;;
9112;GSV;;;;;;;
9113;;;;;;;;NMEA message parser not found for GRM.
9114;RMC;12/26/2016 10:02:45 PM;49.21156745;16.60364495;;;;
9115;;;;;;;;NMEA message parser not found for RMB.
9116;;;;;;;;Failed to parse: GGA.. Meters expected in GGA message.
9117;GSA;;;;;;;
9118;GSV;;;;;;;
9119;GSV;;;;;;;
9120;;;;;;;;NMEA message parser not found for GRM.
9121;RMC;12/26/2016 10:02:46 PM;49.2115761666667;16.60364005;;;;
9122;;;;;;;;NMEA message parser not found for RMB.
9123;;;;;;;;Failed to parse: GGA.. Meters expected in GGA message.
9124;GSA;;;;;;;
9125;GSV;;;;;;;
9126;GSV;;;;;;;
9127;;;;;;;;NMEA message parser not found for GRM.
9128;RMC;12/26/2016 10:02:47 PM;49.2115849;16.6036351666667;;;;
9129;;;;;;;;NMEA message parser not found for RMB.
9130;;;;;;;;Failed to parse: GGA.. Meters expected in GGA message.
9131;GSA;;;;;;;
9132;GSV;;;;;;;
9133;GSV;;;;;;;
9134;;;;;;;;NMEA message parser not found for GRM.
9135;RMC;12/26/2016 10:02:48 PM;49.2115936333333;16.6036302666667;;;;
9136;;;;;;;;NMEA message parser not found for RMB.
9137;;;;;;;;Failed to parse: GGA.. Meters expected in GGA message.
9138;GSA;;;;;;;
9139;GSV;;;;;;;
9140;GSV;;;;;;;
9141;;;;;;;;NMEA message parser not found for GRM.
9142;RMC;12/26/2016 10:02:49 PM;49.2116023666667;16.6036253666667;;;;
9143;;;;;;;;NMEA message parser not found for RMB.
9144;;;;;;;;Failed to parse: GGA.. Meters expected in GGA message.
9145;GSA;;;;;;;
9146;GSV;;;;;;;
9147;GSV;;;;;;;
9148;;;;;;;;NMEA message parser not found for GRM.
9149;RMC;12/26/2016 10:02:50 PM;49.2116111;16.6036204833333;;;;
9150;;;;;;;;NMEA message parser not found for RMB.
9151;;;;;;;;Failed to parse: GGA.. Meters expected in GGA message.
9152;GSA;;;;;;;
9153;GSV;;;;;;;
9154;GSV;;;;;;;
9155;;;;;;;;NMEA message parser not found for GRM.
9156;RMC;12/26/2016 10:02:51 PM;49.2116198333333;16.6036155833333;;;;
9157;;;;;;;;NMEA message parser not found for RMB.
9158;;;;;;;;Failed to parse: GGA.. Meters expected in GGA message.
9159;GSA;;;;;;;
9160;GSV;;;;;;;
9161;GSV;;;;;;;
9162;;;;;;;;NMEA message parser not found for GRM.
9163;RMC;12/26/2016 10:02:52 PM;49.2116285666667;16.6036106833333;;;;
9164;;;;;;;;NMEA message parser not found for RMB.
9165;;;;;;;;Failed to parse: GGA.. Meters expected in GGA message.
9166;GSA;;;;;;;
9167;GSV;;;;;;;
9168;GSV;;;;;;;
9169;;;;;;;;NMEA message parser not found for GRM.
9170;RMC;12/26/2016 10:02:53 PM;49.2116373;16.6036058;;;;
9171;;;;;;;;NMEA message parser not found for RMB.
9172;;;;;;;;Failed to parse: GGA.. Meters expected in GGA message.
9173;GSA;;;;;;;
9174;GSV;;;;;;;
9175;GSV;;;;;;;
9176;;;;;;;;NMEA message parser not found for GRM.
9177;RMC;12/26/2016 10:02:54 PM;49.2116460333333;16.6036009;;;;
9178;;;;;;;;NMEA message parser not found for RMB.
9179;;;;;;;;Failed to parse: GGA.. Meters expected in GGA message.
9180;GSA;;;;;;;
9181;GSV;;;;;;;
9182;GSV;;;;;;;
9183;;;;;;;;NMEA message parser not found for GRM.
9184;RMC;12/26/2016 10:02:55 PM;49.2116547666667;16.603596;;;;
9185;;;;;;;;NMEA message parser not found for RMB.
9186;;;;;;;;Failed to parse: GGA.. Meters expected in GGA message.
9187;GSA;;;;;;;
9188;GSV;;;;;;;
9189;GSV;;;;;;;
9190;;;;;;;;NMEA message parser not found for GRM.
9191;RMC;12/26/2016 10:02:56 PM;49.2116635;16.6035911166667;;;;
9192;;;;;;;;NMEA message parser not found for RMB.
9193;;;;;;;;Failed to parse: GGA.. Meters expected in GGA message.
9194;GSA;;;;;;;
9195;GSV;;;;;;;
9196;GSV;;;;;;;
9197;;;;;;;;NMEA message parser not found for GRM.
9198;RMC;12/26/2016 10:02:57 PM;49.2116722333333;16.6035862166667;;;;
9199;;;;;;;;NMEA message parser not found for RMB.
9200;;;;;;;;Failed to parse: GGA.. Meters expected in GGA message.
9201;GSA;;;;;;;
9202;GSV;;;;;;;
9203;GSV;;;;;;;
9204;;;;;;;;NMEA message parser not found for GRM.
9205;RMC;12/26/2016 10:02:58 PM;49.2116809666667;16.6035813333333;;;;
9206;;;;;;;;NMEA message parser not found for RMB.
9207;;;;;;;;Failed to parse: GGA.. Meters expected in GGA message.
9208;GSA;;;;;;;
9209;GSV;;;;;;;
9210;GSV;;;;;;;
9211;;;;;;;;NMEA message parser not found for GRM.
9212;RMC;12/26/2016 10:02:59 PM;49.2116896833333;16.6035764333333;;;;
9213;;;;;;;;NMEA message parser not found for RMB.
9214;;;;;;;;Failed to parse: GGA.. Meters expected in GGA message.
9215;GSA;;;;;;;
9216;GSV;;;;;;;
9217;GSV;;;;;;;
9218;;;;;;;;NMEA message parser not found for GRM.
9219;RMC;12/26/2016 10:03:00 PM;49.2116984166667;16.6035715333333;;;;
9220;;;;;;;;NMEA message parser not found for RMB.
9221;;;;;;;;Failed to parse: GGA.. Meters expected in GGA message.
9222;GSA;;;;;;;
9223;GSV;;;;;;;
9224;GSV;;;;;;;
9225;;;;;;;;NMEA message parser not found for GRM.
9226;RMC;12/26/2016 10:03:01 PM;49.21170715;16.60356665;;;;
9227;;;;;;;;NMEA message parser not found for RMB.
9228;;;;;;;;Failed to parse: GGA.. Meters expected in GGA message.
9229;GSA;;;;;;;
9230;GSV;;;;;;;
9231;GSV;;;;;;;
9232;;;;;;;;NMEA message parser not found for GRM.
9233;RMC;12/26/2016 10:03:02 PM;49.2117158833333;16.60356175;;;;
9234;;;;;;;;NMEA message parser not found for RMB.
9235;;;;;;;;Failed to parse: GGA.. Meters expected in GGA message.
9236;GSA;;;;;;;
9237;GSV;;;;;;;
9238;GSV;;;;;;;
9239;;;;;;;;NMEA message parser not found for GRM.
9240;RMC;12/26/2016 10:03:03 PM;49.2117246166667;16.60355685;;;;
9241;;;;;;;;NMEA message parser not found for RMB.
9242;;;;;;;;Failed to parse: GGA.. Meters expected in GGA message.
9243;GSA;;;;;;;
9244;GSV;;;;;;;
9245;GSV;;;;;;;
9246;;;;;;;;NMEA message parser not found for GRM.
9247;RMC;12/26/2016 10:03:04 PM;49.21173335;16.6035519666667;;;;
9248;;;;;;;;NMEA message parser not found for RMB.
9249;;;;;;;;Failed to parse: GGA.. Meters expected in GGA message.
9250;GSA;;;;;;;
9251;GSV;;;;;;;
9252;GSV;;;;;;;
9253;;;;;;;;NMEA message parser not found for GRM.
9254;RMC;12/26/2016 10:03:05 PM;49.2117420833333;16.6035470666667;;;;
9255;;;;;;;;NMEA message parser not found for RMB.
9256;;;;;;;;Failed to parse: GGA.. Meters expected in GGA message.
9257;GSA;;;;;;;
9258;GSV;;;;;;;
9259;GSV;;;;;;;
9260;;;;;;;;NMEA message parser not found for GRM.
9261;RMC;12/26/2016 10:03:06 PM;49.2117508166667;16.6035421666667;;;;
9262;;;;;;;;NMEA message parser not found for RMB.
9263;;;;;;;;Failed to parse: GGA.. Meters expected in GGA message.
9264;GSA;;;;;;;
9265;GSV;;;;;;;
9266;GSV;;;;;;;
9267;;;;;;;;NMEA message parser not found for GRM.
9268;RMC;12/26/2016 10:03:07 PM;49.21175955;16.6035372833333;;;;
9269;;;;;;;;NMEA message parser not found for RMB.
9270;;;;;;;;Failed to parse: GGA.. Meters expected in GGA message.
9271;GSA;;;;;;;
9272;GSV;;;;;;;
9273;GSV;;;;;;;
9274;;;;;;;;NMEA message parser not found for GRM.
9275;RMC;12/26/2016 10:03:08 PM;49.2117682833333;16.6035323833333;;;;
9276;;;;;;;;NMEA message parser not found for RMB.
9277;;;;;;;;Failed to parse: GGA.. Meters expected in GGA message.
9278;GSA;;;;;;;
9279;GSV;;;;;;;
9280;GSV;;;;;;;
9281;;;;;;;;NMEA message parser not found for GRM.
9282;RMC;12/26/2016 10:03:09 PM;49.2117770166667;16.6035274833333;;;;
9283;;;;;;;;NMEA message parser not found for RMB.
9284;;;;;;;;Failed to parse: GGA.. Meters expected in GGA message.
9285;GSA;;;;;;;
9286;GSV;;;;;;;
9287;GSV;;;;;;;
9288;;;;;;;;NMEA message parser not found for GRM.
9289;RMC;12/26/2016 10:03:10 PM;49.21178575;16.6035226;;;;
9290;;;;;;;;NMEA message parser not found for RMB.
9291;;;;;;;;Failed to parse: GGA.. Meters expected in GGA message.
9292;GSA;;;;;;;
9293;GSV;;;;;;;
9294;GSV;;;;;;;
9295;;;;;;;;NMEA message parser not found for GRM.
9296;RMC;12/26/2016 10:03:11 PM;49.2117944666667;16.6035177;;;;
9297;;;;;;;;NMEA message parser not found for RMB.
9298;;;;;;;;Failed to parse: GGA.. Meters expected in GGA message.
9299;GSA;;;;;;;
9300;GSV;;;;;;;
9301;GSV;;;;;;;
9302;;;;;;;;NMEA message parser not found for GRM.
9303;RMC;12/26/2016 10:03:12 PM;49.2118032;16.6035128;;;;
9304;;;;;;;;NMEA message parser not found for RMB.
9305;;;;;;;;Failed to parse: GGA.. Meters expected in GGA message.
9306;GSA;;;;;;;
9307;GSV;;;;;;;
9308;GSV;;;;;;;
9309;;;;;;;;NMEA message parser not found for GRM.
9310;RMC;12/26/2016 10:03:13 PM;49.2118119333333;16.6035079166667;;;;
9311;;;;;;;;NMEA message parser not found for RMB.
9312;;;;;;;;Failed to parse: GGA.. Meters expected in GGA message.
9313;GSA;;;;;;;
9314;GSV;;;;;;;
9315;GSV;;;;;;;
9316;;;;;;;;NMEA message parser not found for GRM.
9317;RMC;12/26/2016 10:03:14 PM;49.2118206666667;16.6035030166667;;;;
9318;;;;;;;;NMEA message parser not found for RMB.
9319;;;;;;;;Failed to parse: GGA.. Meters expected in GGA message.
9320;GSA;;;;;;;
9321;GSV;;;;;;;
9322;GSV;;;;;;;
9323;;;;;;;;NMEA message parser not found for GRM.
9324;RMC;12/26/2016 10:03:15 PM;49.2118294;16.6034981166667;;;;
9325;;;;;;;;NMEA message parser not found for RMB.
9326;;;;;;;;Failed to parse: GGA.. Meters expected in GGA message.
9327;GSA;;;;;;;
9328;GSV;;;;;;;
9329;GSV;;;;;;;
9330;;;;;;;;NMEA message parser not found for GRM.
9331;RMC;12/26/2016 10:03:16 PM;49.2118381333333;16.6034932333333;;;;
9332;;;;;;;;NMEA message parser not found for RMB.
9333;;;;;;;;Failed to parse: GGA.. Meters expected in GGA message.
9334;GSA;;;;;;;
9335;GSV;;;;;;;
9336;GSV;;;;;;;
9337;;;;;;;;NMEA message parser not found for GRM.
9338;RMC;12/26/2016 10:03:17 PM;49.2118468666667;16.6034883333333;;;;
9339;;;;;;;;NMEA message parser not found for RMB.
9340;;;;;;;;Failed to parse: GGA.. Meters expected in GGA message.
9341;GSA;;;;;;;
9342;GSV;;;;;;;
9343;GSV;;;;;;;
9344;;;;;;;;NMEA message parser not found for GRM.
9345;RMC;12/26/2016 10:03:18 PM;49.2118556;16.60348345;;;;
9346;;;;;;;;NMEA message parser not found for RMB.
9347;;;;;;;;Failed to parse: GGA.. Meters expected in GGA message.
9348;GSA;;;;;;;
9349;GSV;;;;;;;
9350;GSV;;;;;;;
9351;;;;;;;;NMEA message parser not found for GRM.
9352;RMC;12/26/2016 10:03:19 PM;49.2118643333333;16.60347855;;;;
9353;;;;;;;;NMEA message parser not found for RMB.
9354;;;;;;;;Failed to parse: GGA.. Meters expected in GGA message.
9355;GSA;;;;;;;
9356;GSV;;;;;;;
9357;GSV;;;;;;;
9358;;;;;;;;NMEA message parser not found for GRM.
9359;RMC;12/26/2016 10:03:20 PM;49.2118730666667;16.60347365;;;;
9360;;;;;;;;NMEA message parser not found for RMB.
9361;;;;;;;;Failed to parse: GGA.. Meters expected in GGA message.
9362;GSA;;;;;;;
9363;GSV;;;;;;;
9364;GSV;;;;;;;
9365;;;;;;;;NMEA message parser not found for GRM.
9366;RMC;12/26/2016 10:03:21 PM;49.2118818;16.6034687666667;;;;
9367;;;;;;;;NMEA message parser not found for RMB.
9368;;;;;;;;Failed to parse: GGA.. Meters expected in GGA message.
9369;GSA;;;;;;;
9370;GSV;;;;;;;
9371;GSV;;;;;;;
9372;;;;;;;;NMEA message parser not found for GRM.
9373;RMC;12/26/2016 10:03:22 PM;49.2118905333333;16.6034638666667;;;;
9374;;;;;;;;NMEA message parser not found for RMB.
9375;;;;;;;;Failed to parse: GGA.. Meters expected in GGA message.
9376;GSA;;;;;;;
9377;GSV;;;;;;;
9378;GSV;;;;;;;
9379;;;;;;;;NMEA message parser not found for GRM.
9380;RMC;12/26/2016 10:03:23 PM;49.21189925;16.6034589666667;;;;
9381;;;;;;;;NMEA message parser not found for RMB.
9382;;;;;;;;Failed to parse: GGA.. Meters expected in GGA message.
9383;GSA;;;;;;;
9384;GSV;;;;;;;
9385;GSV;;;;;;;
9386;;;;;;;;NMEA message parser not found for GRM.
9387;RMC;12/26/2016 10:03:24 PM;49.2119079833333;16.6034540833333;;;;
9388;;;;;;;;NMEA message parser not found for RMB.
9389;;;;;;;;Failed to parse: GGA.. Meters expected in GGA message.
9390;GSA;;;;;;;
9391;GSV;;;;;;;
9392;GSV;;;;;;;
9393;;;;;;;;NMEA message parser not found for GRM.
9394;RMC;12/26/2016 10:03:25 PM;49.2119167166667;16.6034491833333;;;;
9395;;;;;;;;NMEA message parser not found for RMB.
9396;;;;;;;;Failed to parse: GGA.. Meters expected in GGA message.
9397;GSA;;;;;;;
9398;GSV;;;;;;;
9399;GSV;;;;;;;
9400;;;;;;;;NMEA message parser not found for GRM.
9401;RMC;12/26/2016 10:03:26 PM;49.21192545;16.6034442833333;;;;
9402;;;;;;;;NMEA message parser not found for RMB.
9403;;;;;;;;Failed to parse: GGA.. Meters expected in GGA message.
9404;GSA;;;;;;;
9405;GSV;;;;;;;
9406;GSV;;;;;;;
9407;;;;;;;;NMEA message parser not found for GRM.
9408;RMC;12/26/2016 10:03:27 PM;49.2119341833333;16.6034394;;;;
9409;;;;;;;;NMEA message parser not found for RMB.
9410;;;;;;;;Failed to parse: GGA.. Meters expected in GGA message.
9411;GSA;;;;;;;
9412;GSV;;;;;;;
9413;GSV;;;;;;;
9414;;;;;;;;NMEA message parser not found for GRM.
9415;RMC;12/26/2016 10:03:28 PM;49.2119429166667;16.6034345;;;;
9416;;;;;;;;NMEA message parser not found for RMB.
9417;;;;;;;;Failed to parse: GGA.. Meters expected in GGA message.
9418;GSA;;;;;;;
9419;GSV;;;;;;;
9420;GSV;;;;;;;
9421;;;;;;;;NMEA message parser not found for GRM.
9422;RMC;12/26/2016 10:03:29 PM;49.21195165;16.6034296;;;;
9423;;;;;;;;NMEA message parser not found for RMB.
9424;;;;;;;;Failed to parse: GGA.. Meters expected in GGA message.
9425;GSA;;;;;;;
9426;GSV;;;;;;;
9427;GSV;;;;;;;
9428;;;;;;;;NMEA message parser not found for GRM.
9429;RMC;12/26/2016 10:03:30 PM;49.2119603833333;16.6034247166667;;;;
9430;;;;;;;;NMEA message parser not found for RMB.
9431;;;;;;;;Failed to parse: GGA.. Meters expected in GGA message.
9432;GSA;;;;;;;
9433;GSV;;;;;;;
9434;GSV;;;;;;;
9435;;;;;;;;NMEA message parser not found for GRM.
9436;RMC;12/26/2016 10:03:31 PM;49.2119691166667;16.6034198166667;;;;
9437;;;;;;;;NMEA message parser not found for RMB.
9438;;;;;;;;Failed to parse: GGA.. Meters expected in GGA message.
9439;GSA;;;;;;;
9440;GSV;;;;;;;
9441;GSV;;;;;;;
9442;;;;;;;;NMEA message parser not found for GRM.
9443;RMC;12/26/2016 10:03:32 PM;49.21197785;16.6034149166667;;;;
9444;;;;;;;;NMEA message parser not found for RMB.
9445;;;;;;;;Failed to parse: GGA.. Meters expected in GGA message.
9446;GSA;;;;;;;
9447;GSV;;;;;;;
9448;GSV;;;;;;;
9449;;;;;;;;NMEA message parser not found for GRM.
9450;RMC;12/26/2016 10:03:33 PM;49.2119865833333;16.6034100333333;;;;
9451;;;;;;;;NMEA message parser not found for RMB.
9452;;;;;;;;Failed to parse: GGA.. Meters expected in GGA message.
9453;GSA;;;;;;;
9454;GSV;;;;;;;
9455;GSV;;;;;;;
9456;;;;;;;;NMEA message parser not found for GRM.
9457;RMC;12/26/2016 10:03:34 PM;49.2119953166667;16.6034051333333;;;;
9458;;;;;;;;NMEA message parser not found for RMB.
9459;;;;;;;;Failed to parse: GGA.. Meters expected in GGA message.
9460;GSA;;;;;;;
9461;GSV;;;;;;;
9462;GSV;;;;;;;
9463;;;;;;;;NMEA message parser not found for GRM.
9464;RMC;12/26/2016 10:03:35 PM;49.2120040333333;16.6034002333333;;;;
9465;;;;;;;;NMEA message parser not found for RMB.
9466;;;;;;;;Failed to parse: GGA.. Meters expected in GGA message.
9467;GSA;;;;;;;
9468;GSV;;;;;;;
9469;GSV;;;;;;;
9470;;;;;;;;NMEA message parser not found for GRM.
9471;RMC;12/26/2016 10:03:36 PM;49.2120127666667;16.60339535;;;;
9472;;;;;;;;NMEA message parser not found for RMB.
9473;;;;;;;;Failed to parse: GGA.. Meters expected in GGA message.
9474;GSA;;;;;;;
9475;GSV;;;;;;;
9476;GSV;;;;;;;
9477;;;;;;;;NMEA message parser not found for GRM.
9478;RMC;12/26/2016 10:03:37 PM;49.2120215;16.60339045;;;;
9479;;;;;;;;NMEA message parser not found for RMB.
9480;;;;;;;;Failed to parse: GGA.. Meters expected in GGA message.
9481;GSA;;;;;;;
9482;GSV;;;;;;;
9483;GSV;;;;;;;
9484;;;;;;;;NMEA message parser not found for GRM.
9485;RMC;12/26/2016 10:03:38 PM;49.2120302333333;16.6033855666667;;;;
9486;;;;;;;;NMEA message parser not found for RMB.
9487;;;;;;;;Failed to parse: GGA.. Meters expected in GGA message.
9488;GSA;;;;;;;
9489;GSV;;;;;;;
9490;GSV;;;;;;;
9491;;;;;;;;NMEA message parser not found for GRM.
9492;RMC;12/26/2016 10:03:39 PM;49.2120389666667;16.6033806666667;;;;
9493;;;;;;;;NMEA message parser not found for RMB.
9494;;;;;;;;Failed to parse: GGA.. Meters expected in GGA message.
9495;GSA;;;;;;;
9496;GSV;;;;;;;
9497;GSV;;;;;;;
9498;;;;;;;;NMEA message parser not found for GRM.
9499;RMC;12/26/2016 10:03:40 PM;49.2120477;16.6033757666667;;;;
9500;;;;;;;;NMEA message parser not found for RMB.
9501;;;;;;;;Failed to parse: GGA.. Meters expected in GGA message.
9502;GSA;;;;;;;
9503;GSV;;;;;;;
9504;GSV;;;;;;;
9505;;;;;;;;NMEA message parser not found for GRM.
9506;RMC;12/26/2016 10:03:41 PM;49.2120564333333;16.6033708833333;;;;
9507;;;;;;;;NMEA message parser not found for RMB.
9508;;;;;;;;Failed to parse: GGA.. Meters expected in GGA message.
9509;GSA;;;;;;;
9510;GSV;;;;;;;
9511;GSV;;;;;;;
9512;;;;;;;;NMEA message parser not found for GRM.
9513;RMC;12/26/2016 10:03:42 PM;49.2120651666667;16.6033659833333;;;;
9514;;;;;;;;NMEA message parser not found for RMB.
9515;;;;;;;;Failed to parse: GGA.. Meters expected in GGA message.
9516;GSA;;;;;;;
9517;GSV;;;;;;;
9518;GSV;;;;;;;
9519;;;;;;;;NMEA message parser not found for GRM.
9520;RMC;12/26/2016 10:03:43 PM;49.2120739;16.6033610833333;;;;
9521;;;;;;;;NMEA message parser not found for RMB.
9522;;;;;;;;Failed to parse: GGA.. Meters expected in GGA message.
9523;GSA;;;;;;;
9524;GSV;;;;;;;
9525;GSV;;;;;;;
9526;;;;;;;;NMEA message parser not found for GRM.
9527;RMC;12/26/2016 10:03:44 PM;49.2120826333333;16.6033562;;;;
9528;;;;;;;;NMEA message parser not found for RMB.
9529;;;;;;;;Failed to parse: GGA.. Meters expected in GGA message.
9530;GSA;;;;;;;
9531;GSV;;;;;;;
9532;GSV;;;;;;;
9533;;;;;;;;NMEA message parser not found for GRM.
9534;RMC;12/26/2016 10:03:45 PM;49.2120913666667;16.6033513;;;;
9535;;;;;;;;NMEA message parser not found for RMB.
9536;;;;;;;;Failed to parse: GGA.. Meters expected in GGA message.
9537;GSA;;;;;;;
9538;GSV;;;;;;;
9539;GSV;;;;;;;
9540;;;;;;;;NMEA message parser not found for GRM.
9541;RMC;12/26/2016 10:03:46 PM;49.2121001;16.6033464;;;;
9542;;;;;;;;NMEA message parser not found for RMB.
9543;;;;;;;;Failed to parse: GGA.. Meters expected in GGA message.
9544;GSA;;;;;;;
9545;GSV;;;;;;;
9546;GSV;;;;;;;
9547;;;;;;;;NMEA message parser not found for GRM.
9548;RMC;12/26/2016 10:03:47 PM;49.2121088333333;16.6033415166667;;;;
9549;;;;;;;;NMEA message parser not found for RMB.
9550;;;;;;;;Failed to parse: GGA.. Meters expected in GGA message.
9551;GSA;;;;;;;
9552;GSV;;;;;;;
9553;GSV;;;;;;;
9554;;;;;;;;NMEA message parser not found for GRM.
9555;RMC;12/26/2016 10:03:48 PM;49.21211755;16.6033366166667;;;;
9556;;;;;;;;NMEA message parser not found for RMB.
9557;;;;;;;;Failed to parse: GGA.. Meters expected in GGA message.
9558;GSA;;;;;;;
9559;GSV;;;;;;;
9560;GSV;;;;;;;
9561;;;;;;;;NMEA message parser not found for GRM.
9562;RMC;12/26/2016 10:03:49 PM;49.2121262833333;16.6033317166667;;;;
9563;;;;;;;;NMEA message parser not found for RMB.
9564;;;;;;;;Failed to parse: GGA.. Meters expected in GGA message.
9565;GSA;;;;;;;
9566;GSV;;;;;;;
9567;GSV;;;;;;;
9568;;;;;;;;NMEA message parser not found for GRM.
9569;RMC;12/26/2016 10:03:50 PM;49.2121350166667;16.6033268333333;;;;
9570;;;;;;;;NMEA message parser not found for RMB.
9571;;;;;;;;Failed to parse: GGA.. Meters expected in GGA message.
9572;GSA;;;;;;;
9573;GSV;;;;;;;
9574;GSV;;;;;;;
9575;;;;;;;;NMEA message parser not found for GRM.
9576;RMC;12/26/2016 10:03:51 PM;49.21214375;16.6033219333333;;;;
9577;;;;;;;;NMEA message parser not found for RMB.
9578;;;;;;;;Failed to parse: GGA.. Meters expected in GGA message.
9579;GSA;;;;;;;
9580;GSV;;;;;;;
9581;GSV;;;;;;;
9582;;;;;;;;NMEA message parser not found for GRM.
9583;RMC;12/26/2016 10:03:52 PM;49.2121524833333;16.6033170333333;;;;
9584;;;;;;;;NMEA message parser not found for RMB.
9585;;;;;;;;Failed to parse: GGA.. Meters expected in GGA message.
9586;GSA;;;;;;;
9587;GSV;;;;;;;
9588;GSV;;;;;;;
9589;;;;;;;;NMEA message parser not found for GRM.
9590;RMC;12/26/2016 10:03:53 PM;49.2121612166667;16.60331215;;;;
9591;;;;;;;;NMEA message parser not found for RMB.
9592;;;;;;;;Failed to parse: GGA.. Meters expected in GGA message.
9593;GSA;;;;;;;
9594;GSV;;;;;;;
9595;GSV;;;;;;;
9596;;;;;;;;NMEA message parser not found for GRM.
9597;RMC;12/26/2016 10:03:54 PM;49.21216995;16.60330725;;;;
9598;;;;;;;;NMEA message parser not found for RMB.
9599;;;;;;;;Failed to parse: GGA.. Meters expected in GGA message.
9600;GSA;;;;;;;
9601;GSV;;;;;;;
9602;GSV;;;;;;;
9603;;;;;;;;NMEA message parser not found for GRM.
9604;RMC;12/26/2016 10:03:55 PM;49.2121786833333;16.60330235;;;;
9605;;;;;;;;NMEA message parser not found for RMB.
9606;;;;;;;;Failed to parse: GGA.. Meters expected in GGA message.
9607;GSA;;;;;;;
9608;GSV;;;;;;;
9609;GSV;;;;;;;
9610;;;;;;;;NMEA message parser not found for GRM.
9611;RMC;12/26/2016 10:03:56 PM;49.2121874166667;16.6032974666667;;;;
9612;;;;;;;;NMEA message parser not found for RMB.
9613;;;;;;;;Failed to parse: GGA.. Meters expected in GGA message.
9614;GSA;;;;;;;
9615;GSV;;;;;;;
9616;GSV;;;;;;;
9617;;;;;;;;NMEA message parser not found for GRM.
9618;RMC;12/26/2016 10:03:57 PM;49.21219615;16.6032925666667;;;;
9619;;;;;;;;NMEA message parser not found for RMB.
9620;;;;;;;;Failed to parse: GGA.. Meters expected in GGA message.
9621;GSA;;;;;;;
9622;GSV;;;;;;;
9623;GSV;;;;;;;
9624;;;;;;;;NMEA message parser not found for GRM.
9625;RMC;12/26/2016 10:03:58 PM;49.2122048833333;16.6032876833333;;;;
9626;;;;;;;;NMEA message parser not found for RMB.
9627;;;;;;;;Failed to parse: GGA.. Meters expected in GGA message.
9628;GSA;;;;;;;
9629;GSV;;;;;;;
9630;GSV;;;;;;;
9631;;;;;;;;NMEA message parser not found for GRM.
9632;RMC;12/26/2016 10:03:59 PM;49.2122136166667;16.6032827833333;;;;
9633;;;;;;;;NMEA message parser not found for RMB.
9634;;;;;;;;Failed to parse: GGA.. Meters expected in GGA message.
9635;GSA;;;;;;;
9636;GSV;;;;;;;
9637;GSV;;;;;;;
9638;;;;;;;;NMEA message parser not found for GRM.
9639;RMC;12/26/2016 10:04:00 PM;49.2122223333333;16.6032778833333;;;;
9640;;;;;;;;NMEA message parser not found for RMB.
9641;;;;;;;;Failed to parse: GGA.. Meters expected in GGA message.
9642;GSA;;;;;;;
9643;GSV;;;;;;;
9644;GSV;;;;;;;
9645;;;;;;;;NMEA message parser not found for GRM.
9646;RMC;12/26/2016 10:04:01 PM;49.2122310666667;16.603273;;;;
9647;;;;;;;;NMEA message parser not found for RMB.
9648;;;;;;;;Failed to parse: GGA.. Meters expected in GGA message.
9649;GSA;;;;;;;
9650;GSV;;;;;;;
9651;GSV;;;;;;;
9652;;;;;;;;NMEA message parser not found for GRM.
9653;RMC;12/26/2016 10:04:02 PM;49.2122398;16.6032681;;;;
9654;;;;;;;;NMEA message parser not found for RMB.
9655;;;;;;;;Failed to parse: GGA.. Meters expected in GGA message.
9656;GSA;;;;;;;
9657;GSV;;;;;;;
9658;GSV;;;;;;;
9659;;;;;;;;NMEA message parser not found for GRM.
9660;RMC;12/26/2016 10:04:03 PM;49.2122485333333;16.6032632;;;;
9661;;;;;;;;NMEA message parser not found for RMB.
9662;;;;;;;;Failed to parse: GGA.. Meters expected in GGA message.
9663;GSA;;;;;;;
9664;GSV;;;;;;;
9665;GSV;;;;;;;
9666;;;;;;;;NMEA message parser not found for GRM.
9667;RMC;12/26/2016 10:04:04 PM;49.2122572666667;16.6032583166667;;;;
9668;;;;;;;;NMEA message parser not found for RMB.
9669;;;;;;;;Failed to parse: GGA.. Meters expected in GGA message.
9670;GSA;;;;;;;
9671;GSV;;;;;;;
9672;GSV;;;;;;;
9673;;;;;;;;NMEA message parser not found for GRM.
9674;RMC;12/26/2016 10:04:05 PM;49.212266;16.6032534166667;;;;
9675;;;;;;;;NMEA message parser not found for RMB.
9676;;;;;;;;Failed to parse: GGA.. Meters expected in GGA message.
9677;GSA;;;;;;;
9678;GSV;;;;;;;
9679;GSV;;;;;;;
9680;;;;;;;;NMEA message parser not found for GRM.
9681;RMC;12/26/2016 10:04:06 PM;49.2122747333333;16.6032485166667;;;;
9682;;;;;;;;NMEA message parser not found for RMB.
9683;;;;;;;;Failed to parse: GGA.. Meters expected in GGA message.
9684;GSA;;;;;;;
9685;GSV;;;;;;;
9686;GSV;;;;;;;
9687;;;;;;;;NMEA message parser not found for GRM.
9688;RMC;12/26/2016 10:04:07 PM;49.2122834666667;16.6032436333333;;;;
9689;;;;;;;;NMEA message parser not found for RMB.
9690;;;;;;;;Failed to parse: GGA.. Meters expected in GGA message.
9691;GSA;;;;;;;
9692;GSV;;;;;;;
9693;GSV;;;;;;;
9694;;;;;;;;NMEA message parser not found for GRM.
9695;RMC;12/26/2016 10:04:08 PM;49.2122922;16.6032387333333;;;;
9696;;;;;;;;NMEA message parser not found for RMB.
9697;;;;;;;;Failed to parse: GGA.. Meters expected in GGA message.
9698;GSA;;;;;;;
9699;GSV;;;;;;;
9700;GSV;;;;;;;
9701;;;;;;;;NMEA message parser not found for GRM.
9702;RMC;12/26/2016 10:04:09 PM;49.2123009333333;16.6032338333333;;;;
9703;;;;;;;;NMEA message parser not found for RMB.
9704;;;;;;;;Failed to parse: GGA.. Meters expected in GGA message.
9705;GSA;;;;;;;
9706;GSV;;;;;;;
9707;GSV;;;;;;;
9708;;;;;;;;NMEA message parser not found for GRM.
9709;RMC;12/26/2016 10:04:10 PM;49.2123096666667;16.60322895;;;;
9710;;;;;;;;NMEA message parser not found for RMB.
9711;;;;;;;;Failed to parse: GGA.. Meters expected in GGA message.
9712;GSA;;;;;;;
9713;GSV;;;;;;;
9714;GSV;;;;;;;
9715;;;;;;;;NMEA message parser not found for GRM.
9716;RMC;12/26/2016 10:04:11 PM;49.2123184;16.60322405;;;;
9717;;;;;;;;NMEA message parser not found for RMB.
9718;;;;;;;;Failed to parse: GGA.. Meters expected in GGA message.
9719;GSA;;;;;;;
9720;GSV;;;;;;;
9721;GSV;;;;;;;
9722;;;;;;;;NMEA message parser not found for GRM.
9723;RMC;12/26/2016 10:04:12 PM;49.2123271166667;16.60321915;;;;
9724;;;;;;;;NMEA message parser not found for RMB.
9725;;;;;;;;Failed to parse: GGA.. Meters expected in GGA message.
9726;GSA;;;;;;;
9727;GSV;;;;;;;
9728;GSV;;;;;;;
9729;;;;;;;;NMEA message parser not found for GRM.
9730;RMC;12/26/2016 10:04:13 PM;49.21233585;16.6032142666667;;;;
9731;;;;;;;;NMEA message parser not found for RMB.
9732;;;;;;;;Failed to parse: GGA.. Meters expected in GGA message.
9733;GSA;;;;;;;
9734;GSV;;;;;;;
9735;GSV;;;;;;;
9736;;;;;;;;NMEA message parser not found for GRM.
9737;RMC;12/26/2016 10:04:14 PM;49.2123445833333;16.6032093666667;;;;
9738;;;;;;;;NMEA message parser not found for RMB.
9739;;;;;;;;Failed to parse: GGA.. Meters expected in GGA message.
9740;GSA;;;;;;;
9741;GSV;;;;;;;
9742;GSV;;;;;;;
9743;;;;;;;;NMEA message parser not found for GRM.
9744;RMC;12/26/2016 10:04:15 PM;49.2123533166667;16.6032044666667;;;;
9745;;;;;;;;NMEA message parser not found for RMB.
9746;;;;;;;;Failed to parse: GGA.. Meters expected in GGA message.
9747;GSA;;;;;;;
9748;GSV;;;;;;;
9749;GSV;;;;;;;
9750;;;;;;;;NMEA message parser not found for GRM.
9751;RMC;12/26/2016 10:04:16 PM;49.21236205;16.6031995833333;;;;
9752;;;;;;;;NMEA message parser not found for RMB.
9753;;;;;;;;Failed to parse: GGA.. Meters expected in GGA message.
9754;GSA;;;;;;;
9755;GSV;;;;;;;
9756;GSV;;;;;;;
9757;;;;;;;;NMEA message parser not found for GRM.
9758;RMC;12/26/2016 10:04:17 PM;49.2123707833333;16.6031946833333;;;;
9759;;;;;;;;NMEA message parser not found for RMB.
9760;;;;;;;;Failed to parse: GGA.. Meters expected in GGA message.
9761;GSA;;;;;;;
9762;GSV;;;;;;;
9763;GSV;;;;;;;
9764;;;;;;;;NMEA message parser not found for GRM.
9765;RMC;12/26/2016 10:04:18 PM;49.2123795166667;16.6031898;;;;
9766;;;;;;;;NMEA message parser not found for RMB.
9767;;;;;;;;Failed to parse: GGA.. Meters expected in GGA message.
9768;GSA;;;;;;;
9769;GSV;;;;;;;
9770;GSV;;;;;;;
9771;;;;;;;;NMEA message parser not found for GRM.
9772;RMC;12/26/2016 10:04:19 PM;49.21238825;16.6031849;;;;
9773;;;;;;;;NMEA message parser not found for RMB.
9774;;;;;;;;Failed to parse: GGA.. Meters expected in GGA message.
9775;GSA;;;;;;;
9776;GSV;;;;;;;
9777;GSV;;;;;;;
9778;;;;;;;;NMEA message parser not found for GRM.
9779;RMC;12/26/2016 10:04:20 PM;49.2123969833333;16.60318;;;;
9780;;;;;;;;NMEA message parser not found for RMB.
9781;;;;;;;;Failed to parse: GGA.. Meters expected in GGA message.
9782;GSA;;;;;;;
9783;GSV;;;;;;;
9784;GSV;;;;;;;
9785;;;;;;;;NMEA message parser not found for GRM.
9786;RMC;12/26/2016 10:04:21 PM;49.2124057166667;16.6031751166667;;;;
9787;;;;;;;;NMEA message parser not found for RMB.
9788;;;;;;;;Failed to parse: GGA.. Meters expected in GGA message.
9789;GSA;;;;;;;
9790;GSV;;;;;;;
9791;GSV;;;;;;;
9792;;;;;;;;NMEA message parser not found for GRM.
9793;RMC;12/26/2016 10:04:22 PM;49.21241445;16.6031702166667;;;;
9794;;;;;;;;NMEA message parser not found for RMB.
9795;;;;;;;;Failed to parse: GGA.. Meters expected in GGA message.
9796;GSA;;;;;;;
9797;GSV;;;;;;;
9798;GSV;;;;;;;
9799;;;;;;;;NMEA message parser not found for GRM.
9800;RMC;12/26/2016 10:04:23 PM;49.2124231833333;16.6031653166667;;;;
9801;;;;;;;;NMEA message parser not found for RMB.
9802;;;;;;;;Failed to parse: GGA.. Meters expected in GGA message.
9803;GSA;;;;;;;
9804;GSV;;;;;;;
9805;GSV;;;;;;;
9806;;;;;;;;NMEA message parser not found for GRM.
9807;RMC;12/26/2016 10:04:24 PM;49.2124319166667;16.6031604333333;;;;
9808;;;;;;;;NMEA message parser not found for RMB.
9809;;;;;;;;Failed to parse: GGA.. Meters expected in GGA message.
9810;GSA;;;;;;;
9811;GSV;;;;;;;
9812;GSV;;;;;;;
9813;;;;;;;;NMEA message parser not found for GRM.
9814;RMC;12/26/2016 10:04:25 PM;49.2124406333333;16.6031555333333;;;;
9815;;;;;;;;NMEA message parser not found for RMB.
9816;;;;;;;;Failed to parse: GGA.. Meters expected in GGA message.
9817;GSA;;;;;;;
9818;GSV;;;;;;;
9819;GSV;;;;;;;
9820;;;;;;;;NMEA message parser not found for GRM.
9821;RMC;12/26/2016 10:04:26 PM;49.2124493666667;16.6031506333333;;;;
9822;;;;;;;;NMEA message parser not found for RMB.
9823;;;;;;;;Failed to parse: GGA.. Meters expected in GGA message.
9824;GSA;;;;;;;
9825;GSV;;;;;;;
9826;GSV;;;;;;;
9827;;;;;;;;NMEA message parser not found for GRM.
9828;RMC;12/26/2016 10:04:27 PM;49.2124581;16.60314575;;;;
9829;;;;;;;;NMEA message parser not found for RMB.
9830;;;;;;;;Failed to parse: GGA.. Meters expected in GGA message.
9831;GSA;;;;;;;
9832;GSV;;;;;;;
9833;GSV;;;;;;;
9834;;;;;;;;NMEA message parser not found for GRM.
9835;RMC;12/26/2016 10:04:28 PM;49.2124668333333;16.60314085;;;;
9836;;;;;;;;NMEA message parser not found for RMB.
9837;;;;;;;;Failed to parse: GGA.. Meters expected in GGA message.
9838;GSA;;;;;;;
9839;GSV;;;;;;;
9840;GSV;;;;;;;
9841;;;;;;;;NMEA message parser not found for GRM.
9842;RMC;12/26/2016 10:04:29 PM;49.2124755666667;16.60313595;;;;
9843;;;;;;;;NMEA message parser not found for RMB.
9844;;;;;;;;Failed to parse: GGA.. Meters expected in GGA message.
9845;GSA;;;;;;;
9846;GSV;;;;;;;
9847;GSV;;;;;;;
9848;;;;;;;;NMEA message parser not found for GRM.
9849;RMC;12/26/2016 10:04:30 PM;49.2124843;16.6031310666667;;;;
9850;;;;;;;;NMEA message parser not found for RMB.
9851;;;;;;;;Failed to parse: GGA.. Meters expected in GGA message.
9852;GSA;;;;;;;
9853;GSV;;;;;;;
9854;GSV;;;;;;;
9855;;;;;;;;NMEA message parser not found for GRM.
9856;RMC;12/26/2016 10:04:31 PM;49.2124930333333;16.6031261666667;;;;
9857;;;;;;;;NMEA message parser not found for RMB.
9858;;;;;;;;Failed to parse: GGA.. Meters expected in GGA message.
9859;GSA;;;;;;;
9860;GSV;;;;;;;
9861;GSV;;;;;;;
9862;;;;;;;;NMEA message parser not found for GRM.
9863;RMC;12/26/2016 10:04:32 PM;49.2125017666667;16.6031212666667;;;;
9864;;;;;;;;NMEA message parser not found for RMB.
9865;;;;;;;;Failed to parse: GGA.. Meters expected in GGA message.
9866;GSA;;;;;;;
9867;GSV;;;;;;;
9868;GSV;;;;;;;
9869;;;;;;;;NMEA message parser not found for GRM.
9870;RMC;12/26/2016 10:04:33 PM;49.2125105;16.6031163833333;;;;
9871;;;;;;;;NMEA message parser not found for RMB.
9872;;;;;;;;Failed to parse: GGA.. Meters expected in GGA message.
9873;GSA;;;;;;;
9874;GSV;;;;;;;
9875;GSV;;;;;;;
9876;;;;;;;;NMEA message parser not found for GRM.
9877;RMC;12/26/2016 10:04:34 PM;49.2125192333333;16.6031114833333;;;;
9878;;;;;;;;NMEA message parser not found for RMB.
9879;;;;;;;;Failed to parse: GGA.. Meters expected in GGA message.
9880;GSA;;;;;;;
9881;GSV;;;;;;;
9882;GSV;;;;;;;
9883;;;;;;;;NMEA message parser not found for GRM.
9884;RMC;12/26/2016 10:04:35 PM;49.2125279666667;16.6031065833333;;;;
9885;;;;;;;;NMEA message parser not found for RMB.
9886;;;;;;;;Failed to parse: GGA.. Meters expected in GGA message.
9887;GSA;;;;;;;
9888;GSV;;;;;;;
9889;GSV;;;;;;;
9890;;;;;;;;NMEA message parser not found for GRM.
9891;RMC;12/26/2016 10:04:36 PM;49.2125367;16.6031017;;;;
9892;;;;;;;;NMEA message parser not found for RMB.
9893;;;;;;;;Failed to parse: GGA.. Meters expected in GGA message.
9894;GSA;;;;;;;
9895;GSV;;;;;;;
9896;GSV;;;;;;;
9897;;;;;;;;NMEA message parser not found for GRM.
9898;RMC;12/26/2016 10:04:37 PM;49.2125454166667;16.6030968;;;;
9899;;;;;;;;NMEA message parser not found for RMB.
9900;;;;;;;;Failed to parse: GGA.. Meters expected in GGA message.
9901;GSA;;;;;;;
9902;GSV;;;;;;;
9903;GSV;;;;;;;
9904;;;;;;;;NMEA message parser not found for GRM.
9905;RMC;12/26/2016 10:04:38 PM;49.21255415;16.6030919166667;;;;
9906;;;;;;;;NMEA message parser not found for RMB.
9907;;;;;;;;Failed to parse: GGA.. Meters expected in GGA message.
9908;GSA;;;;;;;
9909;GSV;;;;;;;
9910;GSV;;;;;;;
9911;;;;;;;;NMEA message parser not found for GRM.
9912;RMC;12/26/2016 10:04:39 PM;49.2125628833333;16.6030870166667;;;;
9913;;;;;;;;NMEA message parser not found for RMB.
9914;;;;;;;;Failed to parse: GGA.. Meters expected in GGA message.
9915;GSA;;;;;;;
9916;GSV;;;;;;;
9917;GSV;;;;;;;
9918;;;;;;;;NMEA message parser not found for GRM.
9919;RMC;12/26/2016 10:04:40 PM;49.2125716166667;16.6030821166667;;;;
9920;;;;;;;;NMEA message parser not found for RMB.
9921;;;;;;;;Failed to parse: GGA.. Meters expected in GGA message.
9922;GSA;;;;;;;
9923;GSV;;;;;;;
9924;GSV;;;;;;;
9925;;;;;;;;NMEA message parser not found for GRM.
9926;RMC;12/26/2016 10:04:41 PM;49.21258035;16.6030772333333;;;;
9927;;;;;;;;NMEA message parser not found for RMB.
9928;;;;;;;;Failed to parse: GGA.. Meters expected in GGA message.
9929;GSA;;;;;;;
9930;GSV;;;;;;;
9931;GSV;;;;;;;
9932;;;;;;;;NMEA message parser not found for GRM.
9933;RMC;12/26/2016 10:04:42 PM;49.2125890833333;16.6030723333333;;;;
9934;;;;;;;;NMEA message parser not found for RMB.
9935;;;;;;;;Failed to parse: GGA.. Meters expected in GGA message.
9936;GSA;;;;;;;
9937;GSV;;;;;;;
9938;GSV;;;;;;;
9939;;;;;;;;NMEA message parser not found for GRM.
9940;RMC;12/26/2016 10:04:43 PM;49.2125978166667;16.6030674333333;;;;
9941;;;;;;;;NMEA message parser not found for RMB.
9942;;;;;;;;Failed to parse: GGA.. Meters expected in GGA message.
9943;GSA;;;;;;;
9944;GSV;;;;;;;
9945;GSV;;;;;;;
9946;;;;;;;;NMEA message parser not found for GRM.
9947;RMC;12/26/2016 10:04:44 PM;49.21260655;16.60306255;;;;
9948;;;;;;;;NMEA message parser not found for RMB.
9949;;;;;;;;Failed to parse: GGA.. Meters expected in GGA message.
9950;GSA;;;;;;;
9951;GSV;;;;;;;
9952;GSV;;;;;;;
9953;;;;;;;;NMEA message parser not found for GRM.
9954;RMC;12/26/2016 10:04:45 PM;49.2126152833333;16.60305765;;;;
9955;;;;;;;;NMEA message parser not found for RMB.
9956;;;;;;;;Failed to parse: GGA.. Meters expected in GGA message.
9957;GSA;;;;;;;
9958;GSV;;;;;;;
9959;GSV;;;;;;;
9960;;;;;;;;NMEA message parser not found for GRM.
9961;RMC;12/26/2016 10:04:46 PM;49.2126240166667;16.60305275;;;;
9962;;;;;;;;NMEA message parser not found for RMB.
9963;;;;;;;;Failed to parse: GGA.. Meters expected in GGA message.
9964;GSA;;;;;;;
9965;GSV;;;;;;;
9966;GSV;;;;;;;
9967;;;;;;;;NMEA message parser not found for GRM.
9968;RMC;12/26/2016 10:04:47 PM;49.21263275;16.6030478666667;;;;
9969;;;;;;;;NMEA message parser not found for RMB.
9970;;;;;;;;Failed to parse: GGA.. Meters expected in GGA message.
9971;GSA;;;;;;;
9972;GSV;;;;;;;
9973;GSV;;;;;;;
9974;;;;;;;;NMEA message parser not found for GRM.
9975;RMC;12/26/2016 10:04:48 PM;49.2126414833333;16.6030429666667;;;;
9976;;;;;;;;NMEA message parser not found for RMB.
9977;;;;;;;;Failed to parse: GGA.. Meters expected in GGA message.
9978;GSA;;;;;;;
9979;GSV;;;;;;;
9980;GSV;;;;;;;
9981;;;;;;;;NMEA message parser not found for GRM.
9982;RMC;12/26/2016 10:04:49 PM;49.2126502;16.6030380666667;;;;
9983;;;;;;;;NMEA message parser not found for RMB.
9984;;;;;;;;Failed to parse: GGA.. Meters expected in GGA message.
9985;GSA;;;;;;;
9986;GSV;;;;;;;
9987;GSV;;;;;;;
9988;;;;;;;;NMEA message parser not found for GRM.
9989;RMC;12/26/2016 10:04:50 PM;49.2126589333333;16.6030331833333;;;;
9990;;;;;;;;NMEA message parser not found for RMB.
9991;;;;;;;;Failed to parse: GGA.. Meters expected in GGA message.
9992;GSA;;;;;;;
9993;GSV;;;;;;;
9994;GSV;;;;;;;
9995;;;;;;;;NMEA message parser not found for GRM.
9996;RMC;12/26/2016 10:04:51 PM;49.2126676666667;16.6030282833333;;;;
9997;;;;;;;;NMEA message parser not found for RMB.
9998;;;;;;;;Failed to parse: GGA.. Meters expected in GGA message.
9999;GSA;;;;;;;
10000;GSV;;;;;;;
10001;GSV;;;;;;;
10002;;;;;;;;NMEA message parser not found for GRM.
10003;RMC;12/26/2016 10:04:52 PM;49.2126764;16.6030233833333;;;;
10004;;;;;;;;NMEA message parser not found for RMB.
10005;;;;;;;;Failed to parse: GGA.. Meters expected in GGA message.
10006;GSA;;;;;;;
10007;GSV;;;;;;;
10008;GSV;;;;;;;
10009;;;;;;;;NMEA message parser not found for GRM.
10010;RMC;12/26/2016 10:04:53 PM;49.2126851333333;16.6030185;;;;
10011;;;;;;;;NMEA message parser not found for RMB.
10012;;;;;;;;Failed to parse: GGA.. Meters expected in GGA message.
10013;GSA;;;;;;;
10014;GSV;;;;;;;
10015;GSV;;;;;;;
10016;;;;;;;;NMEA message parser not found for GRM.
10017;RMC;12/26/2016 10:04:54 PM;49.2126938666667;16.6030136;;;;
10018;;;;;;;;NMEA message parser not found for RMB.
10019;;;;;;;;Failed to parse: GGA.. Meters expected in GGA message.
10020;GSA;;;;;;;
10021;GSV;;;;;;;
10022;GSV;;;;;;;
10023;;;;;;;;NMEA message parser not found for GRM.
10024;RMC;12/26/2016 10:04:55 PM;49.2127026;16.6030087;;;;
10025;;;;;;;;NMEA message parser not found for RMB.
10026;;;;;;;;Failed to parse: GGA.. Meters expected in GGA message.
10027;GSA;;;;;;;
10028;GSV;;;;;;;
10029;GSV;;;;;;;
10030;;;;;;;;NMEA message parser not found for GRM.
10031;RMC;12/26/2016 10:04:56 PM;49.2127113333333;16.6030038166667;;;;
10032;;;;;;;;NMEA message parser not found for RMB.
10033;;;;;;;;Failed to parse: GGA.. Meters expected in GGA message.
10034;GSA;;;;;;;
10035;GSV;;;;;;;
10036;GSV;;;;;;;
10037;;;;;;;;NMEA message parser not found for GRM.
10038;RMC;12/26/2016 10:04:57 PM;49.2127199833333;16.6029987833333;;;;
10039;;;;;;;;NMEA message parser not found for RMB.
10040;;;;;;;;Failed to parse: GGA.. Meters expected in GGA message.
10041;GSA;;;;;;;
10042;GSV;;;;;;;
10043;GSV;;;;;;;
10044;;;;;;;;NMEA message parser not found for GRM.
10045;RMC;12/26/2016 10:04:58 PM;49.21272865;16.6029937666667;;;;
10046;;;;;;;;NMEA message parser not found for RMB.
10047;;;;;;;;Failed to parse: GGA.. Meters expected in GGA message.
10048;GSA;;;;;;;
10049;GSV;;;;;;;
10050;GSV;;;;;;;
10051;;;;;;;;NMEA message parser not found for GRM.
10052;RMC;12/26/2016 10:04:59 PM;49.2127373166667;16.60298875;;;;
10053;;;;;;;;NMEA message parser not found for RMB.
10054;;;;;;;;Failed to parse: GGA.. Meters expected in GGA message.
10055;GSA;;;;;;;
10056;GSV;;;;;;;
10057;GSV;;;;;;;
10058;;;;;;;;NMEA message parser not found for GRM.
10059;RMC;12/26/2016 10:05:00 PM;49.2127459666667;16.6029837333333;;;;
10060;;;;;;;;NMEA message parser not found for RMB.
10061;;;;;;;;Failed to parse: GGA.. Meters expected in GGA message.
10062;GSA;;;;;;;
10063;GSV;;;;;;;
10064;GSV;;;;;;;
10065;;;;;;;;NMEA message parser not found for GRM.
10066;RMC;12/26/2016 10:05:01 PM;49.2127546333333;16.6029787166667;;;;
10067;;;;;;;;NMEA message parser not found for RMB.
10068;;;;;;;;Failed to parse: GGA.. Meters expected in GGA message.
10069;GSA;;;;;;;
10070;GSV;;;;;;;
10071;GSV;;;;;;;
10072;;;;;;;;NMEA message parser not found for GRM.
10073;RMC;12/26/2016 10:05:02 PM;49.2127633;16.6029737;;;;
10074;;;;;;;;NMEA message parser not found for RMB.
10075;;;;;;;;Failed to parse: GGA.. Meters expected in GGA message.
10076;GSA;;;;;;;
10077;GSV;;;;;;;
10078;GSV;;;;;;;
10079;;;;;;;;NMEA message parser not found for GRM.
10080;RMC;12/26/2016 10:05:03 PM;49.21277195;16.6029686666667;;;;
10081;;;;;;;;NMEA message parser not found for RMB.
10082;;;;;;;;Failed to parse: GGA.. Meters expected in GGA message.
10083;GSA;;;;;;;
10084;GSV;;;;;;;
10085;GSV;;;;;;;
10086;;;;;;;;NMEA message parser not found for GRM.
10087;RMC;12/26/2016 10:05:04 PM;49.2127806166667;16.60296365;;;;
10088;;;;;;;;NMEA message parser not found for RMB.
10089;;;;;;;;Failed to parse: GGA.. Meters expected in GGA message.
10090;GSA;;;;;;;
10091;GSV;;;;;;;
10092;GSV;;;;;;;
10093;;;;;;;;NMEA message parser not found for GRM.
10094;RMC;12/26/2016 10:05:05 PM;49.2127892666667;16.6029586333333;;;;
10095;;;;;;;;NMEA message parser not found for RMB.
10096;;;;;;;;Failed to parse: GGA.. Meters expected in GGA message.
10097;GSA;;;;;;;
10098;GSV;;;;;;;
10099;GSV;;;;;;;
10100;;;;;;;;NMEA message parser not found for GRM.
10101;RMC;12/26/2016 10:05:06 PM;49.2127979333333;16.6029536166667;;;;
10102;;;;;;;;NMEA message parser not found for RMB.
10103;;;;;;;;Failed to parse: GGA.. Meters expected in GGA message.
10104;GSA;;;;;;;
10105;GSV;;;;;;;
10106;GSV;;;;;;;
10107;;;;;;;;NMEA message parser not found for GRM.
10108;RMC;12/26/2016 10:05:07 PM;49.2128066;16.6029486;;;;
10109;;;;;;;;NMEA message parser not found for RMB.
10110;;;;;;;;Failed to parse: GGA.. Meters expected in GGA message.
10111;GSA;;;;;;;
10112;GSV;;;;;;;
10113;GSV;;;;;;;
10114;;;;;;;;NMEA message parser not found for GRM.
10115;RMC;12/26/2016 10:05:08 PM;49.21281525;16.6029435833333;;;;
10116;;;;;;;;NMEA message parser not found for RMB.
10117;;;;;;;;Failed to parse: GGA.. Meters expected in GGA message.
10118;GSA;;;;;;;
10119;GSV;;;;;;;
10120;GSV;;;;;;;
10121;;;;;;;;NMEA message parser not found for GRM.
10122;RMC;12/26/2016 10:05:09 PM;49.2128239166667;16.60293855;;;;
10123;;;;;;;;NMEA message parser not found for RMB.
10124;;;;;;;;Failed to parse: GGA.. Meters expected in GGA message.
10125;GSA;;;;;;;
10126;GSV;;;;;;;
10127;GSV;;;;;;;
10128;;;;;;;;NMEA message parser not found for GRM.
10129;RMC;12/26/2016 10:05:10 PM;49.2128325833333;16.6029335333333;;;;
10130;;;;;;;;NMEA message parser not found for RMB.
10131;;;;;;;;Failed to parse: GGA.. Meters expected in GGA message.
10132;GSA;;;;;;;
10133;GSV;;;;;;;
10134;GSV;;;;;;;
10135;;;;;;;;NMEA message parser not found for GRM.
10136;RMC;12/26/2016 10:05:11 PM;49.2128412333333;16.6029285166667;;;;
10137;;;;;;;;NMEA message parser not found for RMB.
10138;;;;;;;;Failed to parse: GGA.. Meters expected in GGA message.
10139;GSA;;;;;;;
10140;GSV;;;;;;;
10141;GSV;;;;;;;
10142;;;;;;;;NMEA message parser not found for GRM.
10143;RMC;12/26/2016 10:05:12 PM;49.2128499;16.6029235;;;;
10144;;;;;;;;NMEA message parser not found for RMB.
10145;;;;;;;;Failed to parse: GGA.. Meters expected in GGA message.
10146;GSA;;;;;;;
10147;GSV;;;;;;;
10148;GSV;;;;;;;
10149;;;;;;;;NMEA message parser not found for GRM.
10150;RMC;12/26/2016 10:05:13 PM;49.2128585666667;16.6029184833333;;;;
10151;;;;;;;;NMEA message parser not found for RMB.
10152;;;;;;;;Failed to parse: GGA.. Meters expected in GGA message.
10153;GSA;;;;;;;
10154;GSV;;;;;;;
10155;GSV;;;;;;;
10156;;;;;;;;NMEA message parser not found for GRM.
10157;RMC;12/26/2016 10:05:14 PM;49.2128672166667;16.6029134666667;;;;
10158;;;;;;;;NMEA message parser not found for RMB.
10159;;;;;;;;Failed to parse: GGA.. Meters expected in GGA message.
10160;GSA;;;;;;;
10161;GSV;;;;;;;
10162;GSV;;;;;;;
10163;;;;;;;;NMEA message parser not found for GRM.
10164;RMC;12/26/2016 10:05:15 PM;49.2128758833333;16.6029084333333;;;;
10165;;;;;;;;NMEA message parser not found for RMB.
10166;;;;;;;;Failed to parse: GGA.. Meters expected in GGA message.
10167;GSA;;;;;;;
10168;GSV;;;;;;;
10169;GSV;;;;;;;
10170;;;;;;;;NMEA message parser not found for GRM.
10171;RMC;12/26/2016 10:05:16 PM;49.2128845333333;16.6029034166667;;;;
10172;;;;;;;;NMEA message parser not found for RMB.
10173;;;;;;;;Failed to parse: GGA.. Meters expected in GGA message.
10174;GSA;;;;;;;
10175;GSV;;;;;;;
10176;GSV;;;;;;;
10177;;;;;;;;NMEA message parser not found for GRM.
10178;RMC;12/26/2016 10:05:17 PM;49.2128932;16.6028984;;;;
10179;;;;;;;;NMEA message parser not found for RMB.
10180;;;;;;;;Failed to parse: GGA.. Meters expected in GGA message.
10181;GSA;;;;;;;
10182;GSV;;;;;;;
10183;GSV;;;;;;;
10184;;;;;;;;NMEA message parser not found for GRM.
10185;RMC;12/26/2016 10:05:18 PM;49.2129018666667;16.6028933833333;;;;
10186;;;;;;;;NMEA message parser not found for RMB.
10187;;;;;;;;Failed to parse: GGA.. Meters expected in GGA message.
10188;GSA;;;;;;;
10189;GSV;;;;;;;
10190;GSV;;;;;;;
10191;;;;;;;;NMEA message parser not found for GRM.
10192;RMC;12/26/2016 10:05:19 PM;49.2129105166667;16.6028883666667;;;;
10193;;;;;;;;NMEA message parser not found for RMB.
10194;;;;;;;;Failed to parse: GGA.. Meters expected in GGA message.
10195;GSA;;;;;;;
10196;GSV;;;;;;;
10197;GSV;;;;;;;
10198;;;;;;;;NMEA message parser not found for GRM.
10199;RMC;12/26/2016 10:05:20 PM;49.2129191833333;16.60288335;;;;
10200;;;;;;;;NMEA message parser not found for RMB.
10201;;;;;;;;Failed to parse: GGA.. Meters expected in GGA message.
10202;GSA;;;;;;;
10203;GSV;;;;;;;
10204;GSV;;;;;;;
10205;;;;;;;;NMEA message parser not found for GRM.
10206;RMC;12/26/2016 10:05:21 PM;49.21292785;16.6028783166667;;;;
10207;;;;;;;;NMEA message parser not found for RMB.
10208;;;;;;;;Failed to parse: GGA.. Meters expected in GGA message.
10209;GSA;;;;;;;
10210;GSV;;;;;;;
10211;GSV;;;;;;;
10212;;;;;;;;NMEA message parser not found for GRM.
10213;RMC;12/26/2016 10:05:22 PM;49.2129365;16.6028733;;;;
10214;;;;;;;;NMEA message parser not found for RMB.
10215;;;;;;;;Failed to parse: GGA.. Meters expected in GGA message.
10216;GSA;;;;;;;
10217;GSV;;;;;;;
10218;GSV;;;;;;;
10219;;;;;;;;NMEA message parser not found for GRM.
10220;RMC;12/26/2016 10:05:23 PM;49.2129451666667;16.6028682833333;;;;
10221;;;;;;;;NMEA message parser not found for RMB.
10222;;;;;;;;Failed to parse: GGA.. Meters expected in GGA message.
10223;GSA;;;;;;;
10224;GSV;;;;;;;
10225;GSV;;;;;;;
10226;;;;;;;;NMEA message parser not found for GRM.
10227;RMC;12/26/2016 10:05:24 PM;49.2129538166667;16.6028632666667;;;;
10228;;;;;;;;NMEA message parser not found for RMB.
10229;;;;;;;;Failed to parse: GGA.. Meters expected in GGA message.
10230;GSA;;;;;;;
10231;GSV;;;;;;;
10232;GSV;;;;;;;
10233;;;;;;;;NMEA message parser not found for GRM.
10234;RMC;12/26/2016 10:05:25 PM;49.2129624833333;16.60285825;;;;
10235;;;;;;;;NMEA message parser not found for RMB.
10236;;;;;;;;Failed to parse: GGA.. Meters expected in GGA message.
10237;GSA;;;;;;;
10238;GSV;;;;;;;
10239;GSV;;;;;;;
10240;;;;;;;;NMEA message parser not found for GRM.
10241;RMC;12/26/2016 10:05:26 PM;49.21297115;16.6028532166667;;;;
10242;;;;;;;;NMEA message parser not found for RMB.
10243;;;;;;;;Failed to parse: GGA.. Meters expected in GGA message.
10244;GSA;;;;;;;
10245;GSV;;;;;;;
10246;GSV;;;;;;;
10247;;;;;;;;NMEA message parser not found for GRM.
10248;RMC;12/26/2016 10:05:27 PM;49.2129798;16.6028482;;;;
10249;;;;;;;;NMEA message parser not found for RMB.
10250;;;;;;;;Failed to parse: GGA.. Meters expected in GGA message.
10251;GSA;;;;;;;
10252;GSV;;;;;;;
10253;GSV;;;;;;;
10254;;;;;;;;NMEA message parser not found for GRM.
10255;RMC;12/26/2016 10:05:28 PM;49.2129884666667;16.6028431833333;;;;
10256;;;;;;;;NMEA message parser not found for RMB.
10257;;;;;;;;Failed to parse: GGA.. Meters expected in GGA message.
10258;GSA;;;;;;;
10259;GSV;;;;;;;
10260;GSV;;;;;;;
10261;;;;;;;;NMEA message parser not found for GRM.
10262;RMC;12/26/2016 10:05:29 PM;49.2129971333333;16.6028381666667;;;;
10263;;;;;;;;NMEA message parser not found for RMB.
10264;;;;;;;;Failed to parse: GGA.. Meters expected in GGA message.
10265;GSA;;;;;;;
10266;GSV;;;;;;;
10267;GSV;;;;;;;
10268;;;;;;;;NMEA message parser not found for GRM.
10269;RMC;12/26/2016 10:05:30 PM;49.2130057833333;16.60283315;;;;
10270;;;;;;;;NMEA message parser not found for RMB.
10271;;;;;;;;Failed to parse: GGA.. Meters expected in GGA message.
10272;GSA;;;;;;;
10273;GSV;;;;;;;
10274;GSV;;;;;;;
10275;;;;;;;;NMEA message parser not found for GRM.
10276;RMC;12/26/2016 10:05:31 PM;49.21301445;16.6028281333333;;;;
10277;;;;;;;;NMEA message parser not found for RMB.
10278;;;;;;;;Failed to parse: GGA.. Meters expected in GGA message.
10279;GSA;;;;;;;
10280;GSV;;;;;;;
10281;GSV;;;;;;;
10282;;;;;;;;NMEA message parser not found for GRM.
10283;RMC;12/26/2016 10:05:32 PM;49.2130231166667;16.6028231;;;;
10284;;;;;;;;NMEA message parser not found for RMB.
10285;;;;;;;;Failed to parse: GGA.. Meters expected in GGA message.
10286;GSA;;;;;;;
10287;GSV;;;;;;;
10288;GSV;;;;;;;
10289;;;;;;;;NMEA message parser not found for GRM.
10290;RMC;12/26/2016 10:05:33 PM;49.2130317666667;16.6028180833333;;;;
10291;;;;;;;;NMEA message parser not found for RMB.
10292;;;;;;;;Failed to parse: GGA.. Meters expected in GGA message.
10293;GSA;;;;;;;
10294;GSV;;;;;;;
10295;GSV;;;;;;;
10296;;;;;;;;NMEA message parser not found for GRM.
10297;RMC;12/26/2016 10:05:34 PM;49.2130404333333;16.6028130666667;;;;
10298;;;;;;;;NMEA message parser not found for RMB.
10299;;;;;;;;Failed to parse: GGA.. Meters expected in GGA message.
10300;GSA;;;;;;;
10301;GSV;;;;;;;
10302;GSV;;;;;;;
10303;;;;;;;;NMEA message parser not found for GRM.
10304;RMC;12/26/2016 10:05:35 PM;49.2130490833333;16.60280805;;;;
10305;;;;;;;;NMEA message parser not found for RMB.
10306;;;;;;;;Failed to parse: GGA.. Meters expected in GGA message.
10307;GSA;;;;;;;
10308;GSV;;;;;;;
10309;GSV;;;;;;;
10310;;;;;;;;NMEA message parser not found for GRM.
10311;RMC;12/26/2016 10:05:36 PM;49.21305775;16.6028030333333;;;;
10312;;;;;;;;NMEA message parser not found for RMB.
10313;;;;;;;;Failed to parse: GGA.. Meters expected in GGA message.
10314;GSA;;;;;;;
10315;GSV;;;;;;;
10316;GSV;;;;;;;
10317;;;;;;;;NMEA message parser not found for GRM.
10318;RMC;12/26/2016 10:05:37 PM;49.2130664166667;16.6027980166667;;;;
10319;;;;;;;;NMEA message parser not found for RMB.
10320;;;;;;;;Failed to parse: GGA.. Meters expected in GGA message.
10321;GSA;;;;;;;
10322;GSV;;;;;;;
10323;GSV;;;;;;;
10324;;;;;;;;NMEA message parser not found for GRM.
10325;RMC;12/26/2016 10:05:38 PM;49.2130750666667;16.6027929833333;;;;
10326;;;;;;;;NMEA message parser not found for RMB.
10327;;;;;;;;Failed to parse: GGA.. Meters expected in GGA message.
10328;GSA;;;;;;;
10329;GSV;;;;;;;
10330;GSV;;;;;;;
10331;;;;;;;;NMEA message parser not found for GRM.
10332;RMC;12/26/2016 10:05:39 PM;49.2130837333333;16.6027879666667;;;;
10333;;;;;;;;NMEA message parser not found for RMB.
10334;;;;;;;;Failed to parse: GGA.. Meters expected in GGA message.
10335;GSA;;;;;;;
10336;GSV;;;;;;;
10337;GSV;;;;;;;
10338;;;;;;;;NMEA message parser not found for GRM.
10339;RMC;12/26/2016 10:05:40 PM;49.2130924;16.60278295;;;;
10340;;;;;;;;NMEA message parser not found for RMB.
10341;;;;;;;;Failed to parse: GGA.. Meters expected in GGA message.
10342;GSA;;;;;;;
10343;GSV;;;;;;;
10344;GSV;;;;;;;
10345;;;;;;;;NMEA message parser not found for GRM.
10346;RMC;12/26/2016 10:05:41 PM;49.21310105;16.6027779333333;;;;
10347;;;;;;;;NMEA message parser not found for RMB.
10348;;;;;;;;Failed to parse: GGA.. Meters expected in GGA message.
10349;GSA;;;;;;;
10350;GSV;;;;;;;
10351;GSV;;;;;;;
10352;;;;;;;;NMEA message parser not found for GRM.
10353;RMC;12/26/2016 10:05:42 PM;49.2131097166667;16.6027729166667;;;;
10354;;;;;;;;NMEA message parser not found for RMB.
10355;;;;;;;;Failed to parse: GGA.. Meters expected in GGA message.
10356;GSA;;;;;;;
10357;GSV;;;;;;;
10358;GSV;;;;;;;
10359;;;;;;;;NMEA message parser not found for GRM.
10360;RMC;12/26/2016 10:05:43 PM;49.2131183833333;16.6027679;;;;
10361;;;;;;;;NMEA message parser not found for RMB.
10362;;;;;;;;Failed to parse: GGA.. Meters expected in GGA message.
10363;GSA;;;;;;;
10364;GSV;;;;;;;
10365;GSV;;;;;;;
10366;;;;;;;;NMEA message parser not found for GRM.
10367;RMC;12/26/2016 10:05:44 PM;49.2131270333333;16.6027628666667;;;;
10368;;;;;;;;NMEA message parser not found for RMB.
10369;;;;;;;;Failed to parse: GGA.. Meters expected in GGA message.
10370;GSA;;;;;;;
10371;GSV;;;;;;;
10372;GSV;;;;;;;
10373;;;;;;;;NMEA message parser not found for GRM.
10374;RMC;12/26/2016 10:05:45 PM;49.2131357;16.60275785;;;;
10375;;;;;;;;NMEA message parser not found for RMB.
10376;;;;;;;;Failed to parse: GGA.. Meters expected in GGA message.
10377;GSA;;;;;;;
10378;GSV;;;;;;;
10379;GSV;;;;;;;
10380;;;;;;;;NMEA message parser not found for GRM.
10381;RMC;12/26/2016 10:05:46 PM;49.21314435;16.6027528333333;;;;
10382;;;;;;;;NMEA message parser not found for RMB.
10383;;;;;;;;Failed to parse: GGA.. Meters expected in GGA message.
10384;GSA;;;;;;;
10385;GSV;;;;;;;
10386;GSV;;;;;;;
10387;;;;;;;;NMEA message parser not found for GRM.
10388;RMC;12/26/2016 10:05:47 PM;49.2131530166667;16.6027478166667;;;;
10389;;;;;;;;NMEA message parser not found for RMB.
10390;;;;;;;;Failed to parse: GGA.. Meters expected in GGA message.
10391;GSA;;;;;;;
10392;GSV;;;;;;;
10393;GSV;;;;;;;
10394;;;;;;;;NMEA message parser not found for GRM.
10395;RMC;12/26/2016 10:05:48 PM;49.2131616833333;16.6027428;;;;
10396;;;;;;;;NMEA message parser not found for RMB.
10397;;;;;;;;Failed to parse: GGA.. Meters expected in GGA message.
10398;GSA;;;;;;;
10399;GSV;;;;;;;
10400;GSV;;;;;;;
10401;;;;;;;;NMEA message parser not found for GRM.
10402;RMC;12/26/2016 10:05:49 PM;49.2131703333333;16.6027377833333;;;;
10403;;;;;;;;NMEA message parser not found for RMB.
10404;;;;;;;;Failed to parse: GGA.. Meters expected in GGA message.
10405;GSA;;;;;;;
10406;GSV;;;;;;;
10407;GSV;;;;;;;
10408;;;;;;;;NMEA message parser not found for GRM.
10409;RMC;12/26/2016 10:05:50 PM;49.213179;16.60273275;;;;
10410;;;;;;;;NMEA message parser not found for RMB.
10411;;;;;;;;Failed to parse: GGA.. Meters expected in GGA message.
10412;GSA;;;;;;;
10413;GSV;;;;;;;
10414;GSV;;;;;;;
10415;;;;;;;;NMEA message parser not found for GRM.
10416;RMC;12/26/2016 10:05:51 PM;49.2131876666667;16.6027277333333;;;;
10417;;;;;;;;NMEA message parser not found for RMB.
10418;;;;;;;;Failed to parse: GGA.. Meters expected in GGA message.
10419;GSA;;;;;;;
10420;GSV;;;;;;;
10421;GSV;;;;;;;
10422;;;;;;;;NMEA message parser not found for GRM.
10423;RMC;12/26/2016 10:05:52 PM;49.2131963166667;16.6027227166667;;;;
10424;;;;;;;;NMEA message parser not found for RMB.
10425;;;;;;;;Failed to parse: GGA.. Meters expected in GGA message.
10426;GSA;;;;;;;
10427;GSV;;;;;;;
10428;GSV;;;;;;;
10429;;;;;;;;NMEA message parser not found for GRM.
10430;RMC;12/26/2016 10:05:53 PM;49.2132049833333;16.6027177;;;;
10431;;;;;;;;NMEA message parser not found for RMB.
10432;;;;;;;;Failed to parse: GGA.. Meters expected in GGA message.
10433;GSA;;;;;;;
10434;GSV;;;;;;;
10435;GSV;;;;;;;
10436;;;;;;;;NMEA message parser not found for GRM.
10437;RMC;12/26/2016 10:05:54 PM;49.2132136333333;16.6027126833333;;;;
10438;;;;;;;;NMEA message parser not found for RMB.
10439;;;;;;;;Failed to parse: GGA.. Meters expected in GGA message.
10440;GSA;;;;;;;
10441;GSV;;;;;;;
10442;GSV;;;;;;;
10443;;;;;;;;NMEA message parser not found for GRM.
10444;RMC;12/26/2016 10:05:55 PM;49.2132223;16.6027076666667;;;;
10445;;;;;;;;NMEA message parser not found for RMB.
10446;;;;;;;;Failed to parse: GGA.. Meters expected in GGA message.
10447;GSA;;;;;;;
10448;GSV;;;;;;;
10449;GSV;;;;;;;
10450;;;;;;;;NMEA message parser not found for GRM.
10451;RMC;12/26/2016 10:05:56 PM;49.2132309666667;16.6027026333333;;;;
10452;;;;;;;;NMEA message parser not found for RMB.
10453;;;;;;;;Failed to parse: GGA.. Meters expected in GGA message.
10454;GSA;;;;;;;
10455;GSV;;;;;;;
10456;GSV;;;;;;;
10457;;;;;;;;NMEA message parser not found for GRM.
10458;RMC;12/26/2016 10:05:57 PM;49.2132396166667;16.6026976166667;;;;
10459;;;;;;;;NMEA message parser not found for RMB.
10460;;;;;;;;Failed to parse: GGA.. Meters expected in GGA message.
10461;GSA;;;;;;;
10462;GSV;;;;;;;
10463;GSV;;;;;;;
10464;;;;;;;;NMEA message parser not found for GRM.
10465;RMC;12/26/2016 10:05:58 PM;49.2132482833333;16.6026926;;;;
10466;;;;;;;;NMEA message parser not found for RMB.
10467;;;;;;;;Failed to parse: GGA.. Meters expected in GGA message.
10468;GSA;;;;;;;
10469;GSV;;;;;;;
10470;GSV;;;;;;;
10471;;;;;;;;NMEA message parser not found for GRM.
10472;RMC;12/26/2016 10:05:59 PM;49.21325695;16.6026875833333;;;;
10473;;;;;;;;NMEA message parser not found for RMB.
10474;;;;;;;;Failed to parse: GGA.. Meters expected in GGA message.
10475;GSA;;;;;;;
10476;GSV;;;;;;;
10477;GSV;;;;;;;
10478;;;;;;;;NMEA message parser not found for GRM.
10479;RMC;12/26/2016 10:06:00 PM;49.2132656;16.6026825666667;;;;
10480;;;;;;;;NMEA message parser not found for RMB.
10481;;;;;;;;Failed to parse: GGA.. Meters expected in GGA message.
10482;GSA;;;;;;;
10483;GSV;;;;;;;
10484;GSV;;;;;;;
10485;;;;;;;;NMEA message parser not found for GRM.
10486;RMC;12/26/2016 10:06:01 PM;49.2132742666667;16.60267755;;;;
10487;;;;;;;;NMEA message parser not found for RMB.
10488;;;;;;;;Failed to parse: GGA.. Meters expected in GGA message.
10489;GSA;;;;;;;
10490;GSV;;;;;;;
10491;GSV;;;;;;;
10492;;;;;;;;NMEA message parser not found for GRM.
10493;RMC;12/26/2016 10:06:02 PM;49.2132829333333;16.6026725166667;;;;
10494;;;;;;;;NMEA message parser not found for RMB.
10495;;;;;;;;Failed to parse: GGA.. Meters expected in GGA message.
10496;GSA;;;;;;;
10497;GSV;;;;;;;
10498;GSV;;;;;;;
10499;;;;;;;;NMEA message parser not found for GRM.
10500;RMC;12/26/2016 10:06:03 PM;49.2132915833333;16.6026675;;;;
10501;;;;;;;;NMEA message parser not found for RMB.
10502;;;;;;;;Failed to parse: GGA.. Meters expected in GGA message.
10503;GSA;;;;;;;
10504;GSV;;;;;;;
10505;GSV;;;;;;;
10506;;;;;;;;NMEA message parser not found for GRM.
10507;RMC;12/26/2016 10:06:04 PM;49.21330025;16.6026624833333;;;;
10508;;;;;;;;NMEA message parser not found for RMB.
10509;;;;;;;;Failed to parse: GGA.. Meters expected in GGA message.
10510;GSA;;;;;;;
10511;GSV;;;;;;;
10512;GSV;;;;;;;
10513;;;;;;;;NMEA message parser not found for GRM.
10514;RMC;12/26/2016 10:06:05 PM;49.2133089;16.6026574666667;;;;
10515;;;;;;;;NMEA message parser not found for RMB.
10516;;;;;;;;Failed to parse: GGA.. Meters expected in GGA message.
10517;GSA;;;;;;;
10518;GSV;;;;;;;
10519;GSV;;;;;;;
10520;;;;;;;;NMEA message parser not found for GRM.
10521;RMC;12/26/2016 10:06:06 PM;49.2133175666667;16.60265245;;;;
10522;;;;;;;;NMEA message parser not found for RMB.
10523;;;;;;;;Failed to parse: GGA.. Meters expected in GGA message.
10524;GSA;;;;;;;
10525;GSV;;;;;;;
10526;GSV;;;;;;;
10527;;;;;;;;NMEA message parser not found for GRM.
10528;RMC;12/26/2016 10:06:07 PM;49.2133262333333;16.6026474333333;;;;
10529;;;;;;;;NMEA message parser not found for RMB.
10530;;;;;;;;Failed to parse: GGA.. Meters expected in GGA message.
10531;GSA;;;;;;;
10532;GSV;;;;;;;
10533;GSV;;;;;;;
10534;;;;;;;;NMEA message parser not found for GRM.
10535;RMC;12/26/2016 10:06:08 PM;49.2133348833333;16.6026424;;;;
10536;;;;;;;;NMEA message parser not found for RMB.
10537;;;;;;;;Failed to parse: GGA.. Meters expected in GGA message.
10538;GSA;;;;;;;
10539;GSV;;;;;;;
10540;GSV;;;;;;;
10541;;;;;;;;NMEA message parser not found for GRM.
10542;RMC;12/26/2016 10:06:09 PM;49.21334355;16.6026373833333;;;;
10543;;;;;;;;NMEA message parser not found for RMB.
10544;;;;;;;;Failed to parse: GGA.. Meters expected in GGA message.
10545;GSA;;;;;;;
10546;GSV;;;;;;;
10547;GSV;;;;;;;
10548;;;;;;;;NMEA message parser not found for GRM.
10549;RMC;12/26/2016 10:06:10 PM;49.2133522166667;16.6026323666667;;;;
10550;;;;;;;;NMEA message parser not found for RMB.
10551;;;;;;;;Failed to parse: GGA.. Meters expected in GGA message.
10552;GSA;;;;;;;
10553;GSV;;;;;;;
10554;GSV;;;;;;;
10555;;;;;;;;NMEA message parser not found for GRM.
10556;RMC;12/26/2016 10:06:11 PM;49.2133608666667;16.60262735;;;;
10557;;;;;;;;NMEA message parser not found for RMB.
10558;;;;;;;;Failed to parse: GGA.. Meters expected in GGA message.
10559;GSA;;;;;;;
10560;GSV;;;;;;;
10561;GSV;;;;;;;
10562;;;;;;;;NMEA message parser not found for GRM.
10563;RMC;12/26/2016 10:06:12 PM;49.2133695333333;16.6026223333333;;;;
10564;;;;;;;;NMEA message parser not found for RMB.
10565;;;;;;;;Failed to parse: GGA.. Meters expected in GGA message.
10566;GSA;;;;;;;
10567;GSV;;;;;;;
10568;GSV;;;;;;;
10569;;;;;;;;NMEA message parser not found for GRM.
10570;RMC;12/26/2016 10:06:13 PM;49.2133781833333;16.6026173166667;;;;
10571;;;;;;;;NMEA message parser not found for RMB.
10572;;;;;;;;Failed to parse: GGA.. Meters expected in GGA message.
10573;GSA;;;;;;;
10574;GSV;;;;;;;
10575;GSV;;;;;;;
10576;;;;;;;;NMEA message parser not found for GRM.
10577;RMC;12/26/2016 10:06:14 PM;49.21338685;16.6026122833333;;;;
10578;;;;;;;;NMEA message parser not found for RMB.
10579;;;;;;;;Failed to parse: GGA.. Meters expected in GGA message.
10580;GSA;;;;;;;
10581;GSV;;;;;;;
10582;GSV;;;;;;;
10583;;;;;;;;NMEA message parser not found for GRM.
10584;RMC;12/26/2016 10:06:15 PM;49.2133955166667;16.6026072666667;;;;
10585;;;;;;;;NMEA message parser not found for RMB.
10586;;;;;;;;Failed to parse: GGA.. Meters expected in GGA message.
10587;GSA;;;;;;;
10588;GSV;;;;;;;
10589;GSV;;;;;;;
10590;;;;;;;;NMEA message parser not found for GRM.
10591;RMC;12/26/2016 10:06:16 PM;49.2134041666667;16.60260225;;;;
10592;;;;;;;;NMEA message parser not found for RMB.
10593;;;;;;;;Failed to parse: GGA.. Meters expected in GGA message.
10594;GSA;;;;;;;
10595;GSV;;;;;;;
10596;GSV;;;;;;;
10597;;;;;;;;NMEA message parser not found for GRM.
10598;RMC;12/26/2016 10:06:17 PM;49.2134128333333;16.6025972333333;;;;
10599;;;;;;;;NMEA message parser not found for RMB.
10600;;;;;;;;Failed to parse: GGA.. Meters expected in GGA message.
10601;GSA;;;;;;;
10602;GSV;;;;;;;
10603;GSV;;;;;;;
10604;;;;;;;;NMEA message parser not found for GRM.
10605;RMC;12/26/2016 10:06:18 PM;49.2134215;16.6025922166667;;;;
10606;;;;;;;;NMEA message parser not found for RMB.
10607;;;;;;;;Failed to parse: GGA.. Meters expected in GGA message.
10608;GSA;;;;;;;
10609;GSV;;;;;;;
10610;GSV;;;;;;;
10611;;;;;;;;NMEA message parser not found for GRM.
10612;RMC;12/26/2016 10:06:19 PM;49.21343015;16.6025872;;;;
10613;;;;;;;;NMEA message parser not found for RMB.
10614;;;;;;;;Failed to parse: GGA.. Meters expected in GGA message.
10615;GSA;;;;;;;
10616;GSV;;;;;;;
10617;GSV;;;;;;;
10618;;;;;;;;NMEA message parser not found for GRM.
10619;RMC;12/26/2016 10:06:20 PM;49.2134388166667;16.6025821666667;;;;
10620;;;;;;;;NMEA message parser not found for RMB.
10621;;;;;;;;Failed to parse: GGA.. Meters expected in GGA message.
10622;GSA;;;;;;;
10623;GSV;;;;;;;
10624;GSV;;;;;;;
10625;;;;;;;;NMEA message parser not found for GRM.
10626;RMC;12/26/2016 10:06:21 PM;49.2134474833333;16.60257715;;;;
10627;;;;;;;;NMEA message parser not found for RMB.
10628;;;;;;;;Failed to parse: GGA.. Meters expected in GGA message.
10629;GSA;;;;;;;
10630;GSV;;;;;;;
10631;GSV;;;;;;;
10632;;;;;;;;NMEA message parser not found for GRM.
10633;RMC;12/26/2016 10:06:22 PM;49.2134561333333;16.6025721333333;;;;
10634;;;;;;;;NMEA message parser not found for RMB.
10635;;;;;;;;Failed to parse: GGA.. Meters expected in GGA message.
10636;GSA;;;;;;;
10637;GSV;;;;;;;
10638;GSV;;;;;;;
10639;;;;;;;;NMEA message parser not found for GRM.
10640;RMC;12/26/2016 10:06:23 PM;49.2134648;16.6025671166667;;;;
10641;;;;;;;;NMEA message parser not found for RMB.
10642;;;;;;;;Failed to parse: GGA.. Meters expected in GGA message.
10643;GSA;;;;;;;
10644;GSV;;;;;;;
10645;GSV;;;;;;;
10646;;;;;;;;NMEA message parser not found for GRM.
10647;RMC;12/26/2016 10:06:24 PM;49.21347345;16.6025621;;;;
10648;;;;;;;;NMEA message parser not found for RMB.
10649;;;;;;;;Failed to parse: GGA.. Meters expected in GGA message.
10650;GSA;;;;;;;
10651;GSV;;;;;;;
10652;GSV;;;;;;;
10653;;;;;;;;NMEA message parser not found for GRM.
10654;RMC;12/26/2016 10:06:25 PM;49.2134821166667;16.6025570833333;;;;
10655;;;;;;;;NMEA message parser not found for RMB.
10656;;;;;;;;Failed to parse: GGA.. Meters expected in GGA message.
10657;GSA;;;;;;;
10658;GSV;;;;;;;
10659;GSV;;;;;;;
10660;;;;;;;;NMEA message parser not found for GRM.
10661;RMC;12/26/2016 10:06:26 PM;49.2134907833333;16.60255205;;;;
10662;;;;;;;;NMEA message parser not found for RMB.
10663;;;;;;;;Failed to parse: GGA.. Meters expected in GGA message.
10664;GSA;;;;;;;
10665;GSV;;;;;;;
10666;GSV;;;;;;;
10667;;;;;;;;NMEA message parser not found for GRM.
10668;RMC;12/26/2016 10:06:27 PM;49.2134994333333;16.6025470333333;;;;
10669;;;;;;;;NMEA message parser not found for RMB.
10670;;;;;;;;Failed to parse: GGA.. Meters expected in GGA message.
10671;GSA;;;;;;;
10672;GSV;;;;;;;
10673;GSV;;;;;;;
10674;;;;;;;;NMEA message parser not found for GRM.
10675;RMC;12/26/2016 10:06:28 PM;49.2135081;16.6025420166667;;;;
10676;;;;;;;;NMEA message parser not found for RMB.
10677;;;;;;;;Failed to parse: GGA.. Meters expected in GGA message.
10678;GSA;;;;;;;
10679;GSV;;;;;;;
10680;GSV;;;;;;;
10681;;;;;;;;NMEA message parser not found for GRM.
10682;RMC;12/26/2016 10:06:29 PM;49.2135167666667;16.602537;;;;
10683;;;;;;;;NMEA message parser not found for RMB.
10684;;;;;;;;Failed to parse: GGA.. Meters expected in GGA message.
10685;GSA;;;;;;;
10686;GSV;;;;;;;
10687;GSV;;;;;;;
10688;;;;;;;;NMEA message parser not found for GRM.
10689;RMC;12/26/2016 10:06:30 PM;49.2135254166667;16.6025319833333;;;;
10690;;;;;;;;NMEA message parser not found for RMB.
10691;;;;;;;;Failed to parse: GGA.. Meters expected in GGA message.
10692;GSA;;;;;;;
10693;GSV;;;;;;;
10694;GSV;;;;;;;
10695;;;;;;;;NMEA message parser not found for GRM.
10696;RMC;12/26/2016 10:06:31 PM;49.2135340833333;16.6025269666667;;;;
10697;;;;;;;;NMEA message parser not found for RMB.
10698;;;;;;;;Failed to parse: GGA.. Meters expected in GGA message.
10699;GSA;;;;;;;
10700;GSV;;;;;;;
10701;GSV;;;;;;;
10702;;;;;;;;NMEA message parser not found for GRM.
10703;RMC;12/26/2016 10:06:32 PM;49.21354275;16.6025219333333;;;;
10704;;;;;;;;NMEA message parser not found for RMB.
10705;;;;;;;;Failed to parse: GGA.. Meters expected in GGA message.
10706;GSA;;;;;;;
10707;GSV;;;;;;;
10708;GSV;;;;;;;
10709;;;;;;;;NMEA message parser not found for GRM.
10710;RMC;12/26/2016 10:06:33 PM;49.2135514;16.6025169166667;;;;
10711;;;;;;;;NMEA message parser not found for RMB.
10712;;;;;;;;Failed to parse: GGA.. Meters expected in GGA message.
10713;GSA;;;;;;;
10714;GSV;;;;;;;
10715;GSV;;;;;;;
10716;;;;;;;;NMEA message parser not found for GRM.
10717;RMC;12/26/2016 10:06:34 PM;49.2135600666667;16.6025119;;;;
10718;;;;;;;;NMEA message parser not found for RMB.
10719;;;;;;;;Failed to parse: GGA.. Meters expected in GGA message.
10720;GSA;;;;;;;
10721;GSV;;;;;;;
10722;GSV;;;;;;;
10723;;;;;;;;NMEA message parser not found for GRM.
10724;RMC;12/26/2016 10:06:35 PM;49.2135687166667;16.6025068833333;;;;
10725;;;;;;;;NMEA message parser not found for RMB.
10726;;;;;;;;Failed to parse: GGA.. Meters expected in GGA message.
10727;GSA;;;;;;;
10728;GSV;;;;;;;
10729;GSV;;;;;;;
10730;;;;;;;;NMEA message parser not found for GRM.
10731;RMC;12/26/2016 10:06:36 PM;49.2135773833333;16.6025018666667;;;;
10732;;;;;;;;NMEA message parser not found for RMB.
10733;;;;;;;;Failed to parse: GGA.. Meters expected in GGA message.
10734;GSA;;;;;;;
10735;GSV;;;;;;;
10736;GSV;;;;;;;
10737;;;;;;;;NMEA message parser not found for GRM.
10738;RMC;12/26/2016 10:06:37 PM;49.21358605;16.60249685;;;;
10739;;;;;;;;NMEA message parser not found for RMB.
10740;;;;;;;;Failed to parse: GGA.. Meters expected in GGA message.
10741;GSA;;;;;;;
10742;GSV;;;;;;;
10743;GSV;;;;;;;
10744;;;;;;;;NMEA message parser not found for GRM.
10745;RMC;12/26/2016 10:06:38 PM;49.2135947;16.6024918166667;;;;
10746;;;;;;;;NMEA message parser not found for RMB.
10747;;;;;;;;Failed to parse: GGA.. Meters expected in GGA message.
10748;GSA;;;;;;;
10749;GSV;;;;;;;
10750;GSV;;;;;;;
10751;;;;;;;;NMEA message parser not found for GRM.
10752;RMC;12/26/2016 10:06:39 PM;49.2136033666667;16.6024868;;;;
10753;;;;;;;;NMEA message parser not found for RMB.
10754;;;;;;;;Failed to parse: GGA.. Meters expected in GGA message.
10755;GSA;;;;;;;
10756;GSV;;;;;;;
10757;GSV;;;;;;;
10758;;;;;;;;NMEA message parser not found for GRM.
10759;RMC;12/26/2016 10:06:40 PM;49.2136120333333;16.6024817833333;;;;
10760;;;;;;;;NMEA message parser not found for RMB.
10761;;;;;;;;Failed to parse: GGA.. Meters expected in GGA message.
10762;GSA;;;;;;;
10763;GSV;;;;;;;
10764;GSV;;;;;;;
10765;;;;;;;;NMEA message parser not found for GRM.
10766;RMC;12/26/2016 10:06:41 PM;49.2136206833333;16.6024767666667;;;;
10767;;;;;;;;NMEA message parser not found for RMB.
10768;;;;;;;;Failed to parse: GGA.. Meters expected in GGA message.
10769;GSA;;;;;;;
10770;GSV;;;;;;;
10771;GSV;;;;;;;
10772;;;;;;;;NMEA message parser not found for GRM.
10773;RMC;12/26/2016 10:06:42 PM;49.21362935;16.60247175;;;;
10774;;;;;;;;NMEA message parser not found for RMB.
10775;;;;;;;;Failed to parse: GGA.. Meters expected in GGA message.
10776;GSA;;;;;;;
10777;GSV;;;;;;;
10778;GSV;;;;;;;
10779;;;;;;;;NMEA message parser not found for GRM.
10780;RMC;12/26/2016 10:06:43 PM;49.213638;16.6024667333333;;;;
10781;;;;;;;;NMEA message parser not found for RMB.
10782;;;;;;;;Failed to parse: GGA.. Meters expected in GGA message.
10783;GSA;;;;;;;
10784;GSV;;;;;;;
10785;GSV;;;;;;;
10786;;;;;;;;NMEA message parser not found for GRM.
10787;RMC;12/26/2016 10:06:44 PM;49.2136466666667;16.6024617;;;;
10788;;;;;;;;NMEA message parser not found for RMB.
10789;;;;;;;;Failed to parse: GGA.. Meters expected in GGA message.
10790;GSA;;;;;;;
10791;GSV;;;;;;;
10792;GSV;;;;;;;
10793;;;;;;;;NMEA message parser not found for GRM.
10794;RMC;12/26/2016 10:06:45 PM;49.2136553333333;16.6024566833333;;;;
10795;;;;;;;;NMEA message parser not found for RMB.
10796;;;;;;;;Failed to parse: GGA.. Meters expected in GGA message.
10797;GSA;;;;;;;
10798;GSV;;;;;;;
10799;GSV;;;;;;;
10800;;;;;;;;NMEA message parser not found for GRM.
10801;RMC;12/26/2016 10:06:46 PM;49.2136639833333;16.6024516666667;;;;
10802;;;;;;;;NMEA message parser not found for RMB.
10803;;;;;;;;Failed to parse: GGA.. Meters expected in GGA message.
10804;GSA;;;;;;;
10805;GSV;;;;;;;
10806;GSV;;;;;;;
10807;;;;;;;;NMEA message parser not found for GRM.
10808;RMC;12/26/2016 10:06:47 PM;49.21367265;16.60244665;;;;
10809;;;;;;;;NMEA message parser not found for RMB.
10810;;;;;;;;Failed to parse: GGA.. Meters expected in GGA message.
10811;GSA;;;;;;;
10812;GSV;;;;;;;
10813;GSV;;;;;;;
10814;;;;;;;;NMEA message parser not found for GRM.
10815;RMC;12/26/2016 10:06:48 PM;49.2136813166667;16.6024416333333;;;;
10816;;;;;;;;NMEA message parser not found for RMB.
10817;;;;;;;;Failed to parse: GGA.. Meters expected in GGA message.
10818;GSA;;;;;;;
10819;GSV;;;;;;;
10820;GSV;;;;;;;
10821;;;;;;;;NMEA message parser not found for GRM.
10822;RMC;12/26/2016 10:06:49 PM;49.2136899666667;16.6024366;;;;
10823;;;;;;;;NMEA message parser not found for RMB.
10824;;;;;;;;Failed to parse: GGA.. Meters expected in GGA message.
10825;GSA;;;;;;;
10826;GSV;;;;;;;
10827;GSV;;;;;;;
10828;;;;;;;;NMEA message parser not found for GRM.
10829;RMC;12/26/2016 10:06:50 PM;49.2136986333333;16.6024315833333;;;;
10830;;;;;;;;NMEA message parser not found for RMB.
10831;;;;;;;;Failed to parse: GGA.. Meters expected in GGA message.
10832;GSA;;;;;;;
10833;GSV;;;;;;;
10834;GSV;;;;;;;
10835;;;;;;;;NMEA message parser not found for GRM.
10836;RMC;12/26/2016 10:06:51 PM;49.2137073;16.6024265666667;;;;
10837;;;;;;;;NMEA message parser not found for RMB.
10838;;;;;;;;Failed to parse: GGA.. Meters expected in GGA message.
10839;GSA;;;;;;;
10840;GSV;;;;;;;
10841;GSV;;;;;;;
10842;;;;;;;;NMEA message parser not found for GRM.
10843;RMC;12/26/2016 10:06:52 PM;49.21371595;16.60242155;;;;
10844;;;;;;;;NMEA message parser not found for RMB.
10845;;;;;;;;Failed to parse: GGA.. Meters expected in GGA message.
10846;GSA;;;;;;;
10847;GSV;;;;;;;
10848;GSV;;;;;;;
10849;;;;;;;;NMEA message parser not found for GRM.
10850;RMC;12/26/2016 10:06:53 PM;49.2137246166667;16.6024165333333;;;;
10851;;;;;;;;NMEA message parser not found for RMB.
10852;;;;;;;;Failed to parse: GGA.. Meters expected in GGA message.
10853;GSA;;;;;;;
10854;GSV;;;;;;;
10855;GSV;;;;;;;
10856;;;;;;;;NMEA message parser not found for GRM.
10857;RMC;12/26/2016 10:06:54 PM;49.2137332666667;16.6024115166667;;;;
10858;;;;;;;;NMEA message parser not found for RMB.
10859;;;;;;;;Failed to parse: GGA.. Meters expected in GGA message.
10860;GSA;;;;;;;
10861;GSV;;;;;;;
10862;GSV;;;;;;;
10863;;;;;;;;NMEA message parser not found for GRM.
10864;RMC;12/26/2016 10:06:55 PM;49.2137419333333;16.6024064833333;;;;
10865;;;;;;;;NMEA message parser not found for RMB.
10866;;;;;;;;Failed to parse: GGA.. Meters expected in GGA message.
10867;GSA;;;;;;;
10868;GSV;;;;;;;
10869;GSV;;;;;;;
10870;;;;;;;;NMEA message parser not found for GRM.
10871;RMC;12/26/2016 10:06:56 PM;49.2137506;16.6024014666667;;;;
10872;;;;;;;;NMEA message parser not found for RMB.
10873;;;;;;;;Failed to parse: GGA.. Meters expected in GGA message.
10874;GSA;;;;;;;
10875;GSV;;;;;;;
10876;GSV;;;;;;;
10877;;;;;;;;NMEA message parser not found for GRM.
10878;RMC;12/26/2016 10:06:57 PM;49.21375925;16.60239645;;;;
10879;;;;;;;;NMEA message parser not found for RMB.
10880;;;;;;;;Failed to parse: GGA.. Meters expected in GGA message.
10881;GSA;;;;;;;
10882;GSV;;;;;;;
10883;GSV;;;;;;;
10884;;;;;;;;NMEA message parser not found for GRM.
10885;RMC;12/26/2016 10:06:58 PM;49.2137679166667;16.6023914333333;;;;
10886;;;;;;;;NMEA message parser not found for RMB.
10887;;;;;;;;Failed to parse: GGA.. Meters expected in GGA message.
10888;GSA;;;;;;;
10889;GSV;;;;;;;
10890;GSV;;;;;;;
10891;;;;;;;;NMEA message parser not found for GRM.
10892;RMC;12/26/2016 10:06:59 PM;49.2137765833333;16.6023864166667;;;;
10893;;;;;;;;NMEA message parser not found for RMB.
10894;;;;;;;;Failed to parse: GGA.. Meters expected in GGA message.
10895;GSA;;;;;;;
10896;GSV;;;;;;;
10897;GSV;;;;;;;
10898;;;;;;;;NMEA message parser not found for GRM.
10899;RMC;12/26/2016 10:07:00 PM;49.2137852333333;16.6023814;;;;
10900;;;;;;;;NMEA message parser not found for RMB.
10901;;;;;;;;Failed to parse: GGA.. Meters expected in GGA message.
10902;GSA;;;;;;;
10903;GSV;;;;;;;
10904;GSV;;;;;;;
10905;;;;;;;;NMEA message parser not found for GRM.
10906;RMC;12/26/2016 10:07:01 PM;49.2137939;16.6023763666667;;;;
10907;;;;;;;;NMEA message parser not found for RMB.
10908;;;;;;;;Failed to parse: GGA.. Meters expected in GGA message.
10909;GSA;;;;;;;
10910;GSV;;;;;;;
10911;GSV;;;;;;;
10912;;;;;;;;NMEA message parser not found for GRM.
10913;RMC;12/26/2016 10:07:02 PM;49.2138025666667;16.60237135;;;;
10914;;;;;;;;NMEA message parser not found for RMB.
10915;;;;;;;;Failed to parse: GGA.. Meters expected in GGA message.
10916;GSA;;;;;;;
10917;GSV;;;;;;;
10918;GSV;;;;;;;
10919;;;;;;;;NMEA message parser not found for GRM.
10920;RMC;12/26/2016 10:07:03 PM;49.2138112166667;16.6023663333333;;;;
10921;;;;;;;;NMEA message parser not found for RMB.
10922;;;;;;;;Failed to parse: GGA.. Meters expected in GGA message.
10923;GSA;;;;;;;
10924;GSV;;;;;;;
10925;GSV;;;;;;;
10926;;;;;;;;NMEA message parser not found for GRM.
10927;RMC;12/26/2016 10:07:04 PM;49.2138198833333;16.6023613166667;;;;
10928;;;;;;;;NMEA message parser not found for RMB.
10929;;;;;;;;Failed to parse: GGA.. Meters expected in GGA message.
10930;GSA;;;;;;;
10931;GSV;;;;;;;
10932;GSV;;;;;;;
10933;;;;;;;;NMEA message parser not found for GRM.
10934;RMC;12/26/2016 10:07:05 PM;49.2138285333333;16.6023563;;;;
10935;;;;;;;;NMEA message parser not found for RMB.
10936;;;;;;;;Failed to parse: GGA.. Meters expected in GGA message.
10937;GSA;;;;;;;
10938;GSV;;;;;;;
10939;GSV;;;;;;;
10940;;;;;;;;NMEA message parser not found for GRM.
10941;RMC;12/26/2016 10:07:06 PM;49.2138372;16.6023512833333;;;;
10942;;;;;;;;NMEA message parser not found for RMB.
10943;;;;;;;;Failed to parse: GGA.. Meters expected in GGA message.
10944;GSA;;;;;;;
10945;GSV;;;;;;;
10946;GSV;;;;;;;
10947;;;;;;;;NMEA message parser not found for GRM.
10948;RMC;12/26/2016 10:07:07 PM;49.2138458666667;16.60234625;;;;
10949;;;;;;;;NMEA message parser not found for RMB.
10950;;;;;;;;Failed to parse: GGA.. Meters expected in GGA message.
10951;GSA;;;;;;;
10952;GSV;;;;;;;
10953;GSV;;;;;;;
10954;;;;;;;;NMEA message parser not found for GRM.
10955;RMC;12/26/2016 10:07:08 PM;49.2138545166667;16.6023412333333;;;;
10956;;;;;;;;NMEA message parser not found for RMB.
10957;;;;;;;;Failed to parse: GGA.. Meters expected in GGA message.
10958;GSA;;;;;;;
10959;GSV;;;;;;;
10960;GSV;;;;;;;
10961;;;;;;;;NMEA message parser not found for GRM.
10962;RMC;12/26/2016 10:07:09 PM;49.2138631833333;16.6023362166667;;;;
10963;;;;;;;;NMEA message parser not found for RMB.
10964;;;;;;;;Failed to parse: GGA.. Meters expected in GGA message.
10965;GSA;;;;;;;
10966;GSV;;;;;;;
10967;GSV;;;;;;;
10968;;;;;;;;NMEA message parser not found for GRM.
10969;RMC;12/26/2016 10:07:10 PM;49.21387185;16.6023312;;;;
10970;;;;;;;;NMEA message parser not found for RMB.
10971;;;;;;;;Failed to parse: GGA.. Meters expected in GGA message.
10972;GSA;;;;;;;
10973;GSV;;;;;;;
10974;GSV;;;;;;;
10975;;;;;;;;NMEA message parser not found for GRM.
10976;RMC;12/26/2016 10:07:11 PM;49.2138805;16.6023261833333;;;;
10977;;;;;;;;NMEA message parser not found for RMB.
10978;;;;;;;;Failed to parse: GGA.. Meters expected in GGA message.
10979;GSA;;;;;;;
10980;GSV;;;;;;;
10981;GSV;;;;;;;
10982;;;;;;;;NMEA message parser not found for GRM.
10983;RMC;12/26/2016 10:07:12 PM;49.2138891666667;16.6023211666667;;;;
10984;;;;;;;;NMEA message parser not found for RMB.
10985;;;;;;;;Failed to parse: GGA.. Meters expected in GGA message.
10986;GSA;;;;;;;
10987;GSV;;;;;;;
10988;GSV;;;;;;;
10989;;;;;;;;NMEA message parser not found for GRM.
10990;RMC;12/26/2016 10:07:13 PM;49.2138978166667;16.6023161333333;;;;
10991;;;;;;;;NMEA message parser not found for RMB.
10992;;;;;;;;Failed to parse: GGA.. Meters expected in GGA message.
10993;GSA;;;;;;;
10994;GSV;;;;;;;
10995;GSV;;;;;;;
10996;;;;;;;;NMEA message parser not found for GRM.
10997;RMC;12/26/2016 10:07:14 PM;49.2139064833333;16.6023111166667;;;;
10998;;;;;;;;NMEA message parser not found for RMB.
10999;;;;;;;;Failed to parse: GGA.. Meters expected in GGA message.
11000;GSA;;;;;;;
11001;GSV;;;;;;;
11002;GSV;;;;;;;
11003;;;;;;;;NMEA message parser not found for GRM.
11004;RMC;12/26/2016 10:07:15 PM;49.21391515;16.6023061;;;;
11005;;;;;;;;NMEA message parser not found for RMB.
11006;;;;;;;;Failed to parse: GGA.. Meters expected in GGA message.
11007;GSA;;;;;;;
11008;GSV;;;;;;;
11009;GSV;;;;;;;
11010;;;;;;;;NMEA message parser not found for GRM.
11011;RMC;12/26/2016 10:07:16 PM;49.2139238;16.6023010833333;;;;
11012;;;;;;;;NMEA message parser not found for RMB.
11013;;;;;;;;Failed to parse: GGA.. Meters expected in GGA message.
11014;GSA;;;;;;;
11015;GSV;;;;;;;
11016;GSV;;;;;;;
11017;;;;;;;;NMEA message parser not found for GRM.
11018;RMC;12/26/2016 10:07:17 PM;49.2139324666667;16.6022960666667;;;;
11019;;;;;;;;NMEA message parser not found for RMB.
11020;;;;;;;;Failed to parse: GGA.. Meters expected in GGA message.
11021;GSA;;;;;;;
11022;GSV;;;;;;;
11023;GSV;;;;;;;
11024;;;;;;;;NMEA message parser not found for GRM.
11025;RMC;12/26/2016 10:07:18 PM;49.2139411333333;16.60229105;;;;
11026;;;;;;;;NMEA message parser not found for RMB.
11027;;;;;;;;Failed to parse: GGA.. Meters expected in GGA message.
11028;GSA;;;;;;;
11029;GSV;;;;;;;
11030;GSV;;;;;;;
11031;;;;;;;;NMEA message parser not found for GRM.
11032;RMC;12/26/2016 10:07:19 PM;49.2139497833333;16.6022860166667;;;;
11033;;;;;;;;NMEA message parser not found for RMB.
11034;;;;;;;;Failed to parse: GGA.. Meters expected in GGA message.
11035;GSA;;;;;;;
11036;GSV;;;;;;;
11037;GSV;;;;;;;
11038;;;;;;;;NMEA message parser not found for GRM.
11039;RMC;12/26/2016 10:07:20 PM;49.21395845;16.602281;;;;
11040;;;;;;;;NMEA message parser not found for RMB.
11041;;;;;;;;Failed to parse: GGA.. Meters expected in GGA message.
11042;GSA;;;;;;;
11043;GSV;;;;;;;
11044;GSV;;;;;;;
11045;;;;;;;;NMEA message parser not found for GRM.
11046;RMC;12/26/2016 10:07:21 PM;49.2139671166667;16.6022759833333;;;;
11047;;;;;;;;NMEA message parser not found for RMB.
11048;;;;;;;;Failed to parse: GGA.. Meters expected in GGA message.
11049;GSA;;;;;;;
11050;GSV;;;;;;;
11051;GSV;;;;;;;
11052;;;;;;;;NMEA message parser not found for GRM.
11053;RMC;12/26/2016 10:07:22 PM;49.2139757666667;16.6022709666667;;;;
11054;;;;;;;;NMEA message parser not found for RMB.
11055;;;;;;;;Failed to parse: GGA.. Meters expected in GGA message.
11056;GSA;;;;;;;
11057;GSV;;;;;;;
11058;GSV;;;;;;;
11059;;;;;;;;NMEA message parser not found for GRM.
11060;RMC;12/26/2016 10:07:23 PM;49.2139844333333;16.60226595;;;;
11061;;;;;;;;NMEA message parser not found for RMB.
11062;;;;;;;;Failed to parse: GGA.. Meters expected in GGA message.
11063;GSA;;;;;;;
11064;GSV;;;;;;;
11065;GSV;;;;;;;
11066;;;;;;;;NMEA message parser not found for GRM.
11067;RMC;12/26/2016 10:07:24 PM;49.2139930833333;16.6022609333333;;;;
11068;;;;;;;;NMEA message parser not found for RMB.
11069;;;;;;;;Failed to parse: GGA.. Meters expected in GGA message.
11070;GSA;;;;;;;
11071;GSV;;;;;;;
11072;GSV;;;;;;;
11073;;;;;;;;NMEA message parser not found for GRM.
11074;RMC;12/26/2016 10:07:25 PM;49.21400175;16.6022559;;;;
11075;;;;;;;;NMEA message parser not found for RMB.
11076;;;;;;;;Failed to parse: GGA.. Meters expected in GGA message.
11077;GSA;;;;;;;
11078;GSV;;;;;;;
11079;GSV;;;;;;;
11080;;;;;;;;NMEA message parser not found for GRM.
11081;RMC;12/26/2016 10:07:26 PM;49.2140104166667;16.6022508833333;;;;
11082;;;;;;;;NMEA message parser not found for RMB.
11083;;;;;;;;Failed to parse: GGA.. Meters expected in GGA message.
11084;GSA;;;;;;;
11085;GSV;;;;;;;
11086;GSV;;;;;;;
11087;;;;;;;;NMEA message parser not found for GRM.
11088;RMC;12/26/2016 10:07:27 PM;49.2140190666667;16.6022458666667;;;;
11089;;;;;;;;NMEA message parser not found for RMB.
11090;;;;;;;;Failed to parse: GGA.. Meters expected in GGA message.
11091;GSA;;;;;;;
11092;GSV;;;;;;;
11093;GSV;;;;;;;
11094;;;;;;;;NMEA message parser not found for GRM.
11095;RMC;12/26/2016 10:07:28 PM;49.2140277333333;16.60224085;;;;
11096;;;;;;;;NMEA message parser not found for RMB.
11097;;;;;;;;Failed to parse: GGA.. Meters expected in GGA message.
11098;GSA;;;;;;;
11099;GSV;;;;;;;
11100;GSV;;;;;;;
11101;;;;;;;;NMEA message parser not found for GRM.
11102;RMC;12/26/2016 10:07:29 PM;49.2140364;16.6022358333333;;;;
11103;;;;;;;;NMEA message parser not found for RMB.
11104;;;;;;;;Failed to parse: GGA.. Meters expected in GGA message.
11105;GSA;;;;;;;
11106;GSV;;;;;;;
11107;GSV;;;;;;;
11108;;;;;;;;NMEA message parser not found for GRM.
11109;RMC;12/26/2016 10:07:30 PM;49.2140452;16.6022311;;;;
11110;;;;;;;;NMEA message parser not found for RMB.
11111;;;;;;;;Failed to parse: GGA.. Meters expected in GGA message.
11112;GSA;;;;;;;
11113;GSV;;;;;;;
11114;GSV;;;;;;;
11115;;;;;;;;NMEA message parser not found for GRM.
11116;RMC;12/26/2016 10:07:31 PM;49.2140544666667;16.6022273333333;;;;
11117;;;;;;;;NMEA message parser not found for RMB.
11118;;;;;;;;Failed to parse: GGA.. Meters expected in GGA message.
11119;GSA;;;;;;;
11120;GSV;;;;;;;
11121;GSV;;;;;;;
11122;;;;;;;;NMEA message parser not found for GRM.
11123;RMC;12/26/2016 10:07:32 PM;49.21406375;16.6022235666667;;;;
11124;;;;;;;;NMEA message parser not found for RMB.
11125;;;;;;;;Failed to parse: GGA.. Meters expected in GGA message.
11126;GSA;;;;;;;
11127;GSV;;;;;;;
11128;GSV;;;;;;;
11129;;;;;;;;NMEA message parser not found for GRM.
11130;RMC;12/26/2016 10:07:33 PM;49.2140730166667;16.6022198;;;;
11131;;;;;;;;NMEA message parser not found for RMB.
11132;;;;;;;;Failed to parse: GGA.. Meters expected in GGA message.
11133;GSA;;;;;;;
11134;GSV;;;;;;;
11135;GSV;;;;;;;
11136;;;;;;;;NMEA message parser not found for GRM.
11137;RMC;12/26/2016 10:07:34 PM;49.2140823;16.6022160333333;;;;
11138;;;;;;;;NMEA message parser not found for RMB.
11139;;;;;;;;Failed to parse: GGA.. Meters expected in GGA message.
11140;GSA;;;;;;;
11141;GSV;;;;;;;
11142;GSV;;;;;;;
11143;;;;;;;;NMEA message parser not found for GRM.
11144;RMC;12/26/2016 10:07:35 PM;49.2140915666667;16.6022122666667;;;;
11145;;;;;;;;NMEA message parser not found for RMB.
11146;;;;;;;;Failed to parse: GGA.. Meters expected in GGA message.
11147;GSA;;;;;;;
11148;GSV;;;;;;;
11149;GSV;;;;;;;
11150;;;;;;;;NMEA message parser not found for GRM.
11151;RMC;12/26/2016 10:07:36 PM;49.21410085;16.6022085;;;;
11152;;;;;;;;NMEA message parser not found for RMB.
11153;;;;;;;;Failed to parse: GGA.. Meters expected in GGA message.
11154;GSA;;;;;;;
11155;GSV;;;;;;;
11156;GSV;;;;;;;
11157;;;;;;;;NMEA message parser not found for GRM.
11158;RMC;12/26/2016 10:07:37 PM;49.2141101166667;16.6022047333333;;;;
11159;;;;;;;;NMEA message parser not found for RMB.
11160;;;;;;;;Failed to parse: GGA.. Meters expected in GGA message.
11161;GSA;;;;;;;
11162;GSV;;;;;;;
11163;GSV;;;;;;;
11164;;;;;;;;NMEA message parser not found for GRM.
11165;RMC;12/26/2016 10:07:38 PM;49.2141194;16.6022009833333;;;;
11166;;;;;;;;NMEA message parser not found for RMB.
11167;;;;;;;;Failed to parse: GGA.. Meters expected in GGA message.
11168;GSA;;;;;;;
11169;GSV;;;;;;;
11170;GSV;;;;;;;
11171;;;;;;;;NMEA message parser not found for GRM.
11172;RMC;12/26/2016 10:07:39 PM;49.2141286666667;16.6021972166667;;;;
11173;;;;;;;;NMEA message parser not found for RMB.
11174;;;;;;;;Failed to parse: GGA.. Meters expected in GGA message.
11175;GSA;;;;;;;
11176;GSV;;;;;;;
11177;GSV;;;;;;;
11178;;;;;;;;NMEA message parser not found for GRM.
11179;RMC;12/26/2016 10:07:40 PM;49.21413795;16.60219345;;;;
11180;;;;;;;;NMEA message parser not found for RMB.
11181;;;;;;;;Failed to parse: GGA.. Meters expected in GGA message.
11182;GSA;;;;;;;
11183;GSV;;;;;;;
11184;GSV;;;;;;;
11185;;;;;;;;NMEA message parser not found for GRM.
11186;RMC;12/26/2016 10:07:41 PM;49.2141472166667;16.6021896833333;;;;
11187;;;;;;;;NMEA message parser not found for RMB.
11188;;;;;;;;Failed to parse: GGA.. Meters expected in GGA message.
11189;GSA;;;;;;;
11190;GSV;;;;;;;
11191;GSV;;;;;;;
11192;;;;;;;;NMEA message parser not found for GRM.
11193;RMC;12/26/2016 10:07:42 PM;49.2141565;16.6021859166667;;;;
11194;;;;;;;;NMEA message parser not found for RMB.
11195;;;;;;;;Failed to parse: GGA.. Meters expected in GGA message.
11196;GSA;;;;;;;
11197;GSV;;;;;;;
11198;GSV;;;;;;;
11199;;;;;;;;NMEA message parser not found for GRM.
11200;RMC;12/26/2016 10:07:43 PM;49.2141657666667;16.60218215;;;;
11201;;;;;;;;NMEA message parser not found for RMB.
11202;;;;;;;;Failed to parse: GGA.. Meters expected in GGA message.
11203;GSA;;;;;;;
11204;GSV;;;;;;;
11205;GSV;;;;;;;
11206;;;;;;;;NMEA message parser not found for GRM.
11207;RMC;12/26/2016 10:07:44 PM;49.2141750333333;16.6021783833333;;;;
11208;;;;;;;;NMEA message parser not found for RMB.
11209;;;;;;;;Failed to parse: GGA.. Meters expected in GGA message.
11210;GSA;;;;;;;
11211;GSV;;;;;;;
11212;GSV;;;;;;;
11213;;;;;;;;NMEA message parser not found for GRM.
11214;RMC;12/26/2016 10:07:45 PM;49.2141843166667;16.6021746166667;;;;
11215;;;;;;;;NMEA message parser not found for RMB.
11216;;;;;;;;Failed to parse: GGA.. Meters expected in GGA message.
11217;GSA;;;;;;;
11218;GSV;;;;;;;
11219;GSV;;;;;;;
11220;;;;;;;;NMEA message parser not found for GRM.
11221;RMC;12/26/2016 10:07:46 PM;49.2141935833333;16.60217085;;;;
11222;;;;;;;;NMEA message parser not found for RMB.
11223;;;;;;;;Failed to parse: GGA.. Meters expected in GGA message.
11224;GSA;;;;;;;
11225;GSV;;;;;;;
11226;GSV;;;;;;;
11227;;;;;;;;NMEA message parser not found for GRM.
11228;RMC;12/26/2016 10:07:47 PM;49.2142028666667;16.6021670833333;;;;
11229;;;;;;;;NMEA message parser not found for RMB.
11230;;;;;;;;Failed to parse: GGA.. Meters expected in GGA message.
11231;GSA;;;;;;;
11232;GSV;;;;;;;
11233;GSV;;;;;;;
11234;;;;;;;;NMEA message parser not found for GRM.
11235;RMC;12/26/2016 10:07:48 PM;49.2142121333333;16.6021633166667;;;;
11236;;;;;;;;NMEA message parser not found for RMB.
11237;;;;;;;;Failed to parse: GGA.. Meters expected in GGA message.
11238;GSA;;;;;;;
11239;GSV;;;;;;;
11240;GSV;;;;;;;
11241;;;;;;;;NMEA message parser not found for GRM.
11242;RMC;12/26/2016 10:07:49 PM;49.2142214166667;16.60215955;;;;
11243;;;;;;;;NMEA message parser not found for RMB.
11244;;;;;;;;Failed to parse: GGA.. Meters expected in GGA message.
11245;GSA;;;;;;;
11246;GSV;;;;;;;
11247;GSV;;;;;;;
11248;;;;;;;;NMEA message parser not found for GRM.
11249;RMC;12/26/2016 10:07:50 PM;49.2142306833333;16.6021557833333;;;;
11250;;;;;;;;NMEA message parser not found for RMB.
11251;;;;;;;;Failed to parse: GGA.. Meters expected in GGA message.
11252;GSA;;;;;;;
11253;GSV;;;;;;;
11254;GSV;;;;;;;
11255;;;;;;;;NMEA message parser not found for GRM.
11256;RMC;12/26/2016 10:07:51 PM;49.2142399666667;16.6021520166667;;;;
11257;;;;;;;;NMEA message parser not found for RMB.
11258;;;;;;;;Failed to parse: GGA.. Meters expected in GGA message.
11259;GSA;;;;;;;
11260;GSV;;;;;;;
11261;GSV;;;;;;;
11262;;;;;;;;NMEA message parser not found for GRM.
11263;RMC;12/26/2016 10:07:52 PM;49.2142492333333;16.60214825;;;;
11264;;;;;;;;NMEA message parser not found for RMB.
11265;;;;;;;;Failed to parse: GGA.. Meters expected in GGA message.
11266;GSA;;;;;;;
11267;GSV;;;;;;;
11268;GSV;;;;;;;
11269;;;;;;;;NMEA message parser not found for GRM.
11270;RMC;12/26/2016 10:07:53 PM;49.2142585166667;16.6021444833333;;;;
11271;;;;;;;;NMEA message parser not found for RMB.
11272;;;;;;;;Failed to parse: GGA.. Meters expected in GGA message.
11273;GSA;;;;;;;
11274;GSV;;;;;;;
11275;GSV;;;;;;;
11276;;;;;;;;NMEA message parser not found for GRM.
11277;RMC;12/26/2016 10:07:54 PM;49.2142677833333;16.6021407166667;;;;
11278;;;;;;;;NMEA message parser not found for RMB.
11279;;;;;;;;Failed to parse: GGA.. Meters expected in GGA message.
11280;GSA;;;;;;;
11281;GSV;;;;;;;
11282;GSV;;;;;;;
11283;;;;;;;;NMEA message parser not found for GRM.
11284;RMC;12/26/2016 10:07:55 PM;49.2142770666667;16.60213695;;;;
11285;;;;;;;;NMEA message parser not found for RMB.
11286;;;;;;;;Failed to parse: GGA.. Meters expected in GGA message.
11287;GSA;;;;;;;
11288;GSV;;;;;;;
11289;GSV;;;;;;;
11290;;;;;;;;NMEA message parser not found for GRM.
11291;RMC;12/26/2016 10:07:56 PM;49.2142863333333;16.6021331833333;;;;
11292;;;;;;;;NMEA message parser not found for RMB.
11293;;;;;;;;Failed to parse: GGA.. Meters expected in GGA message.
11294;GSA;;;;;;;
11295;GSV;;;;;;;
11296;GSV;;;;;;;
11297;;;;;;;;NMEA message parser not found for GRM.
11298;RMC;12/26/2016 10:07:57 PM;49.2142956;16.6021294166667;;;;
11299;;;;;;;;NMEA message parser not found for RMB.
11300;;;;;;;;Failed to parse: GGA.. Meters expected in GGA message.
11301;GSA;;;;;;;
11302;GSV;;;;;;;
11303;GSV;;;;;;;
11304;;;;;;;;NMEA message parser not found for GRM.
11305;RMC;12/26/2016 10:07:58 PM;49.2143048833333;16.60212565;;;;
11306;;;;;;;;NMEA message parser not found for RMB.
11307;;;;;;;;Failed to parse: GGA.. Meters expected in GGA message.
11308;GSA;;;;;;;
11309;GSV;;;;;;;
11310;GSV;;;;;;;
11311;;;;;;;;NMEA message parser not found for GRM.
11312;RMC;12/26/2016 10:07:59 PM;49.21431415;16.6021218833333;;;;
11313;;;;;;;;NMEA message parser not found for RMB.
11314;;;;;;;;Failed to parse: GGA.. Meters expected in GGA message.
11315;GSA;;;;;;;
11316;GSV;;;;;;;
11317;GSV;;;;;;;
11318;;;;;;;;NMEA message parser not found for GRM.
11319;RMC;12/26/2016 10:08:00 PM;49.2143234333333;16.6021181166667;;;;
11320;;;;;;;;NMEA message parser not found for RMB.
11321;;;;;;;;Failed to parse: GGA.. Meters expected in GGA message.
11322;GSA;;;;;;;
11323;GSV;;;;;;;
11324;GSV;;;;;;;
11325;;;;;;;;NMEA message parser not found for GRM.
11326;RMC;12/26/2016 10:08:01 PM;49.2143327;16.60211435;;;;
11327;;;;;;;;NMEA message parser not found for RMB.
11328;;;;;;;;Failed to parse: GGA.. Meters expected in GGA message.
11329;GSA;;;;;;;
11330;GSV;;;;;;;
11331;GSV;;;;;;;
11332;;;;;;;;NMEA message parser not found for GRM.
11333;RMC;12/26/2016 10:08:02 PM;49.2143419833333;16.6021105833333;;;;
11334;;;;;;;;NMEA message parser not found for RMB.
11335;;;;;;;;Failed to parse: GGA.. Meters expected in GGA message.
11336;GSA;;;;;;;
11337;GSV;;;;;;;
11338;GSV;;;;;;;
11339;;;;;;;;NMEA message parser not found for GRM.
11340;RMC;12/26/2016 10:08:03 PM;49.21435125;16.6021068166667;;;;
11341;;;;;;;;NMEA message parser not found for RMB.
11342;;;;;;;;Failed to parse: GGA.. Meters expected in GGA message.
11343;GSA;;;;;;;
11344;GSV;;;;;;;
11345;GSV;;;;;;;
11346;;;;;;;;NMEA message parser not found for GRM.
11347;RMC;12/26/2016 10:08:04 PM;49.2143605333333;16.60210305;;;;
11348;;;;;;;;NMEA message parser not found for RMB.
11349;;;;;;;;Failed to parse: GGA.. Meters expected in GGA message.
11350;GSA;;;;;;;
11351;GSV;;;;;;;
11352;GSV;;;;;;;
11353;;;;;;;;NMEA message parser not found for GRM.
11354;RMC;12/26/2016 10:08:05 PM;49.2143698;16.6020992833333;;;;
11355;;;;;;;;NMEA message parser not found for RMB.
11356;;;;;;;;Failed to parse: GGA.. Meters expected in GGA message.
11357;GSA;;;;;;;
11358;GSV;;;;;;;
11359;GSV;;;;;;;
11360;;;;;;;;NMEA message parser not found for GRM.
11361;RMC;12/26/2016 10:08:06 PM;49.2143790833333;16.6020955166667;;;;
11362;;;;;;;;NMEA message parser not found for RMB.
11363;;;;;;;;Failed to parse: GGA.. Meters expected in GGA message.
11364;GSA;;;;;;;
11365;GSV;;;;;;;
11366;GSV;;;;;;;
11367;;;;;;;;NMEA message parser not found for GRM.
11368;RMC;12/26/2016 10:08:07 PM;49.21438835;16.60209175;;;;
11369;;;;;;;;NMEA message parser not found for RMB.
11370;;;;;;;;Failed to parse: GGA.. Meters expected in GGA message.
11371;GSA;;;;;;;
11372;GSV;;;;;;;
11373;GSV;;;;;;;
11374;;;;;;;;NMEA message parser not found for GRM.
11375;RMC;12/26/2016 10:08:08 PM;49.2143976333333;16.6020879833333;;;;
11376;;;;;;;;NMEA message parser not found for RMB.
11377;;;;;;;;Failed to parse: GGA.. Meters expected in GGA message.
11378;GSA;;;;;;;
11379;GSV;;;;;;;
11380;GSV;;;;;;;
11381;;;;;;;;NMEA message parser not found for GRM.
11382;RMC;12/26/2016 10:08:09 PM;49.2144069;16.6020842166667;;;;
11383;;;;;;;;NMEA message parser not found for RMB.
11384;;;;;;;;Failed to parse: GGA.. Meters expected in GGA message.
11385;GSA;;;;;;;
11386;GSV;;;;;;;
11387;GSV;;;;;;;
11388;;;;;;;;NMEA message parser not found for GRM.
11389;RMC;12/26/2016 10:08:10 PM;49.2144161666667;16.60208045;;;;
11390;;;;;;;;NMEA message parser not found for RMB.
11391;;;;;;;;Failed to parse: GGA.. Meters expected in GGA message.
11392;GSA;;;;;;;
11393;GSV;;;;;;;
11394;GSV;;;;;;;
11395;;;;;;;;NMEA message parser not found for GRM.
11396;RMC;12/26/2016 10:08:11 PM;49.21442545;16.6020766833333;;;;
11397;;;;;;;;NMEA message parser not found for RMB.
11398;;;;;;;;Failed to parse: GGA.. Meters expected in GGA message.
11399;GSA;;;;;;;
11400;GSV;;;;;;;
11401;GSV;;;;;;;
11402;;;;;;;;NMEA message parser not found for GRM.
11403;RMC;12/26/2016 10:08:12 PM;49.2144347166667;16.6020729166667;;;;
11404;;;;;;;;NMEA message parser not found for RMB.
11405;;;;;;;;Failed to parse: GGA.. Meters expected in GGA message.
11406;GSA;;;;;;;
11407;GSV;;;;;;;
11408;GSV;;;;;;;
11409;;;;;;;;NMEA message parser not found for GRM.
11410;RMC;12/26/2016 10:08:13 PM;49.214444;16.60206915;;;;
11411;;;;;;;;NMEA message parser not found for RMB.
11412;;;;;;;;Failed to parse: GGA.. Meters expected in GGA message.
11413;GSA;;;;;;;
11414;GSV;;;;;;;
11415;GSV;;;;;;;
11416;;;;;;;;NMEA message parser not found for GRM.
11417;RMC;12/26/2016 10:08:14 PM;49.2144532666667;16.6020653833333;;;;
11418;;;;;;;;NMEA message parser not found for RMB.
11419;;;;;;;;Failed to parse: GGA.. Meters expected in GGA message.
11420;GSA;;;;;;;
11421;GSV;;;;;;;
11422;GSV;;;;;;;
11423;;;;;;;;NMEA message parser not found for GRM.
11424;RMC;12/26/2016 10:08:15 PM;49.21446255;16.6020616166667;;;;
11425;;;;;;;;NMEA message parser not found for RMB.
11426;;;;;;;;Failed to parse: GGA.. Meters expected in GGA message.
11427;GSA;;;;;;;
11428;GSV;;;;;;;
11429;GSV;;;;;;;
11430;;;;;;;;NMEA message parser not found for GRM.
11431;RMC;12/26/2016 10:08:16 PM;49.2144718166667;16.60205785;;;;
11432;;;;;;;;NMEA message parser not found for RMB.
11433;;;;;;;;Failed to parse: GGA.. Meters expected in GGA message.
11434;GSA;;;;;;;
11435;GSV;;;;;;;
11436;GSV;;;;;;;
11437;;;;;;;;NMEA message parser not found for GRM.
11438;RMC;12/26/2016 10:08:17 PM;49.2144811;16.6020540833333;;;;
11439;;;;;;;;NMEA message parser not found for RMB.
11440;;;;;;;;Failed to parse: GGA.. Meters expected in GGA message.
11441;GSA;;;;;;;
11442;GSV;;;;;;;
11443;GSV;;;;;;;
11444;;;;;;;;NMEA message parser not found for GRM.
11445;RMC;12/26/2016 10:08:18 PM;49.2144903666667;16.6020503166667;;;;
11446;;;;;;;;NMEA message parser not found for RMB.
11447;;;;;;;;Failed to parse: GGA.. Meters expected in GGA message.
11448;GSA;;;;;;;
11449;GSV;;;;;;;
11450;GSV;;;;;;;
11451;;;;;;;;NMEA message parser not found for GRM.
11452;RMC;12/26/2016 10:08:19 PM;49.21449965;16.60204655;;;;
11453;;;;;;;;NMEA message parser not found for RMB.
11454;;;;;;;;Failed to parse: GGA.. Meters expected in GGA message.
11455;GSA;;;;;;;
11456;GSV;;;;;;;
11457;GSV;;;;;;;
11458;;;;;;;;NMEA message parser not found for GRM.
11459;RMC;12/26/2016 10:08:20 PM;49.2145089166667;16.6020427833333;;;;
11460;;;;;;;;NMEA message parser not found for RMB.
11461;;;;;;;;Failed to parse: GGA.. Meters expected in GGA message.
11462;GSA;;;;;;;
11463;GSV;;;;;;;
11464;GSV;;;;;;;
11465;;;;;;;;NMEA message parser not found for GRM.
11466;RMC;12/26/2016 10:08:21 PM;49.2145182;16.6020390166667;;;;
11467;;;;;;;;NMEA message parser not found for RMB.
11468;;;;;;;;Failed to parse: GGA.. Meters expected in GGA message.
11469;GSA;;;;;;;
11470;GSV;;;;;;;
11471;GSV;;;;;;;
11472;;;;;;;;NMEA message parser not found for GRM.
11473;RMC;12/26/2016 10:08:22 PM;49.2145274666667;16.60203525;;;;
11474;;;;;;;;NMEA message parser not found for RMB.
11475;;;;;;;;Failed to parse: GGA.. Meters expected in GGA message.
11476;GSA;;;;;;;
11477;GSV;;;;;;;
11478;GSV;;;;;;;
11479;;;;;;;;NMEA message parser not found for GRM.
11480;RMC;12/26/2016 10:08:23 PM;49.21453675;16.6020314833333;;;;
11481;;;;;;;;NMEA message parser not found for RMB.
11482;;;;;;;;Failed to parse: GGA.. Meters expected in GGA message.
11483;GSA;;;;;;;
11484;GSV;;;;;;;
11485;GSV;;;;;;;
11486;;;;;;;;NMEA message parser not found for GRM.
11487;RMC;12/26/2016 10:08:24 PM;49.2145460166667;16.6020277166667;;;;
11488;;;;;;;;NMEA message parser not found for RMB.
11489;;;;;;;;Failed to parse: GGA.. Meters expected in GGA message.
11490;GSA;;;;;;;
11491;GSV;;;;;;;
11492;GSV;;;;;;;
11493;;;;;;;;NMEA message parser not found for GRM.
11494;RMC;12/26/2016 10:08:25 PM;49.2145552833333;16.60202395;;;;
11495;;;;;;;;NMEA message parser not found for RMB.
11496;;;;;;;;Failed to parse: GGA.. Meters expected in GGA message.
11497;GSA;;;;;;;
11498;GSV;;;;;;;
11499;GSV;;;;;;;
11500;;;;;;;;NMEA message parser not found for GRM.
11501;RMC;12/26/2016 10:08:26 PM;49.2145645666667;16.6020201833333;;;;
11502;;;;;;;;NMEA message parser not found for RMB.
11503;;;;;;;;Failed to parse: GGA.. Meters expected in GGA message.
11504;GSA;;;;;;;
11505;GSV;;;;;;;
11506;GSV;;;;;;;
11507;;;;;;;;NMEA message parser not found for GRM.
11508;RMC;12/26/2016 10:08:27 PM;49.2145738333333;16.6020164166667;;;;
11509;;;;;;;;NMEA message parser not found for RMB.
11510;;;;;;;;Failed to parse: GGA.. Meters expected in GGA message.
11511;GSA;;;;;;;
11512;GSV;;;;;;;
11513;GSV;;;;;;;
11514;;;;;;;;NMEA message parser not found for GRM.
11515;RMC;12/26/2016 10:08:28 PM;49.2145831166667;16.60201265;;;;
11516;;;;;;;;NMEA message parser not found for RMB.
11517;;;;;;;;Failed to parse: GGA.. Meters expected in GGA message.
11518;GSA;;;;;;;
11519;GSV;;;;;;;
11520;GSV;;;;;;;
11521;;;;;;;;NMEA message parser not found for GRM.
11522;RMC;12/26/2016 10:08:29 PM;49.2145923833333;16.6020088833333;;;;
11523;;;;;;;;NMEA message parser not found for RMB.
11524;;;;;;;;Failed to parse: GGA.. Meters expected in GGA message.
11525;GSA;;;;;;;
11526;GSV;;;;;;;
11527;GSV;;;;;;;
11528;;;;;;;;NMEA message parser not found for GRM.
11529;RMC;12/26/2016 10:08:30 PM;49.2146016666667;16.6020051166667;;;;
11530;;;;;;;;NMEA message parser not found for RMB.
11531;;;;;;;;Failed to parse: GGA.. Meters expected in GGA message.
11532;GSA;;;;;;;
11533;GSV;;;;;;;
11534;GSV;;;;;;;
11535;;;;;;;;NMEA message parser not found for GRM.
11536;RMC;12/26/2016 10:08:31 PM;49.2146109333333;16.60200135;;;;
11537;;;;;;;;NMEA message parser not found for RMB.
11538;;;;;;;;Failed to parse: GGA.. Meters expected in GGA message.
11539;GSA;;;;;;;
11540;GSV;;;;;;;
11541;GSV;;;;;;;
11542;;;;;;;;NMEA message parser not found for GRM.
11543;RMC;12/26/2016 10:08:32 PM;49.2146202166667;16.6019975833333;;;;
11544;;;;;;;;NMEA message parser not found for RMB.
11545;;;;;;;;Failed to parse: GGA.. Meters expected in GGA message.
11546;GSA;;;;;;;
11547;GSV;;;;;;;
11548;GSV;;;;;;;
11549;;;;;;;;NMEA message parser not found for GRM.
11550;RMC;12/26/2016 10:08:33 PM;49.2146294833333;16.6019938166667;;;;
11551;;;;;;;;NMEA message parser not found for RMB.
11552;;;;;;;;Failed to parse: GGA.. Meters expected in GGA message.
11553;GSA;;;;;;;
11554;GSV;;;;;;;
11555;GSV;;;;;;;
11556;;;;;;;;NMEA message parser not found for GRM.
11557;RMC;12/26/2016 10:08:34 PM;49.2146387666667;16.60199005;;;;
11558;;;;;;;;NMEA message parser not found for RMB.
11559;;;;;;;;Failed to parse: GGA.. Meters expected in GGA message.
11560;GSA;;;;;;;
11561;GSV;;;;;;;
11562;GSV;;;;;;;
11563;;;;;;;;NMEA message parser not found for GRM.
11564;RMC;12/26/2016 10:08:35 PM;49.2146480333333;16.6019862833333;;;;
11565;;;;;;;;NMEA message parser not found for RMB.
11566;;;;;;;;Failed to parse: GGA.. Meters expected in GGA message.
11567;GSA;;;;;;;
11568;GSV;;;;;;;
11569;GSV;;;;;;;
11570;;;;;;;;NMEA message parser not found for GRM.
11571;RMC;12/26/2016 10:08:36 PM;49.2146573166667;16.6019825166667;;;;
11572;;;;;;;;NMEA message parser not found for RMB.
11573;;;;;;;;Failed to parse: GGA.. Meters expected in GGA message.
11574;GSA;;;;;;;
11575;GSV;;;;;;;
11576;GSV;;;;;;;
11577;;;;;;;;NMEA message parser not found for GRM.
11578;RMC;12/26/2016 10:08:37 PM;49.2146665833333;16.60197875;;;;
11579;;;;;;;;NMEA message parser not found for RMB.
11580;;;;;;;;Failed to parse: GGA.. Meters expected in GGA message.
11581;GSA;;;;;;;
11582;GSV;;;;;;;
11583;GSV;;;;;;;
11584;;;;;;;;NMEA message parser not found for GRM.
11585;RMC;12/26/2016 10:08:38 PM;49.21467585;16.6019749833333;;;;
11586;;;;;;;;NMEA message parser not found for RMB.
11587;;;;;;;;Failed to parse: GGA.. Meters expected in GGA message.
11588;GSA;;;;;;;
11589;GSV;;;;;;;
11590;GSV;;;;;;;
11591;;;;;;;;NMEA message parser not found for GRM.
11592;RMC;12/26/2016 10:08:39 PM;49.2146851333333;16.6019712166667;;;;
11593;;;;;;;;NMEA message parser not found for RMB.
11594;;;;;;;;Failed to parse: GGA.. Meters expected in GGA message.
11595;GSA;;;;;;;
11596;GSV;;;;;;;
11597;GSV;;;;;;;
11598;;;;;;;;NMEA message parser not found for GRM.
11599;RMC;12/26/2016 10:08:40 PM;49.2146944;16.60196745;;;;
11600;;;;;;;;NMEA message parser not found for RMB.
11601;;;;;;;;Failed to parse: GGA.. Meters expected in GGA message.
11602;GSA;;;;;;;
11603;GSV;;;;;;;
11604;GSV;;;;;;;
11605;;;;;;;;NMEA message parser not found for GRM.
11606;RMC;12/26/2016 10:08:41 PM;49.2147036833333;16.6019636833333;;;;
11607;;;;;;;;NMEA message parser not found for RMB.
11608;;;;;;;;Failed to parse: GGA.. Meters expected in GGA message.
11609;GSA;;;;;;;
11610;GSV;;;;;;;
11611;GSV;;;;;;;
11612;;;;;;;;NMEA message parser not found for GRM.
11613;RMC;12/26/2016 10:08:42 PM;49.21471295;16.6019599166667;;;;
11614;;;;;;;;NMEA message parser not found for RMB.
11615;;;;;;;;Failed to parse: GGA.. Meters expected in GGA message.
11616;GSA;;;;;;;
11617;GSV;;;;;;;
11618;GSV;;;;;;;
11619;;;;;;;;NMEA message parser not found for GRM.
11620;RMC;12/26/2016 10:08:43 PM;49.2147222333333;16.60195615;;;;
11621;;;;;;;;NMEA message parser not found for RMB.
11622;;;;;;;;Failed to parse: GGA.. Meters expected in GGA message.
11623;GSA;;;;;;;
11624;GSV;;;;;;;
11625;GSV;;;;;;;
11626;;;;;;;;NMEA message parser not found for GRM.
11627;RMC;12/26/2016 10:08:44 PM;49.2147313166667;16.6019520333333;;;;
11628;;;;;;;;NMEA message parser not found for RMB.
11629;;;;;;;;Failed to parse: GGA.. Meters expected in GGA message.
11630;GSA;;;;;;;
11631;GSV;;;;;;;
11632;GSV;;;;;;;
11633;;;;;;;;NMEA message parser not found for GRM.
11634;RMC;12/26/2016 10:08:45 PM;49.2147393833333;16.6019461166667;;;;
11635;;;;;;;;NMEA message parser not found for RMB.
11636;;;;;;;;Failed to parse: GGA.. Meters expected in GGA message.
11637;GSA;;;;;;;
11638;GSV;;;;;;;
11639;GSV;;;;;;;
11640;;;;;;;;NMEA message parser not found for GRM.
11641;RMC;12/26/2016 10:08:46 PM;49.21474745;16.6019402;;;;
11642;;;;;;;;NMEA message parser not found for RMB.
11643;;;;;;;;Failed to parse: GGA.. Meters expected in GGA message.
11644;GSA;;;;;;;
11645;GSV;;;;;;;
11646;GSV;;;;;;;
11647;;;;;;;;NMEA message parser not found for GRM.
11648;RMC;12/26/2016 10:08:47 PM;49.2147555333333;16.6019342833333;;;;
11649;;;;;;;;NMEA message parser not found for RMB.
11650;;;;;;;;Failed to parse: GGA.. Meters expected in GGA message.
11651;GSA;;;;;;;
11652;GSV;;;;;;;
11653;GSV;;;;;;;
11654;;;;;;;;NMEA message parser not found for GRM.
11655;RMC;12/26/2016 10:08:48 PM;49.2147636;16.6019283666667;;;;
11656;;;;;;;;NMEA message parser not found for RMB.
11657;;;;;;;;Failed to parse: GGA.. Meters expected in GGA message.
11658;GSA;;;;;;;
11659;GSV;;;;;;;
11660;GSV;;;;;;;
11661;;;;;;;;NMEA message parser not found for GRM.
11662;RMC;12/26/2016 10:08:49 PM;49.2147716833333;16.60192245;;;;
11663;;;;;;;;NMEA message parser not found for RMB.
11664;;;;;;;;Failed to parse: GGA.. Meters expected in GGA message.
11665;GSA;;;;;;;
11666;GSV;;;;;;;
11667;GSV;;;;;;;
11668;;;;;;;;NMEA message parser not found for GRM.
11669;RMC;12/26/2016 10:08:50 PM;49.21477975;16.6019165333333;;;;
11670;;;;;;;;NMEA message parser not found for RMB.
11671;;;;;;;;Failed to parse: GGA.. Meters expected in GGA message.
11672;GSA;;;;;;;
11673;GSV;;;;;;;
11674;GSV;;;;;;;
11675;;;;;;;;NMEA message parser not found for GRM.
11676;RMC;12/26/2016 10:08:51 PM;49.2147878333333;16.6019106166667;;;;
11677;;;;;;;;NMEA message parser not found for RMB.
11678;;;;;;;;Failed to parse: GGA.. Meters expected in GGA message.
11679;GSA;;;;;;;
11680;GSV;;;;;;;
11681;GSV;;;;;;;
11682;;;;;;;;NMEA message parser not found for GRM.
11683;RMC;12/26/2016 10:08:52 PM;49.2147959;16.6019047;;;;
11684;;;;;;;;NMEA message parser not found for RMB.
11685;;;;;;;;Failed to parse: GGA.. Meters expected in GGA message.
11686;GSA;;;;;;;
11687;GSV;;;;;;;
11688;GSV;;;;;;;
11689;;;;;;;;NMEA message parser not found for GRM.
11690;RMC;12/26/2016 10:08:53 PM;49.2148039666667;16.6018987833333;;;;
11691;;;;;;;;NMEA message parser not found for RMB.
11692;;;;;;;;Failed to parse: GGA.. Meters expected in GGA message.
11693;GSA;;;;;;;
11694;GSV;;;;;;;
11695;GSV;;;;;;;
11696;;;;;;;;NMEA message parser not found for GRM.
11697;RMC;12/26/2016 10:08:54 PM;49.21481205;16.6018928666667;;;;
11698;;;;;;;;NMEA message parser not found for RMB.
11699;;;;;;;;Failed to parse: GGA.. Meters expected in GGA message.
11700;GSA;;;;;;;
11701;GSV;;;;;;;
11702;GSV;;;;;;;
11703;;;;;;;;NMEA message parser not found for GRM.
11704;RMC;12/26/2016 10:08:55 PM;49.2148201166667;16.60188695;;;;
11705;;;;;;;;NMEA message parser not found for RMB.
11706;;;;;;;;Failed to parse: GGA.. Meters expected in GGA message.
11707;GSA;;;;;;;
11708;GSV;;;;;;;
11709;GSV;;;;;;;
11710;;;;;;;;NMEA message parser not found for GRM.
11711;RMC;12/26/2016 10:08:56 PM;49.2148282;16.6018810333333;;;;
11712;;;;;;;;NMEA message parser not found for RMB.
11713;;;;;;;;Failed to parse: GGA.. Meters expected in GGA message.
11714;GSA;;;;;;;
11715;GSV;;;;;;;
11716;GSV;;;;;;;
11717;;;;;;;;NMEA message parser not found for GRM.
11718;RMC;12/26/2016 10:08:57 PM;49.2148362666667;16.6018751166667;;;;
11719;;;;;;;;NMEA message parser not found for RMB.
11720;;;;;;;;Failed to parse: GGA.. Meters expected in GGA message.
11721;GSA;;;;;;;
11722;GSV;;;;;;;
11723;GSV;;;;;;;
11724;;;;;;;;NMEA message parser not found for GRM.
11725;RMC;12/26/2016 10:08:58 PM;49.2148443333333;16.6018692;;;;
11726;;;;;;;;NMEA message parser not found for RMB.
11727;;;;;;;;Failed to parse: GGA.. Meters expected in GGA message.
11728;GSA;;;;;;;
11729;GSV;;;;;;;
11730;GSV;;;;;;;
11731;;;;;;;;NMEA message parser not found for GRM.
11732;RMC;12/26/2016 10:08:59 PM;49.2148524166667;16.6018632833333;;;;
11733;;;;;;;;NMEA message parser not found for RMB.
11734;;;;;;;;Failed to parse: GGA.. Meters expected in GGA message.
11735;GSA;;;;;;;
11736;GSV;;;;;;;
11737;GSV;;;;;;;
11738;;;;;;;;NMEA message parser not found for GRM.
11739;RMC;12/26/2016 10:09:00 PM;49.2148604833333;16.6018573666667;;;;
11740;;;;;;;;NMEA message parser not found for RMB.
11741;;;;;;;;Failed to parse: GGA.. Meters expected in GGA message.
11742;GSA;;;;;;;
11743;GSV;;;;;;;
11744;GSV;;;;;;;
11745;;;;;;;;NMEA message parser not found for GRM.
11746;RMC;12/26/2016 10:09:01 PM;49.2148685666667;16.60185145;;;;
11747;;;;;;;;NMEA message parser not found for RMB.
11748;;;;;;;;Failed to parse: GGA.. Meters expected in GGA message.
11749;GSA;;;;;;;
11750;GSV;;;;;;;
11751;GSV;;;;;;;
11752;;;;;;;;NMEA message parser not found for GRM.
11753;RMC;12/26/2016 10:09:02 PM;49.2148766333333;16.6018455333333;;;;
11754;;;;;;;;NMEA message parser not found for RMB.
11755;;;;;;;;Failed to parse: GGA.. Meters expected in GGA message.
11756;GSA;;;;;;;
11757;GSV;;;;;;;
11758;GSV;;;;;;;
11759;;;;;;;;NMEA message parser not found for GRM.
11760;RMC;12/26/2016 10:09:03 PM;49.2148847166667;16.6018396166667;;;;
11761;;;;;;;;NMEA message parser not found for RMB.
11762;;;;;;;;Failed to parse: GGA.. Meters expected in GGA message.
11763;GSA;;;;;;;
11764;GSV;;;;;;;
11765;GSV;;;;;;;
11766;;;;;;;;NMEA message parser not found for GRM.
11767;RMC;12/26/2016 10:09:04 PM;49.2148927833333;16.6018337;;;;
11768;;;;;;;;NMEA message parser not found for RMB.
11769;;;;;;;;Failed to parse: GGA.. Meters expected in GGA message.
11770;GSA;;;;;;;
11771;GSV;;;;;;;
11772;GSV;;;;;;;
11773;;;;;;;;NMEA message parser not found for GRM.
11774;RMC;12/26/2016 10:09:05 PM;49.21490085;16.6018277833333;;;;
11775;;;;;;;;NMEA message parser not found for RMB.
11776;;;;;;;;Failed to parse: GGA.. Meters expected in GGA message.
11777;GSA;;;;;;;
11778;GSV;;;;;;;
11779;GSV;;;;;;;
11780;;;;;;;;NMEA message parser not found for GRM.
11781;RMC;12/26/2016 10:09:06 PM;49.2149089333333;16.60182185;;;;
11782;;;;;;;;NMEA message parser not found for RMB.
11783;;;;;;;;Failed to parse: GGA.. Meters expected in GGA message.
11784;GSA;;;;;;;
11785;GSV;;;;;;;
11786;GSV;;;;;;;
11787;;;;;;;;NMEA message parser not found for GRM.
11788;RMC;12/26/2016 10:09:07 PM;49.214917;16.6018159333333;;;;
11789;;;;;;;;NMEA message parser not found for RMB.
11790;;;;;;;;Failed to parse: GGA.. Meters expected in GGA message.
11791;GSA;;;;;;;
11792;GSV;;;;;;;
11793;GSV;;;;;;;
11794;;;;;;;;NMEA message parser not found for GRM.
11795;RMC;12/26/2016 10:09:08 PM;49.2149250833333;16.6018100166667;;;;
11796;;;;;;;;NMEA message parser not found for RMB.
11797;;;;;;;;Failed to parse: GGA.. Meters expected in GGA message.
11798;GSA;;;;;;;
11799;GSV;;;;;;;
11800;GSV;;;;;;;
11801;;;;;;;;NMEA message parser not found for GRM.
11802;RMC;12/26/2016 10:09:09 PM;49.21493315;16.6018041;;;;
11803;;;;;;;;NMEA message parser not found for RMB.
11804;;;;;;;;Failed to parse: GGA.. Meters expected in GGA message.
11805;GSA;;;;;;;
11806;GSV;;;;;;;
11807;GSV;;;;;;;
11808;;;;;;;;NMEA message parser not found for GRM.
11809;RMC;12/26/2016 10:09:10 PM;49.2149412333333;16.6017981833333;;;;
11810;;;;;;;;NMEA message parser not found for RMB.
11811;;;;;;;;Failed to parse: GGA.. Meters expected in GGA message.
11812;GSA;;;;;;;
11813;GSV;;;;;;;
11814;GSV;;;;;;;
11815;;;;;;;;NMEA message parser not found for GRM.
11816;RMC;12/26/2016 10:09:11 PM;49.2149493;16.6017922666667;;;;
11817;;;;;;;;NMEA message parser not found for RMB.
11818;;;;;;;;Failed to parse: GGA.. Meters expected in GGA message.
11819;GSA;;;;;;;
11820;GSV;;;;;;;
11821;GSV;;;;;;;
11822;;;;;;;;NMEA message parser not found for GRM.
11823;RMC;12/26/2016 10:09:12 PM;49.2149573666667;16.60178635;;;;
11824;;;;;;;;NMEA message parser not found for RMB.
11825;;;;;;;;Failed to parse: GGA.. Meters expected in GGA message.
11826;GSA;;;;;;;
11827;GSV;;;;;;;
11828;GSV;;;;;;;
11829;;;;;;;;NMEA message parser not found for GRM.
11830;RMC;12/26/2016 10:09:13 PM;49.21496545;16.6017804333333;;;;
11831;;;;;;;;NMEA message parser not found for RMB.
11832;;;;;;;;Failed to parse: GGA.. Meters expected in GGA message.
11833;GSA;;;;;;;
11834;GSV;;;;;;;
11835;GSV;;;;;;;
11836;;;;;;;;NMEA message parser not found for GRM.
11837;RMC;12/26/2016 10:09:14 PM;49.2149735166667;16.6017745166667;;;;
11838;;;;;;;;NMEA message parser not found for RMB.
11839;;;;;;;;Failed to parse: GGA.. Meters expected in GGA message.
11840;GSA;;;;;;;
11841;GSV;;;;;;;
11842;GSV;;;;;;;
11843;;;;;;;;NMEA message parser not found for GRM.
11844;RMC;12/26/2016 10:09:15 PM;49.2149816;16.6017686;;;;
11845;;;;;;;;NMEA message parser not found for RMB.
11846;;;;;;;;Failed to parse: GGA.. Meters expected in GGA message.
11847;GSA;;;;;;;
11848;GSV;;;;;;;
11849;GSV;;;;;;;
11850;;;;;;;;NMEA message parser not found for GRM.
11851;RMC;12/26/2016 10:09:16 PM;49.2149896666667;16.6017626833333;;;;
11852;;;;;;;;NMEA message parser not found for RMB.
11853;;;;;;;;Failed to parse: GGA.. Meters expected in GGA message.
11854;GSA;;;;;;;
11855;GSV;;;;;;;
11856;GSV;;;;;;;
11857;;;;;;;;NMEA message parser not found for GRM.
11858;RMC;12/26/2016 10:09:17 PM;49.21499775;16.6017567666667;;;;
11859;;;;;;;;NMEA message parser not found for RMB.
11860;;;;;;;;Failed to parse: GGA.. Meters expected in GGA message.
11861;GSA;;;;;;;
11862;GSV;;;;;;;
11863;GSV;;;;;;;
11864;;;;;;;;NMEA message parser not found for GRM.
11865;RMC;12/26/2016 10:09:18 PM;49.2150058166667;16.60175085;;;;
11866;;;;;;;;NMEA message parser not found for RMB.
11867;;;;;;;;Failed to parse: GGA.. Meters expected in GGA message.
11868;GSA;;;;;;;
11869;GSV;;;;;;;
11870;GSV;;;;;;;
11871;;;;;;;;NMEA message parser not found for GRM.
11872;RMC;12/26/2016 10:09:19 PM;49.2150138833333;16.6017449333333;;;;
11873;;;;;;;;NMEA message parser not found for RMB.
11874;;;;;;;;Failed to parse: GGA.. Meters expected in GGA message.
11875;GSA;;;;;;;
11876;GSV;;;;;;;
11877;GSV;;;;;;;
11878;;;;;;;;NMEA message parser not found for GRM.
11879;RMC;12/26/2016 10:09:20 PM;49.2150219666667;16.6017390166667;;;;
11880;;;;;;;;NMEA message parser not found for RMB.
11881;;;;;;;;Failed to parse: GGA.. Meters expected in GGA message.
11882;GSA;;;;;;;
11883;GSV;;;;;;;
11884;GSV;;;;;;;
11885;;;;;;;;NMEA message parser not found for GRM.
11886;RMC;12/26/2016 10:09:21 PM;49.2150300333333;16.6017331;;;;
11887;;;;;;;;NMEA message parser not found for RMB.
11888;;;;;;;;Failed to parse: GGA.. Meters expected in GGA message.
11889;GSA;;;;;;;
11890;GSV;;;;;;;
11891;GSV;;;;;;;
11892;;;;;;;;NMEA message parser not found for GRM.
11893;RMC;12/26/2016 10:09:22 PM;49.2150381166667;16.6017271833333;;;;
11894;;;;;;;;NMEA message parser not found for RMB.
11895;;;;;;;;Failed to parse: GGA.. Meters expected in GGA message.
11896;GSA;;;;;;;
11897;GSV;;;;;;;
11898;GSV;;;;;;;
11899;;;;;;;;NMEA message parser not found for GRM.
11900;RMC;12/26/2016 10:09:23 PM;49.2150461833333;16.6017212666667;;;;
11901;;;;;;;;NMEA message parser not found for RMB.
11902;;;;;;;;Failed to parse: GGA.. Meters expected in GGA message.
11903;GSA;;;;;;;
11904;GSV;;;;;;;
11905;GSV;;;;;;;
11906;;;;;;;;NMEA message parser not found for GRM.
11907;RMC;12/26/2016 10:09:24 PM;49.2150543833333;16.6017155333333;;;;
11908;;;;;;;;NMEA message parser not found for RMB.
11909;;;;;;;;Failed to parse: GGA.. Meters expected in GGA message.
11910;GSA;;;;;;;
11911;GSV;;;;;;;
11912;GSV;;;;;;;
11913;;;;;;;;NMEA message parser not found for GRM.
11914;RMC;12/26/2016 10:09:25 PM;49.2150629166667;16.6017103;;;;
11915;;;;;;;;NMEA message parser not found for RMB.
11916;;;;;;;;Failed to parse: GGA.. Meters expected in GGA message.
11917;GSA;;;;;;;
11918;GSV;;;;;;;
11919;GSV;;;;;;;
11920;;;;;;;;NMEA message parser not found for GRM.
11921;RMC;12/26/2016 10:09:26 PM;49.21507145;16.60170505;;;;
11922;;;;;;;;NMEA message parser not found for RMB.
11923;;;;;;;;Failed to parse: GGA.. Meters expected in GGA message.
11924;GSA;;;;;;;
11925;GSV;;;;;;;
11926;GSV;;;;;;;
11927;;;;;;;;NMEA message parser not found for GRM.
11928;RMC;12/26/2016 10:09:27 PM;49.2150799666667;16.6016998166667;;;;
11929;;;;;;;;NMEA message parser not found for RMB.
11930;;;;;;;;Failed to parse: GGA.. Meters expected in GGA message.
11931;GSA;;;;;;;
11932;GSV;;;;;;;
11933;GSV;;;;;;;
11934;;;;;;;;NMEA message parser not found for GRM.
11935;RMC;12/26/2016 10:09:28 PM;49.2150885;16.6016945833333;;;;
11936;;;;;;;;NMEA message parser not found for RMB.
11937;;;;;;;;Failed to parse: GGA.. Meters expected in GGA message.
11938;GSA;;;;;;;
11939;GSV;;;;;;;
11940;GSV;;;;;;;
11941;;;;;;;;NMEA message parser not found for GRM.
11942;RMC;12/26/2016 10:09:29 PM;49.2150970333333;16.6016893333333;;;;
11943;;;;;;;;NMEA message parser not found for RMB.
11944;;;;;;;;Failed to parse: GGA.. Meters expected in GGA message.
11945;GSA;;;;;;;
11946;GSV;;;;;;;
11947;GSV;;;;;;;
11948;;;;;;;;NMEA message parser not found for GRM.
11949;RMC;12/26/2016 10:09:30 PM;49.2151055666667;16.6016841;;;;
11950;;;;;;;;NMEA message parser not found for RMB.
11951;;;;;;;;Failed to parse: GGA.. Meters expected in GGA message.
11952;GSA;;;;;;;
11953;GSV;;;;;;;
11954;GSV;;;;;;;
11955;;;;;;;;NMEA message parser not found for GRM.
11956;RMC;12/26/2016 10:09:31 PM;49.2151140833333;16.6016788666667;;;;
11957;;;;;;;;NMEA message parser not found for RMB.
11958;;;;;;;;Failed to parse: GGA.. Meters expected in GGA message.
11959;GSA;;;;;;;
11960;GSV;;;;;;;
11961;GSV;;;;;;;
11962;;;;;;;;NMEA message parser not found for GRM.
11963;RMC;12/26/2016 10:09:32 PM;49.2151226166667;16.6016736166667;;;;
11964;;;;;;;;NMEA message parser not found for RMB.
11965;;;;;;;;Failed to parse: GGA.. Meters expected in GGA message.
11966;GSA;;;;;;;
11967;GSV;;;;;;;
11968;GSV;;;;;;;
11969;;;;;;;;NMEA message parser not found for GRM.
11970;RMC;12/26/2016 10:09:33 PM;49.21513115;16.6016683833333;;;;
11971;;;;;;;;NMEA message parser not found for RMB.
11972;;;;;;;;Failed to parse: GGA.. Meters expected in GGA message.
11973;GSA;;;;;;;
11974;GSV;;;;;;;
11975;GSV;;;;;;;
11976;;;;;;;;NMEA message parser not found for GRM.
11977;RMC;12/26/2016 10:09:34 PM;49.2151396833333;16.6016631333333;;;;
11978;;;;;;;;NMEA message parser not found for RMB.
11979;;;;;;;;Failed to parse: GGA.. Meters expected in GGA message.
11980;GSA;;;;;;;
11981;GSV;;;;;;;
11982;GSV;;;;;;;
11983;;;;;;;;NMEA message parser not found for GRM.
11984;RMC;12/26/2016 10:09:35 PM;49.2151482;16.6016579;;;;
11985;;;;;;;;NMEA message parser not found for RMB.
11986;;;;;;;;Failed to parse: GGA.. Meters expected in GGA message.
11987;GSA;;;;;;;
11988;GSV;;;;;;;
11989;GSV;;;;;;;
11990;;;;;;;;NMEA message parser not found for GRM.
11991;RMC;12/26/2016 10:09:36 PM;49.2151567333333;16.6016526666667;;;;
11992;;;;;;;;NMEA message parser not found for RMB.
11993;;;;;;;;Failed to parse: GGA.. Meters expected in GGA message.
11994;GSA;;;;;;;
11995;GSV;;;;;;;
11996;GSV;;;;;;;
11997;;;;;;;;NMEA message parser not found for GRM.
11998;RMC;12/26/2016 10:09:37 PM;49.2151652666667;16.6016474166667;;;;
11999;;;;;;;;NMEA message parser not found for RMB.
12000;;;;;;;;Failed to parse: GGA.. Meters expected in GGA message.
12001;GSA;;;;;;;
12002;GSV;;;;;;;
12003;GSV;;;;;;;
12004;;;;;;;;NMEA message parser not found for GRM.
12005;RMC;12/26/2016 10:09:38 PM;49.2151738;16.6016421833333;;;;
12006;;;;;;;;NMEA message parser not found for RMB.
12007;;;;;;;;Failed to parse: GGA.. Meters expected in GGA message.
12008;GSA;;;;;;;
12009;GSV;;;;;;;
12010;GSV;;;;;;;
12011;;;;;;;;NMEA message parser not found for GRM.
12012;RMC;12/26/2016 10:09:39 PM;49.2151823166667;16.60163695;;;;
12013;;;;;;;;NMEA message parser not found for RMB.
12014;;;;;;;;Failed to parse: GGA.. Meters expected in GGA message.
12015;GSA;;;;;;;
12016;GSV;;;;;;;
12017;GSV;;;;;;;
12018;;;;;;;;NMEA message parser not found for GRM.
12019;RMC;12/26/2016 10:09:40 PM;49.21519085;16.6016317;;;;
12020;;;;;;;;NMEA message parser not found for RMB.
12021;;;;;;;;Failed to parse: GGA.. Meters expected in GGA message.
12022;GSA;;;;;;;
12023;GSV;;;;;;;
12024;GSV;;;;;;;
12025;;;;;;;;NMEA message parser not found for GRM.
12026;RMC;12/26/2016 10:09:41 PM;49.2151993833333;16.6016264666667;;;;
12027;;;;;;;;NMEA message parser not found for RMB.
12028;;;;;;;;Failed to parse: GGA.. Meters expected in GGA message.
12029;GSA;;;;;;;
12030;GSV;;;;;;;
12031;GSV;;;;;;;
12032;;;;;;;;NMEA message parser not found for GRM.
12033;RMC;12/26/2016 10:09:42 PM;49.2152079166667;16.6016212333333;;;;
12034;;;;;;;;NMEA message parser not found for RMB.
12035;;;;;;;;Failed to parse: GGA.. Meters expected in GGA message.
12036;GSA;;;;;;;
12037;GSV;;;;;;;
12038;GSV;;;;;;;
12039;;;;;;;;NMEA message parser not found for GRM.
12040;RMC;12/26/2016 10:09:43 PM;49.2152164333333;16.6016159833333;;;;
12041;;;;;;;;NMEA message parser not found for RMB.
12042;;;;;;;;Failed to parse: GGA.. Meters expected in GGA message.
12043;GSA;;;;;;;
12044;GSV;;;;;;;
12045;GSV;;;;;;;
12046;;;;;;;;NMEA message parser not found for GRM.
12047;RMC;12/26/2016 10:09:44 PM;49.2152249666667;16.60161075;;;;
12048;;;;;;;;NMEA message parser not found for RMB.
12049;;;;;;;;Failed to parse: GGA.. Meters expected in GGA message.
12050;GSA;;;;;;;
12051;GSV;;;;;;;
12052;GSV;;;;;;;
12053;;;;;;;;NMEA message parser not found for GRM.
12054;RMC;12/26/2016 10:09:45 PM;49.2152335;16.6016055;;;;
12055;;;;;;;;NMEA message parser not found for RMB.
12056;;;;;;;;Failed to parse: GGA.. Meters expected in GGA message.
12057;GSA;;;;;;;
12058;GSV;;;;;;;
12059;GSV;;;;;;;
12060;;;;;;;;NMEA message parser not found for GRM.
12061;RMC;12/26/2016 10:09:46 PM;49.2152420333333;16.6016002666667;;;;
12062;;;;;;;;NMEA message parser not found for RMB.
12063;;;;;;;;Failed to parse: GGA.. Meters expected in GGA message.
12064;GSA;;;;;;;
12065;GSV;;;;;;;
12066;GSV;;;;;;;
12067;;;;;;;;NMEA message parser not found for GRM.
12068;RMC;12/26/2016 10:09:47 PM;49.2152505666667;16.6015950333333;;;;
12069;;;;;;;;NMEA message parser not found for RMB.
12070;;;;;;;;Failed to parse: GGA.. Meters expected in GGA message.
12071;GSA;;;;;;;
12072;GSV;;;;;;;
12073;GSV;;;;;;;
12074;;;;;;;;NMEA message parser not found for GRM.
12075;RMC;12/26/2016 10:09:48 PM;49.2152590833333;16.6015897833333;;;;
12076;;;;;;;;NMEA message parser not found for RMB.
12077;;;;;;;;Failed to parse: GGA.. Meters expected in GGA message.
12078;GSA;;;;;;;
12079;GSV;;;;;;;
12080;GSV;;;;;;;
12081;;;;;;;;NMEA message parser not found for GRM.
12082;RMC;12/26/2016 10:09:49 PM;49.2152676166667;16.60158455;;;;
12083;;;;;;;;NMEA message parser not found for RMB.
12084;;;;;;;;Failed to parse: GGA.. Meters expected in GGA message.
12085;GSA;;;;;;;
12086;GSV;;;;;;;
12087;GSV;;;;;;;
12088;;;;;;;;NMEA message parser not found for GRM.
12089;RMC;12/26/2016 10:09:50 PM;49.21527615;16.6015793166667;;;;
12090;;;;;;;;NMEA message parser not found for RMB.
12091;;;;;;;;Failed to parse: GGA.. Meters expected in GGA message.
12092;GSA;;;;;;;
12093;GSV;;;;;;;
12094;GSV;;;;;;;
12095;;;;;;;;NMEA message parser not found for GRM.
12096;RMC;12/26/2016 10:09:51 PM;49.2152846833333;16.6015740666667;;;;
12097;;;;;;;;NMEA message parser not found for RMB.
12098;;;;;;;;Failed to parse: GGA.. Meters expected in GGA message.
12099;GSA;;;;;;;
12100;GSV;;;;;;;
12101;GSV;;;;;;;
12102;;;;;;;;NMEA message parser not found for GRM.
12103;RMC;12/26/2016 10:09:52 PM;49.2152932;16.6015688333333;;;;
12104;;;;;;;;NMEA message parser not found for RMB.
12105;;;;;;;;Failed to parse: GGA.. Meters expected in GGA message.
12106;GSA;;;;;;;
12107;GSV;;;;;;;
12108;GSV;;;;;;;
12109;;;;;;;;NMEA message parser not found for GRM.
12110;RMC;12/26/2016 10:09:53 PM;49.2153017333333;16.6015635833333;;;;
12111;;;;;;;;NMEA message parser not found for RMB.
12112;;;;;;;;Failed to parse: GGA.. Meters expected in GGA message.
12113;GSA;;;;;;;
12114;GSV;;;;;;;
12115;GSV;;;;;;;
12116;;;;;;;;NMEA message parser not found for GRM.
12117;RMC;12/26/2016 10:09:54 PM;49.2153102666667;16.60155835;;;;
12118;;;;;;;;NMEA message parser not found for RMB.
12119;;;;;;;;Failed to parse: GGA.. Meters expected in GGA message.
12120;GSA;;;;;;;
12121;GSV;;;;;;;
12122;GSV;;;;;;;
12123;;;;;;;;NMEA message parser not found for GRM.
12124;RMC;12/26/2016 10:09:55 PM;49.2153188;16.6015531166667;;;;
12125;;;;;;;;NMEA message parser not found for RMB.
12126;;;;;;;;Failed to parse: GGA.. Meters expected in GGA message.
12127;GSA;;;;;;;
12128;GSV;;;;;;;
12129;GSV;;;;;;;
12130;;;;;;;;NMEA message parser not found for GRM.
12131;RMC;12/26/2016 10:09:56 PM;49.2153273166667;16.6015478666667;;;;
12132;;;;;;;;NMEA message parser not found for RMB.
12133;;;;;;;;Failed to parse: GGA.. Meters expected in GGA message.
12134;GSA;;;;;;;
12135;GSV;;;;;;;
12136;GSV;;;;;;;
12137;;;;;;;;NMEA message parser not found for GRM.
12138;RMC;12/26/2016 10:09:57 PM;49.21533585;16.6015426333333;;;;
12139;;;;;;;;NMEA message parser not found for RMB.
12140;;;;;;;;Failed to parse: GGA.. Meters expected in GGA message.
12141;GSA;;;;;;;
12142;GSV;;;;;;;
12143;GSV;;;;;;;
12144;;;;;;;;NMEA message parser not found for GRM.
12145;RMC;12/26/2016 10:09:58 PM;49.2153443833333;16.6015374;;;;
12146;;;;;;;;NMEA message parser not found for RMB.
12147;;;;;;;;Failed to parse: GGA.. Meters expected in GGA message.
12148;GSA;;;;;;;
12149;GSV;;;;;;;
12150;GSV;;;;;;;
12151;;;;;;;;NMEA message parser not found for GRM.
12152;RMC;12/26/2016 10:09:59 PM;49.2153529166667;16.60153215;;;;
12153;;;;;;;;NMEA message parser not found for RMB.
12154;;;;;;;;Failed to parse: GGA.. Meters expected in GGA message.
12155;GSA;;;;;;;
12156;GSV;;;;;;;
12157;GSV;;;;;;;
12158;;;;;;;;NMEA message parser not found for GRM.
12159;RMC;12/26/2016 10:10:00 PM;49.2153614333333;16.6015269166667;;;;
12160;;;;;;;;NMEA message parser not found for RMB.
12161;;;;;;;;Failed to parse: GGA.. Meters expected in GGA message.
12162;GSA;;;;;;;
12163;GSV;;;;;;;
12164;GSV;;;;;;;
12165;;;;;;;;NMEA message parser not found for GRM.
12166;RMC;12/26/2016 10:10:01 PM;49.2153699666667;16.6015216833333;;;;
12167;;;;;;;;NMEA message parser not found for RMB.
12168;;;;;;;;Failed to parse: GGA.. Meters expected in GGA message.
12169;GSA;;;;;;;
12170;GSV;;;;;;;
12171;GSV;;;;;;;
12172;;;;;;;;NMEA message parser not found for GRM.
12173;RMC;12/26/2016 10:10:02 PM;49.2153785;16.6015164333333;;;;
12174;;;;;;;;NMEA message parser not found for RMB.
12175;;;;;;;;Failed to parse: GGA.. Meters expected in GGA message.
12176;GSA;;;;;;;
12177;GSV;;;;;;;
12178;GSV;;;;;;;
12179;;;;;;;;NMEA message parser not found for GRM.
12180;RMC;12/26/2016 10:10:03 PM;49.2153870333333;16.6015112;;;;
12181;;;;;;;;NMEA message parser not found for RMB.
12182;;;;;;;;Failed to parse: GGA.. Meters expected in GGA message.
12183;GSA;;;;;;;
12184;GSV;;;;;;;
12185;GSV;;;;;;;
12186;;;;;;;;NMEA message parser not found for GRM.
12187;RMC;12/26/2016 10:10:04 PM;49.21539555;16.60150595;;;;
12188;;;;;;;;NMEA message parser not found for RMB.
12189;;;;;;;;Failed to parse: GGA.. Meters expected in GGA message.
12190;GSA;;;;;;;
12191;GSV;;;;;;;
12192;GSV;;;;;;;
12193;;;;;;;;NMEA message parser not found for GRM.
12194;RMC;12/26/2016 10:10:05 PM;49.21540365;16.6015038;;;;
12195;;;;;;;;NMEA message parser not found for RMB.
12196;;;;;;;;Failed to parse: GGA.. Meters expected in GGA message.
12197;GSA;;;;;;;
12198;GSV;;;;;;;
12199;GSV;;;;;;;
12200;;;;;;;;NMEA message parser not found for GRM.
12201;RMC;12/26/2016 10:10:06 PM;49.2154104166667;16.6015111833333;;;;
12202;;;;;;;;NMEA message parser not found for RMB.
12203;;;;;;;;Failed to parse: GGA.. Meters expected in GGA message.
12204;GSA;;;;;;;
12205;GSV;;;;;;;
12206;GSV;;;;;;;
12207;;;;;;;;NMEA message parser not found for GRM.
12208;RMC;12/26/2016 10:10:07 PM;49.2154171833333;16.6015185666667;;;;
12209;;;;;;;;NMEA message parser not found for RMB.
12210;;;;;;;;Failed to parse: GGA.. Meters expected in GGA message.
12211;GSA;;;;;;;
12212;GSV;;;;;;;
12213;GSV;;;;;;;
12214;;;;;;;;NMEA message parser not found for GRM.
12215;RMC;12/26/2016 10:10:08 PM;49.2154239333333;16.60152595;;;;
12216;;;;;;;;NMEA message parser not found for RMB.
12217;;;;;;;;Failed to parse: GGA.. Meters expected in GGA message.
12218;GSA;;;;;;;
12219;GSV;;;;;;;
12220;GSV;;;;;;;
12221;;;;;;;;NMEA message parser not found for GRM.
12222;RMC;12/26/2016 10:10:09 PM;49.2154307;16.6015333333333;;;;
12223;;;;;;;;NMEA message parser not found for RMB.
12224;;;;;;;;Failed to parse: GGA.. Meters expected in GGA message.
12225;GSA;;;;;;;
12226;GSV;;;;;;;
12227;GSV;;;;;;;
12228;;;;;;;;NMEA message parser not found for GRM.
12229;RMC;12/26/2016 10:10:10 PM;49.21543745;16.6015407166667;;;;
12230;;;;;;;;NMEA message parser not found for RMB.
12231;;;;;;;;Failed to parse: GGA.. Meters expected in GGA message.
12232;GSA;;;;;;;
12233;GSV;;;;;;;
12234;GSV;;;;;;;
12235;;;;;;;;NMEA message parser not found for GRM.
12236;RMC;12/26/2016 10:10:11 PM;49.2154442166667;16.6015481;;;;
12237;;;;;;;;NMEA message parser not found for RMB.
12238;;;;;;;;Failed to parse: GGA.. Meters expected in GGA message.
12239;GSA;;;;;;;
12240;GSV;;;;;;;
12241;GSV;;;;;;;
12242;;;;;;;;NMEA message parser not found for GRM.
12243;RMC;12/26/2016 10:10:12 PM;49.2154509833333;16.6015554833333;;;;
12244;;;;;;;;NMEA message parser not found for RMB.
12245;;;;;;;;Failed to parse: GGA.. Meters expected in GGA message.
12246;GSA;;;;;;;
12247;GSV;;;;;;;
12248;GSV;;;;;;;
12249;;;;;;;;NMEA message parser not found for GRM.
12250;RMC;12/26/2016 10:10:13 PM;49.2154577333333;16.6015628666667;;;;
12251;;;;;;;;NMEA message parser not found for RMB.
12252;;;;;;;;Failed to parse: GGA.. Meters expected in GGA message.
12253;GSA;;;;;;;
12254;GSV;;;;;;;
12255;GSV;;;;;;;
12256;;;;;;;;NMEA message parser not found for GRM.
12257;RMC;12/26/2016 10:10:14 PM;49.2154645;16.6015702333333;;;;
12258;;;;;;;;NMEA message parser not found for RMB.
12259;;;;;;;;Failed to parse: GGA.. Meters expected in GGA message.
12260;GSA;;;;;;;
12261;GSV;;;;;;;
12262;GSV;;;;;;;
12263;;;;;;;;NMEA message parser not found for GRM.
12264;RMC;12/26/2016 10:10:15 PM;49.2154712666667;16.6015776166667;;;;
12265;;;;;;;;NMEA message parser not found for RMB.
12266;;;;;;;;Failed to parse: GGA.. Meters expected in GGA message.
12267;GSA;;;;;;;
12268;GSV;;;;;;;
12269;GSV;;;;;;;
12270;;;;;;;;NMEA message parser not found for GRM.
12271;RMC;12/26/2016 10:10:16 PM;49.2154780166667;16.601585;;;;
12272;;;;;;;;NMEA message parser not found for RMB.
12273;;;;;;;;Failed to parse: GGA.. Meters expected in GGA message.
12274;GSA;;;;;;;
12275;GSV;;;;;;;
12276;GSV;;;;;;;
12277;;;;;;;;NMEA message parser not found for GRM.
12278;RMC;12/26/2016 10:10:17 PM;49.2154847833333;16.6015923833333;;;;
12279;;;;;;;;NMEA message parser not found for RMB.
12280;;;;;;;;Failed to parse: GGA.. Meters expected in GGA message.
12281;GSA;;;;;;;
12282;GSV;;;;;;;
12283;GSV;;;;;;;
12284;;;;;;;;NMEA message parser not found for GRM.
12285;RMC;12/26/2016 10:10:18 PM;49.21549155;16.6015997666667;;;;
12286;;;;;;;;NMEA message parser not found for RMB.
12287;;;;;;;;Failed to parse: GGA.. Meters expected in GGA message.
12288;GSA;;;;;;;
12289;GSV;;;;;;;
12290;GSV;;;;;;;
12291;;;;;;;;NMEA message parser not found for GRM.
12292;RMC;12/26/2016 10:10:19 PM;49.2154983;16.60160715;;;;
12293;;;;;;;;NMEA message parser not found for RMB.
12294;;;;;;;;Failed to parse: GGA.. Meters expected in GGA message.
12295;GSA;;;;;;;
12296;GSV;;;;;;;
12297;GSV;;;;;;;
12298;;;;;;;;NMEA message parser not found for GRM.
12299;RMC;12/26/2016 10:10:20 PM;49.2155017333333;16.6016163;;;;
12300;;;;;;;;NMEA message parser not found for RMB.
12301;;;;;;;;Failed to parse: GGA.. Meters expected in GGA message.
12302;GSA;;;;;;;
12303;GSV;;;;;;;
12304;GSV;;;;;;;
12305;;;;;;;;NMEA message parser not found for GRM.
12306;RMC;12/26/2016 10:10:21 PM;49.2155040666667;16.6016260333333;;;;
12307;;;;;;;;NMEA message parser not found for RMB.
12308;;;;;;;;Failed to parse: GGA.. Meters expected in GGA message.
12309;GSA;;;;;;;
12310;GSV;;;;;;;
12311;GSV;;;;;;;
12312;;;;;;;;NMEA message parser not found for GRM.
12313;RMC;12/26/2016 10:10:22 PM;49.2155063833333;16.6016357666667;;;;
12314;;;;;;;;NMEA message parser not found for RMB.
12315;;;;;;;;Failed to parse: GGA.. Meters expected in GGA message.
12316;GSA;;;;;;;
12317;GSV;;;;;;;
12318;GSV;;;;;;;
12319;;;;;;;;NMEA message parser not found for GRM.
12320;RMC;12/26/2016 10:10:23 PM;49.2155087166667;16.6016455;;;;
12321;;;;;;;;NMEA message parser not found for RMB.
12322;;;;;;;;Failed to parse: GGA.. Meters expected in GGA message.
12323;GSA;;;;;;;
12324;GSV;;;;;;;
12325;GSV;;;;;;;
12326;;;;;;;;NMEA message parser not found for GRM.
12327;RMC;12/26/2016 10:10:24 PM;49.2155110333333;16.60165525;;;;
12328;;;;;;;;NMEA message parser not found for RMB.
12329;;;;;;;;Failed to parse: GGA.. Meters expected in GGA message.
12330;GSA;;;;;;;
12331;GSV;;;;;;;
12332;GSV;;;;;;;
12333;;;;;;;;NMEA message parser not found for GRM.
12334;RMC;12/26/2016 10:10:25 PM;49.2155133666667;16.6016649833333;;;;
12335;;;;;;;;NMEA message parser not found for RMB.
12336;;;;;;;;Failed to parse: GGA.. Meters expected in GGA message.
12337;GSA;;;;;;;
12338;GSV;;;;;;;
12339;GSV;;;;;;;
12340;;;;;;;;NMEA message parser not found for GRM.
12341;RMC;12/26/2016 10:10:26 PM;49.2155156833333;16.6016747166667;;;;
12342;;;;;;;;NMEA message parser not found for RMB.
12343;;;;;;;;Failed to parse: GGA.. Meters expected in GGA message.
12344;GSA;;;;;;;
12345;GSV;;;;;;;
12346;GSV;;;;;;;
12347;;;;;;;;NMEA message parser not found for GRM.
12348;RMC;12/26/2016 10:10:27 PM;49.215518;16.60168445;;;;
12349;;;;;;;;NMEA message parser not found for RMB.
12350;;;;;;;;Failed to parse: GGA.. Meters expected in GGA message.
12351;GSA;;;;;;;
12352;GSV;;;;;;;
12353;GSV;;;;;;;
12354;;;;;;;;NMEA message parser not found for GRM.
12355;RMC;12/26/2016 10:10:28 PM;49.2155203333333;16.6016941833333;;;;
12356;;;;;;;;NMEA message parser not found for RMB.
12357;;;;;;;;Failed to parse: GGA.. Meters expected in GGA message.
12358;GSA;;;;;;;
12359;GSV;;;;;;;
12360;GSV;;;;;;;
12361;;;;;;;;NMEA message parser not found for GRM.
12362;RMC;12/26/2016 10:10:29 PM;49.21552265;16.6017039333333;;;;
12363;;;;;;;;NMEA message parser not found for RMB.
12364;;;;;;;;Failed to parse: GGA.. Meters expected in GGA message.
12365;GSA;;;;;;;
12366;GSV;;;;;;;
12367;GSV;;;;;;;
12368;;;;;;;;NMEA message parser not found for GRM.
12369;RMC;12/26/2016 10:10:30 PM;49.2155249833333;16.6017136666667;;;;
12370;;;;;;;;NMEA message parser not found for RMB.
12371;;;;;;;;Failed to parse: GGA.. Meters expected in GGA message.
12372;GSA;;;;;;;
12373;GSV;;;;;;;
12374;GSV;;;;;;;
12375;;;;;;;;NMEA message parser not found for GRM.
12376;RMC;12/26/2016 10:10:31 PM;49.2155273;16.6017234;;;;
12377;;;;;;;;NMEA message parser not found for RMB.
12378;;;;;;;;Failed to parse: GGA.. Meters expected in GGA message.
12379;GSA;;;;;;;
12380;GSV;;;;;;;
12381;GSV;;;;;;;
12382;;;;;;;;NMEA message parser not found for GRM.
12383;RMC;12/26/2016 10:10:32 PM;49.2155296166667;16.6017331333333;;;;
12384;;;;;;;;NMEA message parser not found for RMB.
12385;;;;;;;;Failed to parse: GGA.. Meters expected in GGA message.
12386;GSA;;;;;;;
12387;GSV;;;;;;;
12388;GSV;;;;;;;
12389;;;;;;;;NMEA message parser not found for GRM.
12390;RMC;12/26/2016 10:10:33 PM;49.21553195;16.6017428666667;;;;
12391;;;;;;;;NMEA message parser not found for RMB.
12392;;;;;;;;Failed to parse: GGA.. Meters expected in GGA message.
12393;GSA;;;;;;;
12394;GSV;;;;;;;
12395;GSV;;;;;;;
12396;;;;;;;;NMEA message parser not found for GRM.
12397;RMC;12/26/2016 10:10:34 PM;49.2155342666667;16.6017526166667;;;;
12398;;;;;;;;NMEA message parser not found for RMB.
12399;;;;;;;;Failed to parse: GGA.. Meters expected in GGA message.
12400;GSA;;;;;;;
12401;GSV;;;;;;;
12402;GSV;;;;;;;
12403;;;;;;;;NMEA message parser not found for GRM.
12404;RMC;12/26/2016 10:10:35 PM;49.2155366;16.60176235;;;;
12405;;;;;;;;NMEA message parser not found for RMB.
12406;;;;;;;;Failed to parse: GGA.. Meters expected in GGA message.
12407;GSA;;;;;;;
12408;GSV;;;;;;;
12409;GSV;;;;;;;
12410;;;;;;;;NMEA message parser not found for GRM.
12411;RMC;12/26/2016 10:10:36 PM;49.2155389166667;16.6017720833333;;;;
12412;;;;;;;;NMEA message parser not found for RMB.
12413;;;;;;;;Failed to parse: GGA.. Meters expected in GGA message.
12414;GSA;;;;;;;
12415;GSV;;;;;;;
12416;GSV;;;;;;;
12417;;;;;;;;NMEA message parser not found for GRM.
12418;RMC;12/26/2016 10:10:37 PM;49.2155412333333;16.6017818166667;;;;
12419;;;;;;;;NMEA message parser not found for RMB.
12420;;;;;;;;Failed to parse: GGA.. Meters expected in GGA message.
12421;GSA;;;;;;;
12422;GSV;;;;;;;
12423;GSV;;;;;;;
12424;;;;;;;;NMEA message parser not found for GRM.
12425;RMC;12/26/2016 10:10:38 PM;49.2155435666667;16.60179155;;;;
12426;;;;;;;;NMEA message parser not found for RMB.
12427;;;;;;;;Failed to parse: GGA.. Meters expected in GGA message.
12428;GSA;;;;;;;
12429;GSV;;;;;;;
12430;GSV;;;;;;;
12431;;;;;;;;NMEA message parser not found for GRM.
12432;RMC;12/26/2016 10:10:39 PM;49.2155458833333;16.6018013;;;;
12433;;;;;;;;NMEA message parser not found for RMB.
12434;;;;;;;;Failed to parse: GGA.. Meters expected in GGA message.
12435;GSA;;;;;;;
12436;GSV;;;;;;;
12437;GSV;;;;;;;
12438;;;;;;;;NMEA message parser not found for GRM.
12439;RMC;12/26/2016 10:10:40 PM;49.2155482166667;16.6018110333333;;;;
12440;;;;;;;;NMEA message parser not found for RMB.
12441;;;;;;;;Failed to parse: GGA.. Meters expected in GGA message.
12442;GSA;;;;;;;
12443;GSV;;;;;;;
12444;GSV;;;;;;;
12445;;;;;;;;NMEA message parser not found for GRM.
12446;RMC;12/26/2016 10:10:41 PM;49.2155505333333;16.6018207666667;;;;
12447;;;;;;;;NMEA message parser not found for RMB.
12448;;;;;;;;Failed to parse: GGA.. Meters expected in GGA message.
12449;GSA;;;;;;;
12450;GSV;;;;;;;
12451;GSV;;;;;;;
12452;;;;;;;;NMEA message parser not found for GRM.
12453;RMC;12/26/2016 10:10:42 PM;49.2155528666667;16.6018305;;;;
12454;;;;;;;;NMEA message parser not found for RMB.
12455;;;;;;;;Failed to parse: GGA.. Meters expected in GGA message.
12456;GSA;;;;;;;
12457;GSV;;;;;;;
12458;GSV;;;;;;;
12459;;;;;;;;NMEA message parser not found for GRM.
12460;RMC;12/26/2016 10:10:43 PM;49.2155551833333;16.6018402333333;;;;
12461;;;;;;;;NMEA message parser not found for RMB.
12462;;;;;;;;Failed to parse: GGA.. Meters expected in GGA message.
12463;GSA;;;;;;;
12464;GSV;;;;;;;
12465;GSV;;;;;;;
12466;;;;;;;;NMEA message parser not found for GRM.
12467;RMC;12/26/2016 10:10:44 PM;49.2155575;16.6018499833333;;;;
12468;;;;;;;;NMEA message parser not found for RMB.
12469;;;;;;;;Failed to parse: GGA.. Meters expected in GGA message.
12470;GSA;;;;;;;
12471;GSV;;;;;;;
12472;GSV;;;;;;;
12473;;;;;;;;NMEA message parser not found for GRM.
12474;RMC;12/26/2016 10:10:45 PM;49.2155598333333;16.6018597166667;;;;
12475;;;;;;;;NMEA message parser not found for RMB.
12476;;;;;;;;Failed to parse: GGA.. Meters expected in GGA message.
12477;GSA;;;;;;;
12478;GSV;;;;;;;
12479;GSV;;;;;;;
12480;;;;;;;;NMEA message parser not found for GRM.
12481;RMC;12/26/2016 10:10:46 PM;49.21556215;16.60186945;;;;
12482;;;;;;;;NMEA message parser not found for RMB.
12483;;;;;;;;Failed to parse: GGA.. Meters expected in GGA message.
12484;GSA;;;;;;;
12485;GSV;;;;;;;
12486;GSV;;;;;;;
12487;;;;;;;;NMEA message parser not found for GRM.
12488;RMC;12/26/2016 10:10:47 PM;49.2155644833333;16.6018791833333;;;;
12489;;;;;;;;NMEA message parser not found for RMB.
12490;;;;;;;;Failed to parse: GGA.. Meters expected in GGA message.
12491;GSA;;;;;;;
12492;GSV;;;;;;;
12493;GSV;;;;;;;
12494;;;;;;;;NMEA message parser not found for GRM.
12495;RMC;12/26/2016 10:10:48 PM;49.2155668;16.6018889166667;;;;
12496;;;;;;;;NMEA message parser not found for RMB.
12497;;;;;;;;Failed to parse: GGA.. Meters expected in GGA message.
12498;GSA;;;;;;;
12499;GSV;;;;;;;
12500;GSV;;;;;;;
12501;;;;;;;;NMEA message parser not found for GRM.
12502;RMC;12/26/2016 10:10:49 PM;49.2155691166667;16.6018986666667;;;;
12503;;;;;;;;NMEA message parser not found for RMB.
12504;;;;;;;;Failed to parse: GGA.. Meters expected in GGA message.
12505;GSA;;;;;;;
12506;GSV;;;;;;;
12507;GSV;;;;;;;
12508;;;;;;;;NMEA message parser not found for GRM.
12509;RMC;12/26/2016 10:10:50 PM;49.21557145;16.6019084;;;;
12510;;;;;;;;NMEA message parser not found for RMB.
12511;;;;;;;;Failed to parse: GGA.. Meters expected in GGA message.
12512;GSA;;;;;;;
12513;GSV;;;;;;;
12514;GSV;;;;;;;
12515;;;;;;;;NMEA message parser not found for GRM.
12516;RMC;12/26/2016 10:10:51 PM;49.2155737666667;16.6019181333333;;;;
12517;;;;;;;;NMEA message parser not found for RMB.
12518;;;;;;;;Failed to parse: GGA.. Meters expected in GGA message.
12519;GSA;;;;;;;
12520;GSV;;;;;;;
12521;GSV;;;;;;;
12522;;;;;;;;NMEA message parser not found for GRM.
12523;RMC;12/26/2016 10:10:52 PM;49.2155761;16.6019278666667;;;;
12524;;;;;;;;NMEA message parser not found for RMB.
12525;;;;;;;;Failed to parse: GGA.. Meters expected in GGA message.
12526;GSA;;;;;;;
12527;GSV;;;;;;;
12528;GSV;;;;;;;
12529;;;;;;;;NMEA message parser not found for GRM.
12530;RMC;12/26/2016 10:10:53 PM;49.2155784166667;16.6019376;;;;
12531;;;;;;;;NMEA message parser not found for RMB.
12532;;;;;;;;Failed to parse: GGA.. Meters expected in GGA message.
12533;GSA;;;;;;;
12534;GSV;;;;;;;
12535;GSV;;;;;;;
12536;;;;;;;;NMEA message parser not found for GRM.
12537;RMC;12/26/2016 10:10:54 PM;49.2155807333333;16.60194735;;;;
12538;;;;;;;;NMEA message parser not found for RMB.
12539;;;;;;;;Failed to parse: GGA.. Meters expected in GGA message.
12540;GSA;;;;;;;
12541;GSV;;;;;;;
12542;GSV;;;;;;;
12543;;;;;;;;NMEA message parser not found for GRM.
12544;RMC;12/26/2016 10:10:55 PM;49.2155830666667;16.6019570833333;;;;
12545;;;;;;;;NMEA message parser not found for RMB.
12546;;;;;;;;Failed to parse: GGA.. Meters expected in GGA message.
12547;GSA;;;;;;;
12548;GSV;;;;;;;
12549;GSV;;;;;;;
12550;;;;;;;;NMEA message parser not found for GRM.
12551;RMC;12/26/2016 10:10:56 PM;49.2155853833333;16.6019668166667;;;;
12552;;;;;;;;NMEA message parser not found for RMB.
12553;;;;;;;;Failed to parse: GGA.. Meters expected in GGA message.
12554;GSA;;;;;;;
12555;GSV;;;;;;;
12556;GSV;;;;;;;
12557;;;;;;;;NMEA message parser not found for GRM.
12558;RMC;12/26/2016 10:10:57 PM;49.2155877166667;16.60197655;;;;
12559;;;;;;;;NMEA message parser not found for RMB.
12560;;;;;;;;Failed to parse: GGA.. Meters expected in GGA message.
12561;GSA;;;;;;;
12562;GSV;;;;;;;
12563;GSV;;;;;;;
12564;;;;;;;;NMEA message parser not found for GRM.
12565;RMC;12/26/2016 10:10:58 PM;49.2155900333333;16.6019862833333;;;;
12566;;;;;;;;NMEA message parser not found for RMB.
12567;;;;;;;;Failed to parse: GGA.. Meters expected in GGA message.
12568;GSA;;;;;;;
12569;GSV;;;;;;;
12570;GSV;;;;;;;
12571;;;;;;;;NMEA message parser not found for GRM.
12572;RMC;12/26/2016 10:10:59 PM;49.21559235;16.6019960166667;;;;
12573;;;;;;;;NMEA message parser not found for RMB.
12574;;;;;;;;Failed to parse: GGA.. Meters expected in GGA message.
12575;GSA;;;;;;;
12576;GSV;;;;;;;
12577;GSV;;;;;;;
12578;;;;;;;;NMEA message parser not found for GRM.
12579;RMC;12/26/2016 10:11:00 PM;49.2155946833333;16.6020057666667;;;;
12580;;;;;;;;NMEA message parser not found for RMB.
12581;;;;;;;;Failed to parse: GGA.. Meters expected in GGA message.
12582;GSA;;;;;;;
12583;GSV;;;;;;;
12584;GSV;;;;;;;
12585;;;;;;;;NMEA message parser not found for GRM.
12586;RMC;12/26/2016 10:11:01 PM;49.215597;16.6020155;;;;
12587;;;;;;;;NMEA message parser not found for RMB.
12588;;;;;;;;Failed to parse: GGA.. Meters expected in GGA message.
12589;GSA;;;;;;;
12590;GSV;;;;;;;
12591;GSV;;;;;;;
12592;;;;;;;;NMEA message parser not found for GRM.
12593;RMC;12/26/2016 10:11:02 PM;49.2155993333333;16.6020252333333;;;;
12594;;;;;;;;NMEA message parser not found for RMB.
12595;;;;;;;;Failed to parse: GGA.. Meters expected in GGA message.
12596;GSA;;;;;;;
12597;GSV;;;;;;;
12598;GSV;;;;;;;
12599;;;;;;;;NMEA message parser not found for GRM.
12600;RMC;12/26/2016 10:11:03 PM;49.21560165;16.6020349666667;;;;
12601;;;;;;;;NMEA message parser not found for RMB.
12602;;;;;;;;Failed to parse: GGA.. Meters expected in GGA message.
12603;GSA;;;;;;;
12604;GSV;;;;;;;
12605;GSV;;;;;;;
12606;;;;;;;;NMEA message parser not found for GRM.
12607;RMC;12/26/2016 10:11:04 PM;49.2156039833333;16.6020447;;;;
12608;;;;;;;;NMEA message parser not found for RMB.
12609;;;;;;;;Failed to parse: GGA.. Meters expected in GGA message.
12610;GSA;;;;;;;
12611;GSV;;;;;;;
12612;GSV;;;;;;;
12613;;;;;;;;NMEA message parser not found for GRM.
12614;RMC;12/26/2016 10:11:05 PM;49.2156063;16.60205445;;;;
12615;;;;;;;;NMEA message parser not found for RMB.
12616;;;;;;;;Failed to parse: GGA.. Meters expected in GGA message.
12617;GSA;;;;;;;
12618;GSV;;;;;;;
12619;GSV;;;;;;;
12620;;;;;;;;NMEA message parser not found for GRM.
12621;RMC;12/26/2016 10:11:06 PM;49.2156086166667;16.6020641833333;;;;
12622;;;;;;;;NMEA message parser not found for RMB.
12623;;;;;;;;Failed to parse: GGA.. Meters expected in GGA message.
12624;GSA;;;;;;;
12625;GSV;;;;;;;
12626;GSV;;;;;;;
12627;;;;;;;;NMEA message parser not found for GRM.
12628;RMC;12/26/2016 10:11:07 PM;49.21561095;16.6020739166667;;;;
12629;;;;;;;;NMEA message parser not found for RMB.
12630;;;;;;;;Failed to parse: GGA.. Meters expected in GGA message.
12631;GSA;;;;;;;
12632;GSV;;;;;;;
12633;GSV;;;;;;;
12634;;;;;;;;NMEA message parser not found for GRM.
12635;RMC;12/26/2016 10:11:08 PM;49.2156132666667;16.60208365;;;;
12636;;;;;;;;NMEA message parser not found for RMB.
12637;;;;;;;;Failed to parse: GGA.. Meters expected in GGA message.
12638;GSA;;;;;;;
12639;GSV;;;;;;;
12640;GSV;;;;;;;
12641;;;;;;;;NMEA message parser not found for GRM.
12642;RMC;12/26/2016 10:11:09 PM;49.2156156;16.6020933833333;;;;
12643;;;;;;;;NMEA message parser not found for RMB.
12644;;;;;;;;Failed to parse: GGA.. Meters expected in GGA message.
12645;GSA;;;;;;;
12646;GSV;;;;;;;
12647;GSV;;;;;;;
12648;;;;;;;;NMEA message parser not found for GRM.
12649;RMC;12/26/2016 10:11:10 PM;49.2156179166667;16.6021031333333;;;;
12650;;;;;;;;NMEA message parser not found for RMB.
12651;;;;;;;;Failed to parse: GGA.. Meters expected in GGA message.
12652;GSA;;;;;;;
12653;GSV;;;;;;;
12654;GSV;;;;;;;
12655;;;;;;;;NMEA message parser not found for GRM.
12656;RMC;12/26/2016 10:11:11 PM;49.2156202333333;16.6021128666667;;;;
12657;;;;;;;;NMEA message parser not found for RMB.
12658;;;;;;;;Failed to parse: GGA.. Meters expected in GGA message.
12659;GSA;;;;;;;
12660;GSV;;;;;;;
12661;GSV;;;;;;;
12662;;;;;;;;NMEA message parser not found for GRM.
12663;RMC;12/26/2016 10:11:12 PM;49.2156225666667;16.6021226;;;;
12664;;;;;;;;NMEA message parser not found for RMB.
12665;;;;;;;;Failed to parse: GGA.. Meters expected in GGA message.
12666;GSA;;;;;;;
12667;GSV;;;;;;;
12668;GSV;;;;;;;
12669;;;;;;;;NMEA message parser not found for GRM.
12670;RMC;12/26/2016 10:11:13 PM;49.2156248833333;16.6021323333333;;;;
12671;;;;;;;;NMEA message parser not found for RMB.
12672;;;;;;;;Failed to parse: GGA.. Meters expected in GGA message.
12673;GSA;;;;;;;
12674;GSV;;;;;;;
12675;GSV;;;;;;;
12676;;;;;;;;NMEA message parser not found for GRM.
12677;RMC;12/26/2016 10:11:14 PM;49.2156272166667;16.6021420666667;;;;
12678;;;;;;;;NMEA message parser not found for RMB.
12679;;;;;;;;Failed to parse: GGA.. Meters expected in GGA message.
12680;GSA;;;;;;;
12681;GSV;;;;;;;
12682;GSV;;;;;;;
12683;;;;;;;;NMEA message parser not found for GRM.
12684;RMC;12/26/2016 10:11:15 PM;49.2156295333333;16.6021518166667;;;;
12685;;;;;;;;NMEA message parser not found for RMB.
12686;;;;;;;;Failed to parse: GGA.. Meters expected in GGA message.
12687;GSA;;;;;;;
12688;GSV;;;;;;;
12689;GSV;;;;;;;
12690;;;;;;;;NMEA message parser not found for GRM.
12691;RMC;12/26/2016 10:11:16 PM;49.21563185;16.60216155;;;;
12692;;;;;;;;NMEA message parser not found for RMB.
12693;;;;;;;;Failed to parse: GGA.. Meters expected in GGA message.
12694;GSA;;;;;;;
12695;GSV;;;;;;;
12696;GSV;;;;;;;
12697;;;;;;;;NMEA message parser not found for GRM.
12698;RMC;12/26/2016 10:11:17 PM;49.2156341833333;16.6021712833333;;;;
12699;;;;;;;;NMEA message parser not found for RMB.
12700;;;;;;;;Failed to parse: GGA.. Meters expected in GGA message.
12701;GSA;;;;;;;
12702;GSV;;;;;;;
12703;GSV;;;;;;;
12704;;;;;;;;NMEA message parser not found for GRM.
12705;RMC;12/26/2016 10:11:18 PM;49.2156365;16.6021810166667;;;;
12706;;;;;;;;NMEA message parser not found for RMB.
12707;;;;;;;;Failed to parse: GGA.. Meters expected in GGA message.
12708;GSA;;;;;;;
12709;GSV;;;;;;;
12710;GSV;;;;;;;
12711;;;;;;;;NMEA message parser not found for GRM.
12712;RMC;12/26/2016 10:11:19 PM;49.2156388333333;16.60219075;;;;
12713;;;;;;;;NMEA message parser not found for RMB.
12714;;;;;;;;Failed to parse: GGA.. Meters expected in GGA message.
12715;GSA;;;;;;;
12716;GSV;;;;;;;
12717;GSV;;;;;;;
12718;;;;;;;;NMEA message parser not found for GRM.
12719;RMC;12/26/2016 10:11:20 PM;49.21564115;16.6022005;;;;
12720;;;;;;;;NMEA message parser not found for RMB.
12721;;;;;;;;Failed to parse: GGA.. Meters expected in GGA message.
12722;GSA;;;;;;;
12723;GSV;;;;;;;
12724;GSV;;;;;;;
12725;;;;;;;;NMEA message parser not found for GRM.
12726;RMC;12/26/2016 10:11:21 PM;49.2156434833333;16.6022102333333;;;;
12727;;;;;;;;NMEA message parser not found for RMB.
12728;;;;;;;;Failed to parse: GGA.. Meters expected in GGA message.
12729;GSA;;;;;;;
12730;GSV;;;;;;;
12731;GSV;;;;;;;
12732;;;;;;;;NMEA message parser not found for GRM.
12733;RMC;12/26/2016 10:11:22 PM;49.2156458;16.6022199666667;;;;
12734;;;;;;;;NMEA message parser not found for RMB.
12735;;;;;;;;Failed to parse: GGA.. Meters expected in GGA message.
12736;GSA;;;;;;;
12737;GSV;;;;;;;
12738;GSV;;;;;;;
12739;;;;;;;;NMEA message parser not found for GRM.
12740;RMC;12/26/2016 10:11:23 PM;49.2156481166667;16.6022297;;;;
12741;;;;;;;;NMEA message parser not found for RMB.
12742;;;;;;;;Failed to parse: GGA.. Meters expected in GGA message.
12743;GSA;;;;;;;
12744;GSV;;;;;;;
12745;GSV;;;;;;;
12746;;;;;;;;NMEA message parser not found for GRM.
12747;RMC;12/26/2016 10:11:24 PM;49.21565045;16.6022394333333;;;;
12748;;;;;;;;NMEA message parser not found for RMB.
12749;;;;;;;;Failed to parse: GGA.. Meters expected in GGA message.
12750;GSA;;;;;;;
12751;GSV;;;;;;;
12752;GSV;;;;;;;
12753;;;;;;;;NMEA message parser not found for GRM.
12754;RMC;12/26/2016 10:11:25 PM;49.2156527666667;16.6022491833333;;;;
12755;;;;;;;;NMEA message parser not found for RMB.
12756;;;;;;;;Failed to parse: GGA.. Meters expected in GGA message.
12757;GSA;;;;;;;
12758;GSV;;;;;;;
12759;GSV;;;;;;;
12760;;;;;;;;NMEA message parser not found for GRM.
12761;RMC;12/26/2016 10:11:26 PM;49.2156551;16.6022589166667;;;;
12762;;;;;;;;NMEA message parser not found for RMB.
12763;;;;;;;;Failed to parse: GGA.. Meters expected in GGA message.
12764;GSA;;;;;;;
12765;GSV;;;;;;;
12766;GSV;;;;;;;
12767;;;;;;;;NMEA message parser not found for GRM.
12768;RMC;12/26/2016 10:11:27 PM;49.2156574166667;16.60226865;;;;
12769;;;;;;;;NMEA message parser not found for RMB.
12770;;;;;;;;Failed to parse: GGA.. Meters expected in GGA message.
12771;GSA;;;;;;;
12772;GSV;;;;;;;
12773;GSV;;;;;;;
12774;;;;;;;;NMEA message parser not found for GRM.
12775;RMC;12/26/2016 10:11:28 PM;49.2156597333333;16.6022783833333;;;;
12776;;;;;;;;NMEA message parser not found for RMB.
12777;;;;;;;;Failed to parse: GGA.. Meters expected in GGA message.
12778;GSA;;;;;;;
12779;GSV;;;;;;;
12780;GSV;;;;;;;
12781;;;;;;;;NMEA message parser not found for GRM.
12782;RMC;12/26/2016 10:11:29 PM;49.2156620666667;16.6022881166667;;;;
12783;;;;;;;;NMEA message parser not found for RMB.
12784;;;;;;;;Failed to parse: GGA.. Meters expected in GGA message.
12785;GSA;;;;;;;
12786;GSV;;;;;;;
12787;GSV;;;;;;;
12788;;;;;;;;NMEA message parser not found for GRM.
12789;RMC;12/26/2016 10:11:30 PM;49.2156643833333;16.6022978666667;;;;
12790;;;;;;;;NMEA message parser not found for RMB.
12791;;;;;;;;Failed to parse: GGA.. Meters expected in GGA message.
12792;GSA;;;;;;;
12793;GSV;;;;;;;
12794;GSV;;;;;;;
12795;;;;;;;;NMEA message parser not found for GRM.
12796;RMC;12/26/2016 10:11:31 PM;49.2156667166667;16.6023076;;;;
12797;;;;;;;;NMEA message parser not found for RMB.
12798;;;;;;;;Failed to parse: GGA.. Meters expected in GGA message.
12799;GSA;;;;;;;
12800;GSV;;;;;;;
12801;GSV;;;;;;;
12802;;;;;;;;NMEA message parser not found for GRM.
12803;RMC;12/26/2016 10:11:32 PM;49.2156690333333;16.6023173333333;;;;
12804;;;;;;;;NMEA message parser not found for RMB.
12805;;;;;;;;Failed to parse: GGA.. Meters expected in GGA message.
12806;GSA;;;;;;;
12807;GSV;;;;;;;
12808;GSV;;;;;;;
12809;;;;;;;;NMEA message parser not found for GRM.
12810;RMC;12/26/2016 10:11:33 PM;49.21567135;16.6023270666667;;;;
12811;;;;;;;;NMEA message parser not found for RMB.
12812;;;;;;;;Failed to parse: GGA.. Meters expected in GGA message.
12813;GSA;;;;;;;
12814;GSV;;;;;;;
12815;GSV;;;;;;;
12816;;;;;;;;NMEA message parser not found for GRM.
12817;RMC;12/26/2016 10:11:34 PM;49.2156736833333;16.6023368;;;;
12818;;;;;;;;NMEA message parser not found for RMB.
12819;;;;;;;;Failed to parse: GGA.. Meters expected in GGA message.
12820;GSA;;;;;;;
12821;GSV;;;;;;;
12822;GSV;;;;;;;
12823;;;;;;;;NMEA message parser not found for GRM.
12824;RMC;12/26/2016 10:11:35 PM;49.215676;16.60234655;;;;
12825;;;;;;;;NMEA message parser not found for RMB.
12826;;;;;;;;Failed to parse: GGA.. Meters expected in GGA message.
12827;GSA;;;;;;;
12828;GSV;;;;;;;
12829;GSV;;;;;;;
12830;;;;;;;;NMEA message parser not found for GRM.
12831;RMC;12/26/2016 10:11:36 PM;49.2156783333333;16.6023562833333;;;;
12832;;;;;;;;NMEA message parser not found for RMB.
12833;;;;;;;;Failed to parse: GGA.. Meters expected in GGA message.
12834;GSA;;;;;;;
12835;GSV;;;;;;;
12836;GSV;;;;;;;
12837;;;;;;;;NMEA message parser not found for GRM.
12838;RMC;12/26/2016 10:11:37 PM;49.21568065;16.6023660166667;;;;
12839;;;;;;;;NMEA message parser not found for RMB.
12840;;;;;;;;Failed to parse: GGA.. Meters expected in GGA message.
12841;GSA;;;;;;;
12842;GSV;;;;;;;
12843;GSV;;;;;;;
12844;;;;;;;;NMEA message parser not found for GRM.
12845;RMC;12/26/2016 10:11:38 PM;49.2156829833333;16.60237575;;;;
12846;;;;;;;;NMEA message parser not found for RMB.
12847;;;;;;;;Failed to parse: GGA.. Meters expected in GGA message.
12848;GSA;;;;;;;
12849;GSV;;;;;;;
12850;GSV;;;;;;;
12851;;;;;;;;NMEA message parser not found for GRM.
12852;RMC;12/26/2016 10:11:39 PM;49.2156853;16.6023854833333;;;;
12853;;;;;;;;NMEA message parser not found for RMB.
12854;;;;;;;;Failed to parse: GGA.. Meters expected in GGA message.
12855;GSA;;;;;;;
12856;GSV;;;;;;;
12857;GSV;;;;;;;
12858;;;;;;;;NMEA message parser not found for GRM.
12859;RMC;12/26/2016 10:11:40 PM;49.2156876166667;16.6023952333333;;;;
12860;;;;;;;;NMEA message parser not found for RMB.
12861;;;;;;;;Failed to parse: GGA.. Meters expected in GGA message.
12862;GSA;;;;;;;
12863;GSV;;;;;;;
12864;GSV;;;;;;;
12865;;;;;;;;NMEA message parser not found for GRM.
12866;RMC;12/26/2016 10:11:41 PM;49.21568995;16.6024049666667;;;;
12867;;;;;;;;NMEA message parser not found for RMB.
12868;;;;;;;;Failed to parse: GGA.. Meters expected in GGA message.
12869;GSA;;;;;;;
12870;GSV;;;;;;;
12871;GSV;;;;;;;
12872;;;;;;;;NMEA message parser not found for GRM.
12873;RMC;12/26/2016 10:11:42 PM;49.2156922666667;16.6024147;;;;
12874;;;;;;;;NMEA message parser not found for RMB.
12875;;;;;;;;Failed to parse: GGA.. Meters expected in GGA message.
12876;GSA;;;;;;;
12877;GSV;;;;;;;
12878;GSV;;;;;;;
12879;;;;;;;;NMEA message parser not found for GRM.
12880;RMC;12/26/2016 10:11:43 PM;49.2156946;16.6024244333333;;;;
12881;;;;;;;;NMEA message parser not found for RMB.
12882;;;;;;;;Failed to parse: GGA.. Meters expected in GGA message.
12883;GSA;;;;;;;
12884;GSV;;;;;;;
12885;GSV;;;;;;;
12886;;;;;;;;NMEA message parser not found for GRM.
12887;RMC;12/26/2016 10:11:44 PM;49.2156969166667;16.6024341666667;;;;
12888;;;;;;;;NMEA message parser not found for RMB.
12889;;;;;;;;Failed to parse: GGA.. Meters expected in GGA message.
12890;GSA;;;;;;;
12891;GSV;;;;;;;
12892;GSV;;;;;;;
12893;;;;;;;;NMEA message parser not found for GRM.
12894;RMC;12/26/2016 10:11:45 PM;49.2156992333333;16.6024439166667;;;;
12895;;;;;;;;NMEA message parser not found for RMB.
12896;;;;;;;;Failed to parse: GGA.. Meters expected in GGA message.
12897;GSA;;;;;;;
12898;GSV;;;;;;;
12899;GSV;;;;;;;
12900;;;;;;;;NMEA message parser not found for GRM.
12901;RMC;12/26/2016 10:11:46 PM;49.2157015666667;16.60245365;;;;
12902;;;;;;;;NMEA message parser not found for RMB.
12903;;;;;;;;Failed to parse: GGA.. Meters expected in GGA message.
12904;GSA;;;;;;;
12905;GSV;;;;;;;
12906;GSV;;;;;;;
12907;;;;;;;;NMEA message parser not found for GRM.
12908;RMC;12/26/2016 10:11:47 PM;49.2157038833333;16.6024633833333;;;;
12909;;;;;;;;NMEA message parser not found for RMB.
12910;;;;;;;;Failed to parse: GGA.. Meters expected in GGA message.
12911;GSA;;;;;;;
12912;GSV;;;;;;;
12913;GSV;;;;;;;
12914;;;;;;;;NMEA message parser not found for GRM.
12915;RMC;12/26/2016 10:11:48 PM;49.2157062166667;16.6024731166667;;;;
12916;;;;;;;;NMEA message parser not found for RMB.
12917;;;;;;;;Failed to parse: GGA.. Meters expected in GGA message.
12918;GSA;;;;;;;
12919;GSV;;;;;;;
12920;GSV;;;;;;;
12921;;;;;;;;NMEA message parser not found for GRM.
12922;RMC;12/26/2016 10:11:49 PM;49.2157085333333;16.60248285;;;;
12923;;;;;;;;NMEA message parser not found for RMB.
12924;;;;;;;;Failed to parse: GGA.. Meters expected in GGA message.
12925;GSA;;;;;;;
12926;GSV;;;;;;;
12927;GSV;;;;;;;
12928;;;;;;;;NMEA message parser not found for GRM.
12929;RMC;12/26/2016 10:11:50 PM;49.21571115;16.6024925166667;;;;
12930;;;;;;;;NMEA message parser not found for RMB.
12931;;;;;;;;Failed to parse: GGA.. Meters expected in GGA message.
12932;GSA;;;;;;;
12933;GSV;;;;;;;
12934;GSV;;;;;;;
12935;;;;;;;;NMEA message parser not found for GRM.
12936;RMC;12/26/2016 10:11:51 PM;49.21571425;16.6025020166667;;;;
12937;;;;;;;;NMEA message parser not found for RMB.
12938;;;;;;;;Failed to parse: GGA.. Meters expected in GGA message.
12939;GSA;;;;;;;
12940;GSV;;;;;;;
12941;GSV;;;;;;;
12942;;;;;;;;NMEA message parser not found for GRM.
12943;RMC;12/26/2016 10:11:52 PM;49.2157173666667;16.6025115333333;;;;
12944;;;;;;;;NMEA message parser not found for RMB.
12945;;;;;;;;Failed to parse: GGA.. Meters expected in GGA message.
12946;GSA;;;;;;;
12947;GSV;;;;;;;
12948;GSV;;;;;;;
12949;;;;;;;;NMEA message parser not found for GRM.
12950;RMC;12/26/2016 10:11:53 PM;49.2157204833333;16.60252105;;;;
12951;;;;;;;;NMEA message parser not found for RMB.
12952;;;;;;;;Failed to parse: GGA.. Meters expected in GGA message.
12953;GSA;;;;;;;
12954;GSV;;;;;;;
12955;GSV;;;;;;;
12956;;;;;;;;NMEA message parser not found for GRM.
12957;RMC;12/26/2016 10:11:54 PM;49.2157235833333;16.6025305666667;;;;
12958;;;;;;;;NMEA message parser not found for RMB.
12959;;;;;;;;Failed to parse: GGA.. Meters expected in GGA message.
12960;GSA;;;;;;;
12961;GSV;;;;;;;
12962;GSV;;;;;;;
12963;;;;;;;;NMEA message parser not found for GRM.
12964;RMC;12/26/2016 10:11:55 PM;49.2157267;16.6025400833333;;;;
12965;;;;;;;;NMEA message parser not found for RMB.
12966;;;;;;;;Failed to parse: GGA.. Meters expected in GGA message.
12967;GSA;;;;;;;
12968;GSV;;;;;;;
12969;GSV;;;;;;;
12970;;;;;;;;NMEA message parser not found for GRM.
12971;RMC;12/26/2016 10:11:56 PM;49.2157298;16.6025496;;;;
12972;;;;;;;;NMEA message parser not found for RMB.
12973;;;;;;;;Failed to parse: GGA.. Meters expected in GGA message.
12974;GSA;;;;;;;
12975;GSV;;;;;;;
12976;GSV;;;;;;;
12977;;;;;;;;NMEA message parser not found for GRM.
12978;RMC;12/26/2016 10:11:57 PM;49.2157329166667;16.6025591166667;;;;
12979;;;;;;;;NMEA message parser not found for RMB.
12980;;;;;;;;Failed to parse: GGA.. Meters expected in GGA message.
12981;GSA;;;;;;;
12982;GSV;;;;;;;
12983;GSV;;;;;;;
12984;;;;;;;;NMEA message parser not found for GRM.
12985;RMC;12/26/2016 10:11:58 PM;49.2157360333333;16.6025686333333;;;;
12986;;;;;;;;NMEA message parser not found for RMB.
12987;;;;;;;;Failed to parse: GGA.. Meters expected in GGA message.
12988;GSA;;;;;;;
12989;GSV;;;;;;;
12990;GSV;;;;;;;
12991;;;;;;;;NMEA message parser not found for GRM.
12992;RMC;12/26/2016 10:11:59 PM;49.2157391333333;16.60257815;;;;
12993;;;;;;;;NMEA message parser not found for RMB.
12994;;;;;;;;Failed to parse: GGA.. Meters expected in GGA message.
12995;GSA;;;;;;;
12996;GSV;;;;;;;
12997;GSV;;;;;;;
12998;;;;;;;;NMEA message parser not found for GRM.
12999;RMC;12/26/2016 10:12:00 PM;49.21574225;16.60258765;;;;
13000;;;;;;;;NMEA message parser not found for RMB.
13001;;;;;;;;Failed to parse: GGA.. Meters expected in GGA message.
13002;GSA;;;;;;;
13003;GSV;;;;;;;
13004;GSV;;;;;;;
13005;;;;;;;;NMEA message parser not found for GRM.
13006;RMC;12/26/2016 10:12:01 PM;49.21574535;16.6025971666667;;;;
13007;;;;;;;;NMEA message parser not found for RMB.
13008;;;;;;;;Failed to parse: GGA.. Meters expected in GGA message.
13009;GSA;;;;;;;
13010;GSV;;;;;;;
13011;GSV;;;;;;;
13012;;;;;;;;NMEA message parser not found for GRM.
13013;RMC;12/26/2016 10:12:02 PM;49.2157484666667;16.6026066833333;;;;
13014;;;;;;;;NMEA message parser not found for RMB.
13015;;;;;;;;Failed to parse: GGA.. Meters expected in GGA message.
13016;GSA;;;;;;;
13017;GSV;;;;;;;
13018;GSV;;;;;;;
13019;;;;;;;;NMEA message parser not found for GRM.
13020;RMC;12/26/2016 10:12:03 PM;49.2157515833333;16.6026162;;;;
13021;;;;;;;;NMEA message parser not found for RMB.
13022;;;;;;;;Failed to parse: GGA.. Meters expected in GGA message.
13023;GSA;;;;;;;
13024;GSV;;;;;;;
13025;GSV;;;;;;;
13026;;;;;;;;NMEA message parser not found for GRM.
13027;RMC;12/26/2016 10:12:04 PM;49.2157546833333;16.6026257166667;;;;
13028;;;;;;;;NMEA message parser not found for RMB.
13029;;;;;;;;Failed to parse: GGA.. Meters expected in GGA message.
13030;GSA;;;;;;;
13031;GSV;;;;;;;
13032;GSV;;;;;;;
13033;;;;;;;;NMEA message parser not found for GRM.
13034;RMC;12/26/2016 10:12:05 PM;49.2157578;16.6026352333333;;;;
13035;;;;;;;;NMEA message parser not found for RMB.
13036;;;;;;;;Failed to parse: GGA.. Meters expected in GGA message.
13037;GSA;;;;;;;
13038;GSV;;;;;;;
13039;GSV;;;;;;;
13040;;;;;;;;NMEA message parser not found for GRM.
13041;RMC;12/26/2016 10:12:06 PM;49.2157609;16.60264475;;;;
13042;;;;;;;;NMEA message parser not found for RMB.
13043;;;;;;;;Failed to parse: GGA.. Meters expected in GGA message.
13044;GSA;;;;;;;
13045;GSV;;;;;;;
13046;GSV;;;;;;;
13047;;;;;;;;NMEA message parser not found for GRM.
13048;RMC;12/26/2016 10:12:07 PM;49.2157640166667;16.6026542666667;;;;
13049;;;;;;;;NMEA message parser not found for RMB.
13050;;;;;;;;Failed to parse: GGA.. Meters expected in GGA message.
13051;GSA;;;;;;;
13052;GSV;;;;;;;
13053;GSV;;;;;;;
13054;;;;;;;;NMEA message parser not found for GRM.
13055;RMC;12/26/2016 10:12:08 PM;49.2157671166667;16.6026637666667;;;;
13056;;;;;;;;NMEA message parser not found for RMB.
13057;;;;;;;;Failed to parse: GGA.. Meters expected in GGA message.
13058;GSA;;;;;;;
13059;GSV;;;;;;;
13060;GSV;;;;;;;
13061;;;;;;;;NMEA message parser not found for GRM.
13062;RMC;12/26/2016 10:12:09 PM;49.2157702333333;16.6026732833333;;;;
13063;;;;;;;;NMEA message parser not found for RMB.
13064;;;;;;;;Failed to parse: GGA.. Meters expected in GGA message.
13065;GSA;;;;;;;
13066;GSV;;;;;;;
13067;GSV;;;;;;;
13068;;;;;;;;NMEA message parser not found for GRM.
13069;RMC;12/26/2016 10:12:10 PM;49.21577335;16.6026828;;;;
13070;;;;;;;;NMEA message parser not found for RMB.
13071;;;;;;;;Failed to parse: GGA.. Meters expected in GGA message.
13072;GSA;;;;;;;
13073;GSV;;;;;;;
13074;GSV;;;;;;;
13075;;;;;;;;NMEA message parser not found for GRM.
13076;RMC;12/26/2016 10:12:11 PM;49.21577645;16.6026923166667;;;;
13077;;;;;;;;NMEA message parser not found for RMB.
13078;;;;;;;;Failed to parse: GGA.. Meters expected in GGA message.
13079;GSA;;;;;;;
13080;GSV;;;;;;;
13081;GSV;;;;;;;
13082;;;;;;;;NMEA message parser not found for GRM.
13083;RMC;12/26/2016 10:12:12 PM;49.2157795666667;16.6027018333333;;;;
13084;;;;;;;;NMEA message parser not found for RMB.
13085;;;;;;;;Failed to parse: GGA.. Meters expected in GGA message.
13086;GSA;;;;;;;
13087;GSV;;;;;;;
13088;GSV;;;;;;;
13089;;;;;;;;NMEA message parser not found for GRM.
13090;RMC;12/26/2016 10:12:13 PM;49.2157826666667;16.60271135;;;;
13091;;;;;;;;NMEA message parser not found for RMB.
13092;;;;;;;;Failed to parse: GGA.. Meters expected in GGA message.
13093;GSA;;;;;;;
13094;GSV;;;;;;;
13095;GSV;;;;;;;
13096;;;;;;;;NMEA message parser not found for GRM.
13097;RMC;12/26/2016 10:12:14 PM;49.2157857833333;16.6027208666667;;;;
13098;;;;;;;;NMEA message parser not found for RMB.
13099;;;;;;;;Failed to parse: GGA.. Meters expected in GGA message.
13100;GSA;;;;;;;
13101;GSV;;;;;;;
13102;GSV;;;;;;;
13103;;;;;;;;NMEA message parser not found for GRM.
13104;RMC;12/26/2016 10:12:15 PM;49.2157889;16.6027303833333;;;;
13105;;;;;;;;NMEA message parser not found for RMB.
13106;;;;;;;;Failed to parse: GGA.. Meters expected in GGA message.
13107;GSA;;;;;;;
13108;GSV;;;;;;;
13109;GSV;;;;;;;
13110;;;;;;;;NMEA message parser not found for GRM.
13111;RMC;12/26/2016 10:12:16 PM;49.215792;16.6027399;;;;
13112;;;;;;;;NMEA message parser not found for RMB.
13113;;;;;;;;Failed to parse: GGA.. Meters expected in GGA message.
13114;GSA;;;;;;;
13115;GSV;;;;;;;
13116;GSV;;;;;;;
13117;;;;;;;;NMEA message parser not found for GRM.
13118;RMC;12/26/2016 10:12:17 PM;49.2157947166667;16.6027495166667;;;;
13119;;;;;;;;NMEA message parser not found for RMB.
13120;;;;;;;;Failed to parse: GGA.. Meters expected in GGA message.
13121;GSA;;;;;;;
13122;GSV;;;;;;;
13123;GSV;;;;;;;
13124;;;;;;;;NMEA message parser not found for GRM.
13125;RMC;12/26/2016 10:12:18 PM;49.2157967333333;16.6027593166667;;;;
13126;;;;;;;;NMEA message parser not found for RMB.
13127;;;;;;;;Failed to parse: GGA.. Meters expected in GGA message.
13128;GSA;;;;;;;
13129;GSV;;;;;;;
13130;GSV;;;;;;;
13131;;;;;;;;NMEA message parser not found for GRM.
13132;RMC;12/26/2016 10:12:19 PM;49.2157987666667;16.6027691166667;;;;
13133;;;;;;;;NMEA message parser not found for RMB.
13134;;;;;;;;Failed to parse: GGA.. Meters expected in GGA message.
13135;GSA;;;;;;;
13136;GSV;;;;;;;
13137;GSV;;;;;;;
13138;;;;;;;;NMEA message parser not found for GRM.
13139;RMC;12/26/2016 10:12:20 PM;49.2158007833333;16.6027789166667;;;;
13140;;;;;;;;NMEA message parser not found for RMB.
13141;;;;;;;;Failed to parse: GGA.. Meters expected in GGA message.
13142;GSA;;;;;;;
13143;GSV;;;;;;;
13144;GSV;;;;;;;
13145;;;;;;;;NMEA message parser not found for GRM.
13146;RMC;12/26/2016 10:12:21 PM;49.2158028;16.6027887333333;;;;
13147;;;;;;;;NMEA message parser not found for RMB.
13148;;;;;;;;Failed to parse: GGA.. Meters expected in GGA message.
13149;GSA;;;;;;;
13150;GSV;;;;;;;
13151;GSV;;;;;;;
13152;;;;;;;;NMEA message parser not found for GRM.
13153;RMC;12/26/2016 10:12:22 PM;49.2158048166667;16.6027985333333;;;;
13154;;;;;;;;NMEA message parser not found for RMB.
13155;;;;;;;;Failed to parse: GGA.. Meters expected in GGA message.
13156;GSA;;;;;;;
13157;GSV;;;;;;;
13158;GSV;;;;;;;
13159;;;;;;;;NMEA message parser not found for GRM.
13160;RMC;12/26/2016 10:12:23 PM;49.2158068333333;16.6028083333333;;;;
13161;;;;;;;;NMEA message parser not found for RMB.
13162;;;;;;;;Failed to parse: GGA.. Meters expected in GGA message.
13163;GSA;;;;;;;
13164;GSV;;;;;;;
13165;GSV;;;;;;;
13166;;;;;;;;NMEA message parser not found for GRM.
13167;RMC;12/26/2016 10:12:24 PM;49.21580885;16.6028181333333;;;;
13168;;;;;;;;NMEA message parser not found for RMB.
13169;;;;;;;;Failed to parse: GGA.. Meters expected in GGA message.
13170;GSA;;;;;;;
13171;GSV;;;;;;;
13172;GSV;;;;;;;
13173;;;;;;;;NMEA message parser not found for GRM.
13174;RMC;12/26/2016 10:12:25 PM;49.2158108666667;16.60282795;;;;
13175;;;;;;;;NMEA message parser not found for RMB.
13176;;;;;;;;Failed to parse: GGA.. Meters expected in GGA message.
13177;GSA;;;;;;;
13178;GSV;;;;;;;
13179;GSV;;;;;;;
13180;;;;;;;;NMEA message parser not found for GRM.
13181;RMC;12/26/2016 10:12:26 PM;49.2158128833333;16.60283775;;;;
13182;;;;;;;;NMEA message parser not found for RMB.
13183;;;;;;;;Failed to parse: GGA.. Meters expected in GGA message.
13184;GSA;;;;;;;
13185;GSV;;;;;;;
13186;GSV;;;;;;;
13187;;;;;;;;NMEA message parser not found for GRM.
13188;RMC;12/26/2016 10:12:27 PM;49.2158149;16.60284755;;;;
13189;;;;;;;;NMEA message parser not found for RMB.
13190;;;;;;;;Failed to parse: GGA.. Meters expected in GGA message.
13191;GSA;;;;;;;
13192;GSV;;;;;;;
13193;GSV;;;;;;;
13194;;;;;;;;NMEA message parser not found for GRM.
13195;RMC;12/26/2016 10:12:28 PM;49.2158169333333;16.60285735;;;;
13196;;;;;;;;NMEA message parser not found for RMB.
13197;;;;;;;;Failed to parse: GGA.. Meters expected in GGA message.
13198;GSA;;;;;;;
13199;GSV;;;;;;;
13200;GSV;;;;;;;
13201;;;;;;;;NMEA message parser not found for GRM.
13202;RMC;12/26/2016 10:12:29 PM;49.21581895;16.6028671666667;;;;
13203;;;;;;;;NMEA message parser not found for RMB.
13204;;;;;;;;Failed to parse: GGA.. Meters expected in GGA message.
13205;GSA;;;;;;;
13206;GSV;;;;;;;
13207;GSV;;;;;;;
13208;;;;;;;;NMEA message parser not found for GRM.
13209;RMC;12/26/2016 10:12:30 PM;49.2158209666667;16.6028769666667;;;;
13210;;;;;;;;NMEA message parser not found for RMB.
13211;;;;;;;;Failed to parse: GGA.. Meters expected in GGA message.
13212;GSA;;;;;;;
13213;GSV;;;;;;;
13214;GSV;;;;;;;
13215;;;;;;;;NMEA message parser not found for GRM.
13216;RMC;12/26/2016 10:12:31 PM;49.2158229833333;16.6028867666667;;;;
13217;;;;;;;;NMEA message parser not found for RMB.
13218;;;;;;;;Failed to parse: GGA.. Meters expected in GGA message.
13219;GSA;;;;;;;
13220;GSV;;;;;;;
13221;GSV;;;;;;;
13222;;;;;;;;NMEA message parser not found for GRM.
13223;RMC;12/26/2016 10:12:32 PM;49.215825;16.6028965833333;;;;
13224;;;;;;;;NMEA message parser not found for RMB.
13225;;;;;;;;Failed to parse: GGA.. Meters expected in GGA message.
13226;GSA;;;;;;;
13227;GSV;;;;;;;
13228;GSV;;;;;;;
13229;;;;;;;;NMEA message parser not found for GRM.
13230;RMC;12/26/2016 10:12:33 PM;49.2158270166667;16.6029063833333;;;;
13231;;;;;;;;NMEA message parser not found for RMB.
13232;;;;;;;;Failed to parse: GGA.. Meters expected in GGA message.
13233;GSA;;;;;;;
13234;GSV;;;;;;;
13235;GSV;;;;;;;
13236;;;;;;;;NMEA message parser not found for GRM.
13237;RMC;12/26/2016 10:12:34 PM;49.2158290333333;16.6029161833333;;;;
13238;;;;;;;;NMEA message parser not found for RMB.
13239;;;;;;;;Failed to parse: GGA.. Meters expected in GGA message.
13240;GSA;;;;;;;
13241;GSV;;;;;;;
13242;GSV;;;;;;;
13243;;;;;;;;NMEA message parser not found for GRM.
13244;RMC;12/26/2016 10:12:35 PM;49.21583105;16.6029259833333;;;;
13245;;;;;;;;NMEA message parser not found for RMB.
13246;;;;;;;;Failed to parse: GGA.. Meters expected in GGA message.
13247;GSA;;;;;;;
13248;GSV;;;;;;;
13249;GSV;;;;;;;
13250;;;;;;;;NMEA message parser not found for GRM.
13251;RMC;12/26/2016 10:12:36 PM;49.2158330833333;16.6029358;;;;
13252;;;;;;;;NMEA message parser not found for RMB.
13253;;;;;;;;Failed to parse: GGA.. Meters expected in GGA message.
13254;GSA;;;;;;;
13255;GSV;;;;;;;
13256;GSV;;;;;;;
13257;;;;;;;;NMEA message parser not found for GRM.
13258;RMC;12/26/2016 10:12:37 PM;49.2158351;16.6029456;;;;
13259;;;;;;;;NMEA message parser not found for RMB.
13260;;;;;;;;Failed to parse: GGA.. Meters expected in GGA message.
13261;GSA;;;;;;;
13262;GSV;;;;;;;
13263;GSV;;;;;;;
13264;;;;;;;;NMEA message parser not found for GRM.
13265;RMC;12/26/2016 10:12:38 PM;49.2158371166667;16.6029554;;;;
13266;;;;;;;;NMEA message parser not found for RMB.
13267;;;;;;;;Failed to parse: GGA.. Meters expected in GGA message.
13268;GSA;;;;;;;
13269;GSV;;;;;;;
13270;GSV;;;;;;;
13271;;;;;;;;NMEA message parser not found for GRM.
13272;RMC;12/26/2016 10:12:39 PM;49.2158391333333;16.6029652;;;;
13273;;;;;;;;NMEA message parser not found for RMB.
13274;;;;;;;;Failed to parse: GGA.. Meters expected in GGA message.
13275;GSA;;;;;;;
13276;GSV;;;;;;;
13277;GSV;;;;;;;
13278;;;;;;;;NMEA message parser not found for GRM.
13279;RMC;12/26/2016 10:12:40 PM;49.21584115;16.6029750166667;;;;
13280;;;;;;;;NMEA message parser not found for RMB.
13281;;;;;;;;Failed to parse: GGA.. Meters expected in GGA message.
13282;GSA;;;;;;;
13283;GSV;;;;;;;
13284;GSV;;;;;;;
13285;;;;;;;;NMEA message parser not found for GRM.
13286;RMC;12/26/2016 10:12:41 PM;49.2158431666667;16.6029848166667;;;;
13287;;;;;;;;NMEA message parser not found for RMB.
13288;;;;;;;;Failed to parse: GGA.. Meters expected in GGA message.
13289;GSA;;;;;;;
13290;GSV;;;;;;;
13291;GSV;;;;;;;
13292;;;;;;;;NMEA message parser not found for GRM.
13293;RMC;12/26/2016 10:12:42 PM;49.2158451833333;16.6029946166667;;;;
13294;;;;;;;;NMEA message parser not found for RMB.
13295;;;;;;;;Failed to parse: GGA.. Meters expected in GGA message.
13296;GSA;;;;;;;
13297;GSV;;;;;;;
13298;GSV;;;;;;;
13299;;;;;;;;NMEA message parser not found for GRM.
13300;RMC;12/26/2016 10:12:43 PM;49.2158472;16.6030044166667;;;;
13301;;;;;;;;NMEA message parser not found for RMB.
13302;;;;;;;;Failed to parse: GGA.. Meters expected in GGA message.
13303;GSA;;;;;;;
13304;GSV;;;;;;;
13305;GSV;;;;;;;
13306;;;;;;;;NMEA message parser not found for GRM.
13307;RMC;12/26/2016 10:12:44 PM;49.2158492166667;16.6030142333333;;;;
13308;;;;;;;;NMEA message parser not found for RMB.
13309;;;;;;;;Failed to parse: GGA.. Meters expected in GGA message.
13310;GSA;;;;;;;
13311;GSV;;;;;;;
13312;GSV;;;;;;;
13313;;;;;;;;NMEA message parser not found for GRM.
13314;RMC;12/26/2016 10:12:45 PM;49.21585125;16.6030240333333;;;;
13315;;;;;;;;NMEA message parser not found for RMB.
13316;;;;;;;;Failed to parse: GGA.. Meters expected in GGA message.
13317;GSA;;;;;;;
13318;GSV;;;;;;;
13319;GSV;;;;;;;
13320;;;;;;;;NMEA message parser not found for GRM.
13321;RMC;12/26/2016 10:12:46 PM;49.2158532666667;16.6030338333333;;;;
13322;;;;;;;;NMEA message parser not found for RMB.
13323;;;;;;;;Failed to parse: GGA.. Meters expected in GGA message.
13324;GSA;;;;;;;
13325;GSV;;;;;;;
13326;GSV;;;;;;;
13327;;;;;;;;NMEA message parser not found for GRM.
13328;RMC;12/26/2016 10:12:47 PM;49.2158552833333;16.6030436333333;;;;
13329;;;;;;;;NMEA message parser not found for RMB.
13330;;;;;;;;Failed to parse: GGA.. Meters expected in GGA message.
13331;GSA;;;;;;;
13332;GSV;;;;;;;
13333;GSV;;;;;;;
13334;;;;;;;;NMEA message parser not found for GRM.
13335;RMC;12/26/2016 10:12:48 PM;49.2158573;16.60305345;;;;
13336;;;;;;;;NMEA message parser not found for RMB.
13337;;;;;;;;Failed to parse: GGA.. Meters expected in GGA message.
13338;GSA;;;;;;;
13339;GSV;;;;;;;
13340;GSV;;;;;;;
13341;;;;;;;;NMEA message parser not found for GRM.
13342;RMC;12/26/2016 10:12:49 PM;49.2158593166667;16.60306325;;;;
13343;;;;;;;;NMEA message parser not found for RMB.
13344;;;;;;;;Failed to parse: GGA.. Meters expected in GGA message.
13345;GSA;;;;;;;
13346;GSV;;;;;;;
13347;GSV;;;;;;;
13348;;;;;;;;NMEA message parser not found for GRM.
13349;RMC;12/26/2016 10:12:50 PM;49.2158613333333;16.60307305;;;;
13350;;;;;;;;NMEA message parser not found for RMB.
13351;;;;;;;;Failed to parse: GGA.. Meters expected in GGA message.
13352;GSA;;;;;;;
13353;GSV;;;;;;;
13354;GSV;;;;;;;
13355;;;;;;;;NMEA message parser not found for GRM.
13356;RMC;12/26/2016 10:12:51 PM;49.21586335;16.6030828666667;;;;
13357;;;;;;;;NMEA message parser not found for RMB.
13358;;;;;;;;Failed to parse: GGA.. Meters expected in GGA message.
13359;GSA;;;;;;;
13360;GSV;;;;;;;
13361;GSV;;;;;;;
13362;;;;;;;;NMEA message parser not found for GRM.
13363;RMC;12/26/2016 10:12:52 PM;49.2158653666667;16.6030926666667;;;;
13364;;;;;;;;NMEA message parser not found for RMB.
13365;;;;;;;;Failed to parse: GGA.. Meters expected in GGA message.
13366;GSA;;;;;;;
13367;GSV;;;;;;;
13368;GSV;;;;;;;
13369;;;;;;;;NMEA message parser not found for GRM.
13370;RMC;12/26/2016 10:12:53 PM;49.2158673833333;16.6031024666667;;;;
13371;;;;;;;;NMEA message parser not found for RMB.
13372;;;;;;;;Failed to parse: GGA.. Meters expected in GGA message.
13373;GSA;;;;;;;
13374;GSV;;;;;;;
13375;GSV;;;;;;;
13376;;;;;;;;NMEA message parser not found for GRM.
13377;RMC;12/26/2016 10:12:54 PM;49.2158694166667;16.6031122666667;;;;
13378;;;;;;;;NMEA message parser not found for RMB.
13379;;;;;;;;Failed to parse: GGA.. Meters expected in GGA message.
13380;GSA;;;;;;;
13381;GSV;;;;;;;
13382;GSV;;;;;;;
13383;;;;;;;;NMEA message parser not found for GRM.
13384;RMC;12/26/2016 10:12:55 PM;49.2158714333333;16.6031220833333;;;;
13385;;;;;;;;NMEA message parser not found for RMB.
13386;;;;;;;;Failed to parse: GGA.. Meters expected in GGA message.
13387;GSA;;;;;;;
13388;GSV;;;;;;;
13389;GSV;;;;;;;
13390;;;;;;;;NMEA message parser not found for GRM.
13391;RMC;12/26/2016 10:12:56 PM;49.21587345;16.6031318833333;;;;
13392;;;;;;;;NMEA message parser not found for RMB.
13393;;;;;;;;Failed to parse: GGA.. Meters expected in GGA message.
13394;GSA;;;;;;;
13395;GSV;;;;;;;
13396;GSV;;;;;;;
13397;;;;;;;;NMEA message parser not found for GRM.
13398;RMC;12/26/2016 10:12:57 PM;49.2158754666667;16.6031416833333;;;;
13399;;;;;;;;NMEA message parser not found for RMB.
13400;;;;;;;;Failed to parse: GGA.. Meters expected in GGA message.
13401;GSA;;;;;;;
13402;GSV;;;;;;;
13403;GSV;;;;;;;
13404;;;;;;;;NMEA message parser not found for GRM.
13405;RMC;12/26/2016 10:12:58 PM;49.2158774833333;16.6031514833333;;;;
13406;;;;;;;;NMEA message parser not found for RMB.
13407;;;;;;;;Failed to parse: GGA.. Meters expected in GGA message.
13408;GSA;;;;;;;
13409;GSV;;;;;;;
13410;GSV;;;;;;;
13411;;;;;;;;NMEA message parser not found for GRM.
13412;RMC;12/26/2016 10:12:59 PM;49.21587905;16.6031613666667;;;;
13413;;;;;;;;NMEA message parser not found for RMB.
13414;;;;;;;;Failed to parse: GGA.. Meters expected in GGA message.
13415;GSA;;;;;;;
13416;GSV;;;;;;;
13417;GSV;;;;;;;
13418;;;;;;;;NMEA message parser not found for GRM.
13419;RMC;12/26/2016 10:13:00 PM;49.21588045;16.6031712833333;;;;
13420;;;;;;;;NMEA message parser not found for RMB.
13421;;;;;;;;Failed to parse: GGA.. Meters expected in GGA message.
13422;GSA;;;;;;;
13423;GSV;;;;;;;
13424;GSV;;;;;;;
13425;;;;;;;;NMEA message parser not found for GRM.
13426;RMC;12/26/2016 10:13:01 PM;49.21588185;16.6031812;;;;
13427;;;;;;;;NMEA message parser not found for RMB.
13428;;;;;;;;Failed to parse: GGA.. Meters expected in GGA message.
13429;GSA;;;;;;;
13430;GSV;;;;;;;
13431;GSV;;;;;;;
13432;;;;;;;;NMEA message parser not found for GRM.
13433;RMC;12/26/2016 10:13:02 PM;49.21588325;16.6031911;;;;
13434;;;;;;;;NMEA message parser not found for RMB.
13435;;;;;;;;Failed to parse: GGA.. Meters expected in GGA message.
13436;GSA;;;;;;;
13437;GSV;;;;;;;
13438;GSV;;;;;;;
13439;;;;;;;;NMEA message parser not found for GRM.
13440;RMC;12/26/2016 10:13:03 PM;49.2158846666667;16.6032010166667;;;;
13441;;;;;;;;NMEA message parser not found for RMB.
13442;;;;;;;;Failed to parse: GGA.. Meters expected in GGA message.
13443;GSA;;;;;;;
13444;GSV;;;;;;;
13445;GSV;;;;;;;
13446;;;;;;;;NMEA message parser not found for GRM.
13447;RMC;12/26/2016 10:13:04 PM;49.2158860666667;16.6032109333333;;;;
13448;;;;;;;;NMEA message parser not found for RMB.
13449;;;;;;;;Failed to parse: GGA.. Meters expected in GGA message.
13450;GSA;;;;;;;
13451;GSV;;;;;;;
13452;GSV;;;;;;;
13453;;;;;;;;NMEA message parser not found for GRM.
13454;RMC;12/26/2016 10:13:05 PM;49.2158874666667;16.6032208333333;;;;
13455;;;;;;;;NMEA message parser not found for RMB.
13456;;;;;;;;Failed to parse: GGA.. Meters expected in GGA message.
13457;GSA;;;;;;;
13458;GSV;;;;;;;
13459;GSV;;;;;;;
13460;;;;;;;;NMEA message parser not found for GRM.
13461;RMC;12/26/2016 10:13:06 PM;49.2158888833333;16.60323075;;;;
13462;;;;;;;;NMEA message parser not found for RMB.
13463;;;;;;;;Failed to parse: GGA.. Meters expected in GGA message.
13464;GSA;;;;;;;
13465;GSV;;;;;;;
13466;GSV;;;;;;;
13467;;;;;;;;NMEA message parser not found for GRM.
13468;RMC;12/26/2016 10:13:07 PM;49.2158902833333;16.6032406666667;;;;
13469;;;;;;;;NMEA message parser not found for RMB.
13470;;;;;;;;Failed to parse: GGA.. Meters expected in GGA message.
13471;GSA;;;;;;;
13472;GSV;;;;;;;
13473;GSV;;;;;;;
13474;;;;;;;;NMEA message parser not found for GRM.
13475;RMC;12/26/2016 10:13:08 PM;49.2158916833333;16.6032505666667;;;;
13476;;;;;;;;NMEA message parser not found for RMB.
13477;;;;;;;;Failed to parse: GGA.. Meters expected in GGA message.
13478;GSA;;;;;;;
13479;GSV;;;;;;;
13480;GSV;;;;;;;
13481;;;;;;;;NMEA message parser not found for GRM.
13482;RMC;12/26/2016 10:13:09 PM;49.2158930833333;16.6032604833333;;;;
13483;;;;;;;;NMEA message parser not found for RMB.
13484;;;;;;;;Failed to parse: GGA.. Meters expected in GGA message.
13485;GSA;;;;;;;
13486;GSV;;;;;;;
13487;GSV;;;;;;;
13488;;;;;;;;NMEA message parser not found for GRM.
13489;RMC;12/26/2016 10:13:10 PM;49.2158945;16.6032704;;;;
13490;;;;;;;;NMEA message parser not found for RMB.
13491;;;;;;;;Failed to parse: GGA.. Meters expected in GGA message.
13492;GSA;;;;;;;
13493;GSV;;;;;;;
13494;GSV;;;;;;;
13495;;;;;;;;NMEA message parser not found for GRM.
13496;RMC;12/26/2016 10:13:11 PM;49.2158959;16.6032803;;;;
13497;;;;;;;;NMEA message parser not found for RMB.
13498;;;;;;;;Failed to parse: GGA.. Meters expected in GGA message.
13499;GSA;;;;;;;
13500;GSV;;;;;;;
13501;GSV;;;;;;;
13502;;;;;;;;NMEA message parser not found for GRM.
13503;RMC;12/26/2016 10:13:12 PM;49.2158973;16.6032902166667;;;;
13504;;;;;;;;NMEA message parser not found for RMB.
13505;;;;;;;;Failed to parse: GGA.. Meters expected in GGA message.
13506;GSA;;;;;;;
13507;GSV;;;;;;;
13508;GSV;;;;;;;
13509;;;;;;;;NMEA message parser not found for GRM.
13510;RMC;12/26/2016 10:13:13 PM;49.2158987;16.6033001333333;;;;
13511;;;;;;;;NMEA message parser not found for RMB.
13512;;;;;;;;Failed to parse: GGA.. Meters expected in GGA message.
13513;GSA;;;;;;;
13514;GSV;;;;;;;
13515;GSV;;;;;;;
13516;;;;;;;;NMEA message parser not found for GRM.
13517;RMC;12/26/2016 10:13:14 PM;49.2159001166667;16.6033100333333;;;;
13518;;;;;;;;NMEA message parser not found for RMB.
13519;;;;;;;;Failed to parse: GGA.. Meters expected in GGA message.
13520;GSA;;;;;;;
13521;GSV;;;;;;;
13522;GSV;;;;;;;
13523;;;;;;;;NMEA message parser not found for GRM.
13524;RMC;12/26/2016 10:13:15 PM;49.2159015166667;16.60331995;;;;
13525;;;;;;;;NMEA message parser not found for RMB.
13526;;;;;;;;Failed to parse: GGA.. Meters expected in GGA message.
13527;GSA;;;;;;;
13528;GSV;;;;;;;
13529;GSV;;;;;;;
13530;;;;;;;;NMEA message parser not found for GRM.
13531;RMC;12/26/2016 10:13:16 PM;49.2159029166667;16.6033298666667;;;;
13532;;;;;;;;NMEA message parser not found for RMB.
13533;;;;;;;;Failed to parse: GGA.. Meters expected in GGA message.
13534;GSA;;;;;;;
13535;GSV;;;;;;;
13536;GSV;;;;;;;
13537;;;;;;;;NMEA message parser not found for GRM.
13538;RMC;12/26/2016 10:13:17 PM;49.2159043166667;16.6033397666667;;;;
13539;;;;;;;;NMEA message parser not found for RMB.
13540;;;;;;;;Failed to parse: GGA.. Meters expected in GGA message.
13541;GSA;;;;;;;
13542;GSV;;;;;;;
13543;GSV;;;;;;;
13544;;;;;;;;NMEA message parser not found for GRM.
13545;RMC;12/26/2016 10:13:18 PM;49.2159057333333;16.6033496833333;;;;
13546;;;;;;;;NMEA message parser not found for RMB.
13547;;;;;;;;Failed to parse: GGA.. Meters expected in GGA message.
13548;GSA;;;;;;;
13549;GSV;;;;;;;
13550;GSV;;;;;;;
13551;;;;;;;;NMEA message parser not found for GRM.
13552;RMC;12/26/2016 10:13:19 PM;49.2159071333333;16.6033596;;;;
13553;;;;;;;;NMEA message parser not found for RMB.
13554;;;;;;;;Failed to parse: GGA.. Meters expected in GGA message.
13555;GSA;;;;;;;
13556;GSV;;;;;;;
13557;GSV;;;;;;;
13558;;;;;;;;NMEA message parser not found for GRM.
13559;RMC;12/26/2016 10:13:20 PM;49.2159085333333;16.6033695;;;;
13560;;;;;;;;NMEA message parser not found for RMB.
13561;;;;;;;;Failed to parse: GGA.. Meters expected in GGA message.
13562;GSA;;;;;;;
13563;GSV;;;;;;;
13564;GSV;;;;;;;
13565;;;;;;;;NMEA message parser not found for GRM.
13566;RMC;12/26/2016 10:13:21 PM;49.2159099333333;16.6033794166667;;;;
13567;;;;;;;;NMEA message parser not found for RMB.
13568;;;;;;;;Failed to parse: GGA.. Meters expected in GGA message.
13569;GSA;;;;;;;
13570;GSV;;;;;;;
13571;GSV;;;;;;;
13572;;;;;;;;NMEA message parser not found for GRM.
13573;RMC;12/26/2016 10:13:22 PM;49.21591135;16.6033893333333;;;;
13574;;;;;;;;NMEA message parser not found for RMB.
13575;;;;;;;;Failed to parse: GGA.. Meters expected in GGA message.
13576;GSA;;;;;;;
13577;GSV;;;;;;;
13578;GSV;;;;;;;
13579;;;;;;;;NMEA message parser not found for GRM.
13580;RMC;12/26/2016 10:13:23 PM;49.21591275;16.6033992333333;;;;
13581;;;;;;;;NMEA message parser not found for RMB.
13582;;;;;;;;Failed to parse: GGA.. Meters expected in GGA message.
13583;GSA;;;;;;;
13584;GSV;;;;;;;
13585;GSV;;;;;;;
13586;;;;;;;;NMEA message parser not found for GRM.
13587;RMC;12/26/2016 10:13:24 PM;49.21591415;16.60340915;;;;
13588;;;;;;;;NMEA message parser not found for RMB.
13589;;;;;;;;Failed to parse: GGA.. Meters expected in GGA message.
13590;GSA;;;;;;;
13591;GSV;;;;;;;
13592;GSV;;;;;;;
13593;;;;;;;;NMEA message parser not found for GRM.
13594;RMC;12/26/2016 10:13:25 PM;49.2159155666667;16.6034190666667;;;;
13595;;;;;;;;NMEA message parser not found for RMB.
13596;;;;;;;;Failed to parse: GGA.. Meters expected in GGA message.
13597;GSA;;;;;;;
13598;GSV;;;;;;;
13599;GSV;;;;;;;
13600;;;;;;;;NMEA message parser not found for GRM.
13601;RMC;12/26/2016 10:13:26 PM;49.2159169666667;16.6034289666667;;;;
13602;;;;;;;;NMEA message parser not found for RMB.
13603;;;;;;;;Failed to parse: GGA.. Meters expected in GGA message.
13604;GSA;;;;;;;
13605;GSV;;;;;;;
13606;GSV;;;;;;;
13607;;;;;;;;NMEA message parser not found for GRM.
13608;RMC;12/26/2016 10:13:27 PM;49.2159183666667;16.6034388833333;;;;
13609;;;;;;;;NMEA message parser not found for RMB.
13610;;;;;;;;Failed to parse: GGA.. Meters expected in GGA message.
13611;GSA;;;;;;;
13612;GSV;;;;;;;
13613;GSV;;;;;;;
13614;;;;;;;;NMEA message parser not found for GRM.
13615;RMC;12/26/2016 10:13:28 PM;49.2159197666667;16.6034488;;;;
13616;;;;;;;;NMEA message parser not found for RMB.
13617;;;;;;;;Failed to parse: GGA.. Meters expected in GGA message.
13618;GSA;;;;;;;
13619;GSV;;;;;;;
13620;GSV;;;;;;;
13621;;;;;;;;NMEA message parser not found for GRM.
13622;RMC;12/26/2016 10:13:29 PM;49.2159211833333;16.6034587;;;;
13623;;;;;;;;NMEA message parser not found for RMB.
13624;;;;;;;;Failed to parse: GGA.. Meters expected in GGA message.
13625;GSA;;;;;;;
13626;GSV;;;;;;;
13627;GSV;;;;;;;
13628;;;;;;;;NMEA message parser not found for GRM.
13629;RMC;12/26/2016 10:13:30 PM;49.2159225833333;16.6034686166667;;;;
13630;;;;;;;;NMEA message parser not found for RMB.
13631;;;;;;;;Failed to parse: GGA.. Meters expected in GGA message.
13632;GSA;;;;;;;
13633;GSV;;;;;;;
13634;GSV;;;;;;;
13635;;;;;;;;NMEA message parser not found for GRM.
13636;RMC;12/26/2016 10:13:31 PM;49.2159239833333;16.6034785333333;;;;
13637;;;;;;;;NMEA message parser not found for RMB.
13638;;;;;;;;Failed to parse: GGA.. Meters expected in GGA message.
13639;GSA;;;;;;;
13640;GSV;;;;;;;
13641;GSV;;;;;;;
13642;;;;;;;;NMEA message parser not found for GRM.
13643;RMC;12/26/2016 10:13:32 PM;49.2159253833333;16.6034884333333;;;;
13644;;;;;;;;NMEA message parser not found for RMB.
13645;;;;;;;;Failed to parse: GGA.. Meters expected in GGA message.
13646;GSA;;;;;;;
13647;GSV;;;;;;;
13648;GSV;;;;;;;
13649;;;;;;;;NMEA message parser not found for GRM.
13650;RMC;12/26/2016 10:13:33 PM;49.2159268;16.60349835;;;;
13651;;;;;;;;NMEA message parser not found for RMB.
13652;;;;;;;;Failed to parse: GGA.. Meters expected in GGA message.
13653;GSA;;;;;;;
13654;GSV;;;;;;;
13655;GSV;;;;;;;
13656;;;;;;;;NMEA message parser not found for GRM.
13657;RMC;12/26/2016 10:13:34 PM;49.2159282;16.60350825;;;;
13658;;;;;;;;NMEA message parser not found for RMB.
13659;;;;;;;;Failed to parse: GGA.. Meters expected in GGA message.
13660;GSA;;;;;;;
13661;GSV;;;;;;;
13662;GSV;;;;;;;
13663;;;;;;;;NMEA message parser not found for GRM.
13664;RMC;12/26/2016 10:13:35 PM;49.2159296;16.6035181666667;;;;
13665;;;;;;;;NMEA message parser not found for RMB.
13666;;;;;;;;Failed to parse: GGA.. Meters expected in GGA message.
13667;GSA;;;;;;;
13668;GSV;;;;;;;
13669;GSV;;;;;;;
13670;;;;;;;;NMEA message parser not found for GRM.
13671;RMC;12/26/2016 10:13:36 PM;49.215931;16.6035280833333;;;;
13672;;;;;;;;NMEA message parser not found for RMB.
13673;;;;;;;;Failed to parse: GGA.. Meters expected in GGA message.
13674;GSA;;;;;;;
13675;GSV;;;;;;;
13676;GSV;;;;;;;
13677;;;;;;;;NMEA message parser not found for GRM.
13678;RMC;12/26/2016 10:13:37 PM;49.2159324166667;16.6035379833333;;;;
13679;;;;;;;;NMEA message parser not found for RMB.
13680;;;;;;;;Failed to parse: GGA.. Meters expected in GGA message.
13681;GSA;;;;;;;
13682;GSV;;;;;;;
13683;GSV;;;;;;;
13684;;;;;;;;NMEA message parser not found for GRM.
13685;RMC;12/26/2016 10:13:38 PM;49.2159338166667;16.6035479;;;;
13686;;;;;;;;NMEA message parser not found for RMB.
13687;;;;;;;;Failed to parse: GGA.. Meters expected in GGA message.
13688;GSA;;;;;;;
13689;GSV;;;;;;;
13690;GSV;;;;;;;
13691;;;;;;;;NMEA message parser not found for GRM.
13692;RMC;12/26/2016 10:13:39 PM;49.2159352166667;16.6035578166667;;;;
13693;;;;;;;;NMEA message parser not found for RMB.
13694;;;;;;;;Failed to parse: GGA.. Meters expected in GGA message.
13695;GSA;;;;;;;
13696;GSV;;;;;;;
13697;GSV;;;;;;;
13698;;;;;;;;NMEA message parser not found for GRM.
13699;RMC;12/26/2016 10:13:40 PM;49.2159366166667;16.6035677166667;;;;
13700;;;;;;;;NMEA message parser not found for RMB.
13701;;;;;;;;Failed to parse: GGA.. Meters expected in GGA message.
13702;GSA;;;;;;;
13703;GSV;;;;;;;
13704;GSV;;;;;;;
13705;;;;;;;;NMEA message parser not found for GRM.
13706;RMC;12/26/2016 10:13:41 PM;49.2159380333333;16.6035776333333;;;;
13707;;;;;;;;NMEA message parser not found for RMB.
13708;;;;;;;;Failed to parse: GGA.. Meters expected in GGA message.
13709;GSA;;;;;;;
13710;GSV;;;;;;;
13711;GSV;;;;;;;
13712;;;;;;;;NMEA message parser not found for GRM.
13713;RMC;12/26/2016 10:13:42 PM;49.2159394333333;16.60358755;;;;
13714;;;;;;;;NMEA message parser not found for RMB.
13715;;;;;;;;Failed to parse: GGA.. Meters expected in GGA message.
13716;GSA;;;;;;;
13717;GSV;;;;;;;
13718;GSV;;;;;;;
13719;;;;;;;;NMEA message parser not found for GRM.
13720;RMC;12/26/2016 10:13:43 PM;49.2159408333333;16.60359745;;;;
13721;;;;;;;;NMEA message parser not found for RMB.
13722;;;;;;;;Failed to parse: GGA.. Meters expected in GGA message.
13723;GSA;;;;;;;
13724;GSV;;;;;;;
13725;GSV;;;;;;;
13726;;;;;;;;NMEA message parser not found for GRM.
13727;RMC;12/26/2016 10:13:44 PM;49.21594225;16.6036073666667;;;;
13728;;;;;;;;NMEA message parser not found for RMB.
13729;;;;;;;;Failed to parse: GGA.. Meters expected in GGA message.
13730;GSA;;;;;;;
13731;GSV;;;;;;;
13732;GSV;;;;;;;
13733;;;;;;;;NMEA message parser not found for GRM.
13734;RMC;12/26/2016 10:13:45 PM;49.21594365;16.6036172833333;;;;
13735;;;;;;;;NMEA message parser not found for RMB.
13736;;;;;;;;Failed to parse: GGA.. Meters expected in GGA message.
13737;GSA;;;;;;;
13738;GSV;;;;;;;
13739;GSV;;;;;;;
13740;;;;;;;;NMEA message parser not found for GRM.
13741;RMC;12/26/2016 10:13:46 PM;49.21594505;16.6036271833333;;;;
13742;;;;;;;;NMEA message parser not found for RMB.
13743;;;;;;;;Failed to parse: GGA.. Meters expected in GGA message.
13744;GSA;;;;;;;
13745;GSV;;;;;;;
13746;GSV;;;;;;;
13747;;;;;;;;NMEA message parser not found for GRM.
13748;RMC;12/26/2016 10:13:47 PM;49.21594645;16.6036371;;;;
13749;;;;;;;;NMEA message parser not found for RMB.
13750;;;;;;;;Failed to parse: GGA.. Meters expected in GGA message.
13751;GSA;;;;;;;
13752;GSV;;;;;;;
13753;GSV;;;;;;;
13754;;;;;;;;NMEA message parser not found for GRM.
13755;RMC;12/26/2016 10:13:48 PM;49.2159478666667;16.6036470166667;;;;
13756;;;;;;;;NMEA message parser not found for RMB.
13757;;;;;;;;Failed to parse: GGA.. Meters expected in GGA message.
13758;GSA;;;;;;;
13759;GSV;;;;;;;
13760;GSV;;;;;;;
13761;;;;;;;;NMEA message parser not found for GRM.
13762;RMC;12/26/2016 10:13:49 PM;49.2159503166667;16.6036567166667;;;;
13763;;;;;;;;NMEA message parser not found for RMB.
13764;;;;;;;;Failed to parse: GGA.. Meters expected in GGA message.
13765;GSA;;;;;;;
13766;GSV;;;;;;;
13767;GSV;;;;;;;
13768;;;;;;;;NMEA message parser not found for GRM.
13769;RMC;12/26/2016 10:13:50 PM;49.2159528833333;16.6036663833333;;;;
13770;;;;;;;;NMEA message parser not found for RMB.
13771;;;;;;;;Failed to parse: GGA.. Meters expected in GGA message.
13772;GSA;;;;;;;
13773;GSV;;;;;;;
13774;GSV;;;;;;;
13775;;;;;;;;NMEA message parser not found for GRM.
13776;RMC;12/26/2016 10:13:51 PM;49.21595545;16.60367605;;;;
13777;;;;;;;;NMEA message parser not found for RMB.
13778;;;;;;;;Failed to parse: GGA.. Meters expected in GGA message.
13779;GSA;;;;;;;
13780;GSV;;;;;;;
13781;GSV;;;;;;;
13782;;;;;;;;NMEA message parser not found for GRM.
13783;RMC;12/26/2016 10:13:52 PM;49.2159580333333;16.6036857333333;;;;
13784;;;;;;;;NMEA message parser not found for RMB.
13785;;;;;;;;Failed to parse: GGA.. Meters expected in GGA message.
13786;GSA;;;;;;;
13787;GSV;;;;;;;
13788;GSV;;;;;;;
13789;;;;;;;;NMEA message parser not found for GRM.
13790;RMC;12/26/2016 10:13:53 PM;49.2159606;16.6036954;;;;
13791;;;;;;;;NMEA message parser not found for RMB.
13792;;;;;;;;Failed to parse: GGA.. Meters expected in GGA message.
13793;GSA;;;;;;;
13794;GSV;;;;;;;
13795;GSV;;;;;;;
13796;;;;;;;;NMEA message parser not found for GRM.
13797;RMC;12/26/2016 10:13:54 PM;49.2159631666667;16.6037050833333;;;;
13798;;;;;;;;NMEA message parser not found for RMB.
13799;;;;;;;;Failed to parse: GGA.. Meters expected in GGA message.
13800;GSA;;;;;;;
13801;GSV;;;;;;;
13802;GSV;;;;;;;
13803;;;;;;;;NMEA message parser not found for GRM.
13804;RMC;12/26/2016 10:13:55 PM;49.21596575;16.60371475;;;;
13805;;;;;;;;NMEA message parser not found for RMB.
13806;;;;;;;;Failed to parse: GGA.. Meters expected in GGA message.
13807;GSA;;;;;;;
13808;GSV;;;;;;;
13809;GSV;;;;;;;
13810;;;;;;;;NMEA message parser not found for GRM.
13811;RMC;12/26/2016 10:13:56 PM;49.2159683166667;16.6037244333333;;;;
13812;;;;;;;;NMEA message parser not found for RMB.
13813;;;;;;;;Failed to parse: GGA.. Meters expected in GGA message.
13814;GSA;;;;;;;
13815;GSV;;;;;;;
13816;GSV;;;;;;;
13817;;;;;;;;NMEA message parser not found for GRM.
13818;RMC;12/26/2016 10:13:57 PM;49.2159708833333;16.6037341;;;;
13819;;;;;;;;NMEA message parser not found for RMB.
13820;;;;;;;;Failed to parse: GGA.. Meters expected in GGA message.
13821;GSA;;;;;;;
13822;GSV;;;;;;;
13823;GSV;;;;;;;
13824;;;;;;;;NMEA message parser not found for GRM.
13825;RMC;12/26/2016 10:13:58 PM;49.21597345;16.6037437833333;;;;
13826;;;;;;;;NMEA message parser not found for RMB.
13827;;;;;;;;Failed to parse: GGA.. Meters expected in GGA message.
13828;GSA;;;;;;;
13829;GSV;;;;;;;
13830;GSV;;;;;;;
13831;;;;;;;;NMEA message parser not found for GRM.
13832;RMC;12/26/2016 10:13:59 PM;49.2159760333333;16.60375345;;;;
13833;;;;;;;;NMEA message parser not found for RMB.
13834;;;;;;;;Failed to parse: GGA.. Meters expected in GGA message.
13835;GSA;;;;;;;
13836;GSV;;;;;;;
13837;GSV;;;;;;;
13838;;;;;;;;NMEA message parser not found for GRM.
13839;RMC;12/26/2016 10:14:00 PM;49.2159786;16.6037631333333;;;;
13840;;;;;;;;NMEA message parser not found for RMB.
13841;;;;;;;;Failed to parse: GGA.. Meters expected in GGA message.
13842;GSA;;;;;;;
13843;GSV;;;;;;;
13844;GSV;;;;;;;
13845;;;;;;;;NMEA message parser not found for GRM.
13846;RMC;12/26/2016 10:14:01 PM;49.2159811666667;16.6037728;;;;
13847;;;;;;;;NMEA message parser not found for RMB.
13848;;;;;;;;Failed to parse: GGA.. Meters expected in GGA message.
13849;GSA;;;;;;;
13850;GSV;;;;;;;
13851;GSV;;;;;;;
13852;;;;;;;;NMEA message parser not found for GRM.
13853;RMC;12/26/2016 10:14:02 PM;49.21598375;16.6037824666667;;;;
13854;;;;;;;;NMEA message parser not found for RMB.
13855;;;;;;;;Failed to parse: GGA.. Meters expected in GGA message.
13856;GSA;;;;;;;
13857;GSV;;;;;;;
13858;GSV;;;;;;;
13859;;;;;;;;NMEA message parser not found for GRM.
13860;RMC;12/26/2016 10:14:03 PM;49.2159863166667;16.60379215;;;;
13861;;;;;;;;NMEA message parser not found for RMB.
13862;;;;;;;;Failed to parse: GGA.. Meters expected in GGA message.
13863;GSA;;;;;;;
13864;GSV;;;;;;;
13865;GSV;;;;;;;
13866;;;;;;;;NMEA message parser not found for GRM.
13867;RMC;12/26/2016 10:14:04 PM;49.2159888833333;16.6038018166667;;;;
13868;;;;;;;;NMEA message parser not found for RMB.
13869;;;;;;;;Failed to parse: GGA.. Meters expected in GGA message.
13870;GSA;;;;;;;
13871;GSV;;;;;;;
13872;GSV;;;;;;;
13873;;;;;;;;NMEA message parser not found for GRM.
13874;RMC;12/26/2016 10:14:05 PM;49.21599145;16.6038115;;;;
13875;;;;;;;;NMEA message parser not found for RMB.
13876;;;;;;;;Failed to parse: GGA.. Meters expected in GGA message.
13877;GSA;;;;;;;
13878;GSV;;;;;;;
13879;GSV;;;;;;;
13880;;;;;;;;NMEA message parser not found for GRM.
13881;RMC;12/26/2016 10:14:06 PM;49.2159940333333;16.6038211666667;;;;
13882;;;;;;;;NMEA message parser not found for RMB.
13883;;;;;;;;Failed to parse: GGA.. Meters expected in GGA message.
13884;GSA;;;;;;;
13885;GSV;;;;;;;
13886;GSV;;;;;;;
13887;;;;;;;;NMEA message parser not found for GRM.
13888;RMC;12/26/2016 10:14:07 PM;49.2159966;16.60383085;;;;
13889;;;;;;;;NMEA message parser not found for RMB.
13890;;;;;;;;Failed to parse: GGA.. Meters expected in GGA message.
13891;GSA;;;;;;;
13892;GSV;;;;;;;
13893;GSV;;;;;;;
13894;;;;;;;;NMEA message parser not found for GRM.
13895;RMC;12/26/2016 10:14:08 PM;49.2159991666667;16.6038405166667;;;;
13896;;;;;;;;NMEA message parser not found for RMB.
13897;;;;;;;;Failed to parse: GGA.. Meters expected in GGA message.
13898;GSA;;;;;;;
13899;GSV;;;;;;;
13900;GSV;;;;;;;
13901;;;;;;;;NMEA message parser not found for GRM.
13902;RMC;12/26/2016 10:14:09 PM;49.21600175;16.6038502;;;;
13903;;;;;;;;NMEA message parser not found for RMB.
13904;;;;;;;;Failed to parse: GGA.. Meters expected in GGA message.
13905;GSA;;;;;;;
13906;GSV;;;;;;;
13907;GSV;;;;;;;
13908;;;;;;;;NMEA message parser not found for GRM.
13909;RMC;12/26/2016 10:14:10 PM;49.2160043166667;16.6038598666667;;;;
13910;;;;;;;;NMEA message parser not found for RMB.
13911;;;;;;;;Failed to parse: GGA.. Meters expected in GGA message.
13912;GSA;;;;;;;
13913;GSV;;;;;;;
13914;GSV;;;;;;;
13915;;;;;;;;NMEA message parser not found for GRM.
13916;RMC;12/26/2016 10:14:11 PM;49.2160068833333;16.6038695333333;;;;
13917;;;;;;;;NMEA message parser not found for RMB.
13918;;;;;;;;Failed to parse: GGA.. Meters expected in GGA message.
13919;GSA;;;;;;;
13920;GSV;;;;;;;
13921;GSV;;;;;;;
13922;;;;;;;;NMEA message parser not found for GRM.
13923;RMC;12/26/2016 10:14:12 PM;49.21600945;16.6038792166667;;;;
13924;;;;;;;;NMEA message parser not found for RMB.
13925;;;;;;;;Failed to parse: GGA.. Meters expected in GGA message.
13926;GSA;;;;;;;
13927;GSV;;;;;;;
13928;GSV;;;;;;;
13929;;;;;;;;NMEA message parser not found for GRM.
13930;RMC;12/26/2016 10:14:13 PM;49.2160120333333;16.6038888833333;;;;
13931;;;;;;;;NMEA message parser not found for RMB.
13932;;;;;;;;Failed to parse: GGA.. Meters expected in GGA message.
13933;GSA;;;;;;;
13934;GSV;;;;;;;
13935;GSV;;;;;;;
13936;;;;;;;;NMEA message parser not found for GRM.
13937;RMC;12/26/2016 10:14:14 PM;49.2160146;16.6038985666667;;;;
13938;;;;;;;;NMEA message parser not found for RMB.
13939;;;;;;;;Failed to parse: GGA.. Meters expected in GGA message.
13940;GSA;;;;;;;
13941;GSV;;;;;;;
13942;GSV;;;;;;;
13943;;;;;;;;NMEA message parser not found for GRM.
13944;RMC;12/26/2016 10:14:15 PM;49.2160171666667;16.6039082333333;;;;
13945;;;;;;;;NMEA message parser not found for RMB.
13946;;;;;;;;Failed to parse: GGA.. Meters expected in GGA message.
13947;GSA;;;;;;;
13948;GSV;;;;;;;
13949;GSV;;;;;;;
13950;;;;;;;;NMEA message parser not found for GRM.
13951;RMC;12/26/2016 10:14:16 PM;49.21601975;16.6039179166667;;;;
13952;;;;;;;;NMEA message parser not found for RMB.
13953;;;;;;;;Failed to parse: GGA.. Meters expected in GGA message.
13954;GSA;;;;;;;
13955;GSV;;;;;;;
13956;GSV;;;;;;;
13957;;;;;;;;NMEA message parser not found for GRM.
13958;RMC;12/26/2016 10:14:17 PM;49.2160223166667;16.6039275833333;;;;
13959;;;;;;;;NMEA message parser not found for RMB.
13960;;;;;;;;Failed to parse: GGA.. Meters expected in GGA message.
13961;GSA;;;;;;;
13962;GSV;;;;;;;
13963;GSV;;;;;;;
13964;;;;;;;;NMEA message parser not found for GRM.
13965;RMC;12/26/2016 10:14:18 PM;49.2160248833333;16.6039372666667;;;;
13966;;;;;;;;NMEA message parser not found for RMB.
13967;;;;;;;;Failed to parse: GGA.. Meters expected in GGA message.
13968;GSA;;;;;;;
13969;GSV;;;;;;;
13970;GSV;;;;;;;
13971;;;;;;;;NMEA message parser not found for GRM.
13972;RMC;12/26/2016 10:14:19 PM;49.21602745;16.6039469333333;;;;
13973;;;;;;;;NMEA message parser not found for RMB.
13974;;;;;;;;Failed to parse: GGA.. Meters expected in GGA message.
13975;GSA;;;;;;;
13976;GSV;;;;;;;
13977;GSV;;;;;;;
13978;;;;;;;;NMEA message parser not found for GRM.
13979;RMC;12/26/2016 10:14:20 PM;49.2160300333333;16.6039566;;;;
13980;;;;;;;;NMEA message parser not found for RMB.
13981;;;;;;;;Failed to parse: GGA.. Meters expected in GGA message.
13982;GSA;;;;;;;
13983;GSV;;;;;;;
13984;GSV;;;;;;;
13985;;;;;;;;NMEA message parser not found for GRM.
13986;RMC;12/26/2016 10:14:21 PM;49.2160326;16.6039662833333;;;;
13987;;;;;;;;NMEA message parser not found for RMB.
13988;;;;;;;;Failed to parse: GGA.. Meters expected in GGA message.
13989;GSA;;;;;;;
13990;GSV;;;;;;;
13991;GSV;;;;;;;
13992;;;;;;;;NMEA message parser not found for GRM.
13993;RMC;12/26/2016 10:14:22 PM;49.2160351666667;16.60397595;;;;
13994;;;;;;;;NMEA message parser not found for RMB.
13995;;;;;;;;Failed to parse: GGA.. Meters expected in GGA message.
13996;GSA;;;;;;;
13997;GSV;;;;;;;
13998;GSV;;;;;;;
13999;;;;;;;;NMEA message parser not found for GRM.
14000;RMC;12/26/2016 10:14:23 PM;49.21603775;16.6039856333333;;;;
14001;;;;;;;;NMEA message parser not found for RMB.
14002;;;;;;;;Failed to parse: GGA.. Meters expected in GGA message.
14003;GSA;;;;;;;
14004;GSV;;;;;;;
14005;GSV;;;;;;;
14006;;;;;;;;NMEA message parser not found for GRM.
14007;RMC;12/26/2016 10:14:24 PM;49.2160403166667;16.6039953;;;;
14008;;;;;;;;NMEA message parser not found for RMB.
14009;;;;;;;;Failed to parse: GGA.. Meters expected in GGA message.
14010;GSA;;;;;;;
14011;GSV;;;;;;;
14012;GSV;;;;;;;
14013;;;;;;;;NMEA message parser not found for GRM.
14014;RMC;12/26/2016 10:14:25 PM;49.2160428833333;16.6040049833333;;;;
14015;;;;;;;;NMEA message parser not found for RMB.
14016;;;;;;;;Failed to parse: GGA.. Meters expected in GGA message.
14017;GSA;;;;;;;
14018;GSV;;;;;;;
14019;GSV;;;;;;;
14020;;;;;;;;NMEA message parser not found for GRM.
14021;RMC;12/26/2016 10:14:26 PM;49.21604545;16.60401465;;;;
14022;;;;;;;;NMEA message parser not found for RMB.
14023;;;;;;;;Failed to parse: GGA.. Meters expected in GGA message.
14024;GSA;;;;;;;
14025;GSV;;;;;;;
14026;GSV;;;;;;;
14027;;;;;;;;NMEA message parser not found for GRM.
14028;RMC;12/26/2016 10:14:27 PM;49.2160480333333;16.6040243333333;;;;
14029;;;;;;;;NMEA message parser not found for RMB.
14030;;;;;;;;Failed to parse: GGA.. Meters expected in GGA message.
14031;GSA;;;;;;;
14032;GSV;;;;;;;
14033;GSV;;;;;;;
14034;;;;;;;;NMEA message parser not found for GRM.
14035;RMC;12/26/2016 10:14:28 PM;49.2160506;16.604034;;;;
14036;;;;;;;;NMEA message parser not found for RMB.
14037;;;;;;;;Failed to parse: GGA.. Meters expected in GGA message.
14038;GSA;;;;;;;
14039;GSV;;;;;;;
14040;GSV;;;;;;;
14041;;;;;;;;NMEA message parser not found for GRM.
14042;RMC;12/26/2016 10:14:29 PM;49.2160531666667;16.6040436666667;;;;
14043;;;;;;;;NMEA message parser not found for RMB.
14044;;;;;;;;Failed to parse: GGA.. Meters expected in GGA message.
14045;GSA;;;;;;;
14046;GSV;;;;;;;
14047;GSV;;;;;;;
14048;;;;;;;;NMEA message parser not found for GRM.
14049;RMC;12/26/2016 10:14:30 PM;49.21605575;16.60405335;;;;
14050;;;;;;;;NMEA message parser not found for RMB.
14051;;;;;;;;Failed to parse: GGA.. Meters expected in GGA message.
14052;GSA;;;;;;;
14053;GSV;;;;;;;
14054;GSV;;;;;;;
14055;;;;;;;;NMEA message parser not found for GRM.
14056;RMC;12/26/2016 10:14:31 PM;49.2160583166667;16.6040630166667;;;;
14057;;;;;;;;NMEA message parser not found for RMB.
14058;;;;;;;;Failed to parse: GGA.. Meters expected in GGA message.
14059;GSA;;;;;;;
14060;GSV;;;;;;;
14061;GSV;;;;;;;
14062;;;;;;;;NMEA message parser not found for GRM.
14063;RMC;12/26/2016 10:14:32 PM;49.2160608833333;16.6040727;;;;
14064;;;;;;;;NMEA message parser not found for RMB.
14065;;;;;;;;Failed to parse: GGA.. Meters expected in GGA message.
14066;GSA;;;;;;;
14067;GSV;;;;;;;
14068;GSV;;;;;;;
14069;;;;;;;;NMEA message parser not found for GRM.
14070;RMC;12/26/2016 10:14:33 PM;49.21606345;16.6040823666667;;;;
14071;;;;;;;;NMEA message parser not found for RMB.
14072;;;;;;;;Failed to parse: GGA.. Meters expected in GGA message.
14073;GSA;;;;;;;
14074;GSV;;;;;;;
14075;GSV;;;;;;;
14076;;;;;;;;NMEA message parser not found for GRM.
14077;RMC;12/26/2016 10:14:34 PM;49.2160660333333;16.60409205;;;;
14078;;;;;;;;NMEA message parser not found for RMB.
14079;;;;;;;;Failed to parse: GGA.. Meters expected in GGA message.
14080;GSA;;;;;;;
14081;GSV;;;;;;;
14082;GSV;;;;;;;
14083;;;;;;;;NMEA message parser not found for GRM.
14084;RMC;12/26/2016 10:14:35 PM;49.2160686;16.6041017166667;;;;
14085;;;;;;;;NMEA message parser not found for RMB.
14086;;;;;;;;Failed to parse: GGA.. Meters expected in GGA message.
14087;GSA;;;;;;;
14088;GSV;;;;;;;
14089;GSV;;;;;;;
14090;;;;;;;;NMEA message parser not found for GRM.
14091;RMC;12/26/2016 10:14:36 PM;49.2160711666667;16.6041114;;;;
14092;;;;;;;;NMEA message parser not found for RMB.
14093;;;;;;;;Failed to parse: GGA.. Meters expected in GGA message.
14094;GSA;;;;;;;
14095;GSV;;;;;;;
14096;GSV;;;;;;;
14097;;;;;;;;NMEA message parser not found for GRM.
14098;RMC;12/26/2016 10:14:37 PM;49.21607375;16.6041210666667;;;;
14099;;;;;;;;NMEA message parser not found for RMB.
14100;;;;;;;;Failed to parse: GGA.. Meters expected in GGA message.
14101;GSA;;;;;;;
14102;GSV;;;;;;;
14103;GSV;;;;;;;
14104;;;;;;;;NMEA message parser not found for GRM.
14105;RMC;12/26/2016 10:14:38 PM;49.2160763166667;16.6041307333333;;;;
14106;;;;;;;;NMEA message parser not found for RMB.
14107;;;;;;;;Failed to parse: GGA.. Meters expected in GGA message.
14108;GSA;;;;;;;
14109;GSV;;;;;;;
14110;GSV;;;;;;;
14111;;;;;;;;NMEA message parser not found for GRM.
14112;RMC;12/26/2016 10:14:39 PM;49.2160788833333;16.6041404166667;;;;
14113;;;;;;;;NMEA message parser not found for RMB.
14114;;;;;;;;Failed to parse: GGA.. Meters expected in GGA message.
14115;GSA;;;;;;;
14116;GSV;;;;;;;
14117;GSV;;;;;;;
14118;;;;;;;;NMEA message parser not found for GRM.
14119;RMC;12/26/2016 10:14:40 PM;49.21608145;16.6041500833333;;;;
14120;;;;;;;;NMEA message parser not found for RMB.
14121;;;;;;;;Failed to parse: GGA.. Meters expected in GGA message.
14122;GSA;;;;;;;
14123;GSV;;;;;;;
14124;GSV;;;;;;;
14125;;;;;;;;NMEA message parser not found for GRM.
14126;RMC;12/26/2016 10:14:41 PM;49.2160840333333;16.6041597666667;;;;
14127;;;;;;;;NMEA message parser not found for RMB.
14128;;;;;;;;Failed to parse: GGA.. Meters expected in GGA message.
14129;GSA;;;;;;;
14130;GSV;;;;;;;
14131;GSV;;;;;;;
14132;;;;;;;;NMEA message parser not found for GRM.
14133;RMC;12/26/2016 10:14:42 PM;49.2160866;16.6041694333333;;;;
14134;;;;;;;;NMEA message parser not found for RMB.
14135;;;;;;;;Failed to parse: GGA.. Meters expected in GGA message.
14136;GSA;;;;;;;
14137;GSV;;;;;;;
14138;GSV;;;;;;;
14139;;;;;;;;NMEA message parser not found for GRM.
14140;RMC;12/26/2016 10:14:43 PM;49.2160891666667;16.6041791166667;;;;
14141;;;;;;;;NMEA message parser not found for RMB.
14142;;;;;;;;Failed to parse: GGA.. Meters expected in GGA message.
14143;GSA;;;;;;;
14144;GSV;;;;;;;
14145;GSV;;;;;;;
14146;;;;;;;;NMEA message parser not found for GRM.
14147;RMC;12/26/2016 10:14:44 PM;49.21609175;16.6041887833333;;;;
14148;;;;;;;;NMEA message parser not found for RMB.
14149;;;;;;;;Failed to parse: GGA.. Meters expected in GGA message.
14150;GSA;;;;;;;
14151;GSV;;;;;;;
14152;GSV;;;;;;;
14153;;;;;;;;NMEA message parser not found for GRM.
14154;RMC;12/26/2016 10:14:45 PM;49.2160943166667;16.6041984666667;;;;
14155;;;;;;;;NMEA message parser not found for RMB.
14156;;;;;;;;Failed to parse: GGA.. Meters expected in GGA message.
14157;GSA;;;;;;;
14158;GSV;;;;;;;
14159;GSV;;;;;;;
14160;;;;;;;;NMEA message parser not found for GRM.
14161;RMC;12/26/2016 10:14:46 PM;49.2160968833333;16.6042081333333;;;;
14162;;;;;;;;NMEA message parser not found for RMB.
14163;;;;;;;;Failed to parse: GGA.. Meters expected in GGA message.
14164;GSA;;;;;;;
14165;GSV;;;;;;;
14166;GSV;;;;;;;
14167;;;;;;;;NMEA message parser not found for GRM.
14168;RMC;12/26/2016 10:14:47 PM;49.21609945;16.6042178;;;;
14169;;;;;;;;NMEA message parser not found for RMB.
14170;;;;;;;;Failed to parse: GGA.. Meters expected in GGA message.
14171;GSA;;;;;;;
14172;GSV;;;;;;;
14173;GSV;;;;;;;
14174;;;;;;;;NMEA message parser not found for GRM.
14175;RMC;12/26/2016 10:14:48 PM;49.2161020333333;16.6042274833333;;;;
14176;;;;;;;;NMEA message parser not found for RMB.
14177;;;;;;;;Failed to parse: GGA.. Meters expected in GGA message.
14178;GSA;;;;;;;
14179;GSV;;;;;;;
14180;GSV;;;;;;;
14181;;;;;;;;NMEA message parser not found for GRM.
14182;RMC;12/26/2016 10:14:49 PM;49.2161046;16.60423715;;;;
14183;;;;;;;;NMEA message parser not found for RMB.
14184;;;;;;;;Failed to parse: GGA.. Meters expected in GGA message.
14185;GSA;;;;;;;
14186;GSV;;;;;;;
14187;GSV;;;;;;;
14188;;;;;;;;NMEA message parser not found for GRM.
14189;RMC;12/26/2016 10:14:50 PM;49.2161071666667;16.6042468333333;;;;
14190;;;;;;;;NMEA message parser not found for RMB.
14191;;;;;;;;Failed to parse: GGA.. Meters expected in GGA message.
14192;GSA;;;;;;;
14193;GSV;;;;;;;
14194;GSV;;;;;;;
14195;;;;;;;;NMEA message parser not found for GRM.
14196;RMC;12/26/2016 10:14:51 PM;49.21610975;16.6042565;;;;
14197;;;;;;;;NMEA message parser not found for RMB.
14198;;;;;;;;Failed to parse: GGA.. Meters expected in GGA message.
14199;GSA;;;;;;;
14200;GSV;;;;;;;
14201;GSV;;;;;;;
14202;;;;;;;;NMEA message parser not found for GRM.
14203;RMC;12/26/2016 10:14:52 PM;49.2161132;16.60426475;;;;
14204;;;;;;;;NMEA message parser not found for RMB.
14205;;;;;;;;Failed to parse: GGA.. Meters expected in GGA message.
14206;GSA;;;;;;;
14207;GSV;;;;;;;
14208;GSV;;;;;;;
14209;;;;;;;;NMEA message parser not found for GRM.
14210;RMC;12/26/2016 10:14:53 PM;49.216123;16.60426275;;;;
14211;;;;;;;;NMEA message parser not found for RMB.
14212;;;;;;;;Failed to parse: GGA.. Meters expected in GGA message.
14213;GSA;;;;;;;
14214;GSV;;;;;;;
14215;GSV;;;;;;;
14216;;;;;;;;NMEA message parser not found for GRM.
14217;RMC;12/26/2016 10:14:54 PM;49.2161328166667;16.60426075;;;;
14218;;;;;;;;NMEA message parser not found for RMB.
14219;;;;;;;;Failed to parse: GGA.. Meters expected in GGA message.
14220;GSA;;;;;;;
14221;GSV;;;;;;;
14222;GSV;;;;;;;
14223;;;;;;;;NMEA message parser not found for GRM.
14224;RMC;12/26/2016 10:14:55 PM;49.2161426166667;16.6042587333333;;;;
14225;;;;;;;;NMEA message parser not found for RMB.
14226;;;;;;;;Failed to parse: GGA.. Meters expected in GGA message.
14227;GSA;;;;;;;
14228;GSV;;;;;;;
14229;GSV;;;;;;;
14230;;;;;;;;NMEA message parser not found for GRM.
14231;RMC;12/26/2016 10:14:56 PM;49.2161524166667;16.6042567333333;;;;
14232;;;;;;;;NMEA message parser not found for RMB.
14233;;;;;;;;Failed to parse: GGA.. Meters expected in GGA message.
14234;GSA;;;;;;;
14235;GSV;;;;;;;
14236;GSV;;;;;;;
14237;;;;;;;;NMEA message parser not found for GRM.
14238;RMC;12/26/2016 10:14:57 PM;49.2161622333333;16.6042547333333;;;;
14239;;;;;;;;NMEA message parser not found for RMB.
14240;;;;;;;;Failed to parse: GGA.. Meters expected in GGA message.
14241;GSA;;;;;;;
14242;GSV;;;;;;;
14243;GSV;;;;;;;
14244;;;;;;;;NMEA message parser not found for GRM.
14245;RMC;12/26/2016 10:14:58 PM;49.2161720333333;16.6042527166667;;;;
14246;;;;;;;;NMEA message parser not found for RMB.
14247;;;;;;;;Failed to parse: GGA.. Meters expected in GGA message.
14248;GSA;;;;;;;
14249;GSV;;;;;;;
14250;GSV;;;;;;;
14251;;;;;;;;NMEA message parser not found for GRM.
14252;RMC;12/26/2016 10:14:59 PM;49.21618185;16.6042507166667;;;;
14253;;;;;;;;NMEA message parser not found for RMB.
14254;;;;;;;;Failed to parse: GGA.. Meters expected in GGA message.
14255;GSA;;;;;;;
14256;GSV;;;;;;;
14257;GSV;;;;;;;
14258;;;;;;;;NMEA message parser not found for GRM.
14259;RMC;12/26/2016 10:15:00 PM;49.21619165;16.6042487;;;;
14260;;;;;;;;NMEA message parser not found for RMB.
14261;;;;;;;;Failed to parse: GGA.. Meters expected in GGA message.
14262;GSA;;;;;;;
14263;GSV;;;;;;;
14264;GSV;;;;;;;
14265;;;;;;;;NMEA message parser not found for GRM.
14266;RMC;12/26/2016 10:15:01 PM;49.21620145;16.6042467;;;;
14267;;;;;;;;NMEA message parser not found for RMB.
14268;;;;;;;;Failed to parse: GGA.. Meters expected in GGA message.
14269;GSA;;;;;;;
14270;GSV;;;;;;;
14271;GSV;;;;;;;
14272;;;;;;;;NMEA message parser not found for GRM.
14273;RMC;12/26/2016 10:15:02 PM;49.2162112666667;16.6042447;;;;
14274;;;;;;;;NMEA message parser not found for RMB.
14275;;;;;;;;Failed to parse: GGA.. Meters expected in GGA message.
14276;GSA;;;;;;;
14277;GSV;;;;;;;
14278;GSV;;;;;;;
14279;;;;;;;;NMEA message parser not found for GRM.
14280;RMC;12/26/2016 10:15:03 PM;49.2162210666667;16.6042426833333;;;;
14281;;;;;;;;NMEA message parser not found for RMB.
14282;;;;;;;;Failed to parse: GGA.. Meters expected in GGA message.
14283;GSA;;;;;;;
14284;GSV;;;;;;;
14285;GSV;;;;;;;
14286;;;;;;;;NMEA message parser not found for GRM.
14287;RMC;12/26/2016 10:15:04 PM;49.2162308833333;16.6042406833333;;;;
14288;;;;;;;;NMEA message parser not found for RMB.
14289;;;;;;;;Failed to parse: GGA.. Meters expected in GGA message.
14290;GSA;;;;;;;
14291;GSV;;;;;;;
14292;GSV;;;;;;;
14293;;;;;;;;NMEA message parser not found for GRM.
14294;RMC;12/26/2016 10:15:05 PM;49.2162406833333;16.6042386833333;;;;
14295;;;;;;;;NMEA message parser not found for RMB.
14296;;;;;;;;Failed to parse: GGA.. Meters expected in GGA message.
14297;GSA;;;;;;;
14298;GSV;;;;;;;
14299;GSV;;;;;;;
14300;;;;;;;;NMEA message parser not found for GRM.
14301;RMC;12/26/2016 10:15:06 PM;49.2162495833333;16.6042344333333;;;;
14302;;;;;;;;NMEA message parser not found for RMB.
14303;;;;;;;;Failed to parse: GGA.. Meters expected in GGA message.
14304;GSA;;;;;;;
14305;GSV;;;;;;;
14306;GSV;;;;;;;
14307;;;;;;;;NMEA message parser not found for GRM.
14308;RMC;12/26/2016 10:15:07 PM;49.2162580166667;16.60422905;;;;
14309;;;;;;;;NMEA message parser not found for RMB.
14310;;;;;;;;Failed to parse: GGA.. Meters expected in GGA message.
14311;GSA;;;;;;;
14312;GSV;;;;;;;
14313;GSV;;;;;;;
14314;;;;;;;;NMEA message parser not found for GRM.
14315;RMC;12/26/2016 10:15:08 PM;49.21626645;16.60422365;;;;
14316;;;;;;;;NMEA message parser not found for RMB.
14317;;;;;;;;Failed to parse: GGA.. Meters expected in GGA message.
14318;GSA;;;;;;;
14319;GSV;;;;;;;
14320;GSV;;;;;;;
14321;;;;;;;;NMEA message parser not found for GRM.
14322;RMC;12/26/2016 10:15:09 PM;49.2162748833333;16.6042182666667;;;;
14323;;;;;;;;NMEA message parser not found for RMB.
14324;;;;;;;;Failed to parse: GGA.. Meters expected in GGA message.
14325;GSA;;;;;;;
14326;GSV;;;;;;;
14327;GSV;;;;;;;
14328;;;;;;;;NMEA message parser not found for GRM.
14329;RMC;12/26/2016 10:15:10 PM;49.2162809333333;16.6042188333333;;;;
14330;;;;;;;;NMEA message parser not found for RMB.
14331;;;;;;;;Failed to parse: GGA.. Meters expected in GGA message.
14332;GSA;;;;;;;
14333;GSV;;;;;;;
14334;GSV;;;;;;;
14335;;;;;;;;NMEA message parser not found for GRM.
14336;RMC;12/26/2016 10:15:11 PM;49.2162833;16.6042285666667;;;;
14337;;;;;;;;NMEA message parser not found for RMB.
14338;;;;;;;;Failed to parse: GGA.. Meters expected in GGA message.
14339;GSA;;;;;;;
14340;GSV;;;;;;;
14341;GSV;;;;;;;
14342;;;;;;;;NMEA message parser not found for GRM.
14343;RMC;12/26/2016 10:15:12 PM;49.21628565;16.6042382833333;;;;
14344;;;;;;;;NMEA message parser not found for RMB.
14345;;;;;;;;Failed to parse: GGA.. Meters expected in GGA message.
14346;GSA;;;;;;;
14347;GSV;;;;;;;
14348;GSV;;;;;;;
14349;;;;;;;;NMEA message parser not found for GRM.
14350;RMC;12/26/2016 10:15:13 PM;49.2162880166667;16.6042480166667;;;;
14351;;;;;;;;NMEA message parser not found for RMB.
14352;;;;;;;;Failed to parse: GGA.. Meters expected in GGA message.
14353;GSA;;;;;;;
14354;GSV;;;;;;;
14355;GSV;;;;;;;
14356;;;;;;;;NMEA message parser not found for GRM.
14357;RMC;12/26/2016 10:15:14 PM;49.2162903833333;16.60425775;;;;
14358;;;;;;;;NMEA message parser not found for RMB.
14359;;;;;;;;Failed to parse: GGA.. Meters expected in GGA message.
14360;GSA;;;;;;;
14361;GSV;;;;;;;
14362;GSV;;;;;;;
14363;;;;;;;;NMEA message parser not found for GRM.
14364;RMC;12/26/2016 10:15:15 PM;49.2162927333333;16.6042674666667;;;;
14365;;;;;;;;NMEA message parser not found for RMB.
14366;;;;;;;;Failed to parse: GGA.. Meters expected in GGA message.
14367;GSA;;;;;;;
14368;GSV;;;;;;;
14369;GSV;;;;;;;
14370;;;;;;;;NMEA message parser not found for GRM.
14371;RMC;12/26/2016 10:15:16 PM;49.2162951;16.6042772;;;;
14372;;;;;;;;NMEA message parser not found for RMB.
14373;;;;;;;;Failed to parse: GGA.. Meters expected in GGA message.
14374;GSA;;;;;;;
14375;GSV;;;;;;;
14376;GSV;;;;;;;
14377;;;;;;;;NMEA message parser not found for GRM.
14378;RMC;12/26/2016 10:15:17 PM;49.21629745;16.6042869333333;;;;
14379;;;;;;;;NMEA message parser not found for RMB.
14380;;;;;;;;Failed to parse: GGA.. Meters expected in GGA message.
14381;GSA;;;;;;;
14382;GSV;;;;;;;
14383;GSV;;;;;;;
14384;;;;;;;;NMEA message parser not found for GRM.
14385;RMC;12/26/2016 10:15:18 PM;49.2162998166667;16.60429665;;;;
14386;;;;;;;;NMEA message parser not found for RMB.
14387;;;;;;;;Failed to parse: GGA.. Meters expected in GGA message.
14388;GSA;;;;;;;
14389;GSV;;;;;;;
14390;GSV;;;;;;;
14391;;;;;;;;NMEA message parser not found for GRM.
14392;RMC;12/26/2016 10:15:19 PM;49.2163021833333;16.6043063833333;;;;
14393;;;;;;;;NMEA message parser not found for RMB.
14394;;;;;;;;Failed to parse: GGA.. Meters expected in GGA message.
14395;GSA;;;;;;;
14396;GSV;;;;;;;
14397;GSV;;;;;;;
14398;;;;;;;;NMEA message parser not found for GRM.
14399;RMC;12/26/2016 10:15:20 PM;49.2163045333333;16.6043161166667;;;;
14400;;;;;;;;NMEA message parser not found for RMB.
14401;;;;;;;;Failed to parse: GGA.. Meters expected in GGA message.
14402;GSA;;;;;;;
14403;GSV;;;;;;;
14404;GSV;;;;;;;
14405;;;;;;;;NMEA message parser not found for GRM.
14406;RMC;12/26/2016 10:15:21 PM;49.2163058333333;16.6043260166667;;;;
14407;;;;;;;;NMEA message parser not found for RMB.
14408;;;;;;;;Failed to parse: GGA.. Meters expected in GGA message.
14409;GSA;;;;;;;
14410;GSV;;;;;;;
14411;GSV;;;;;;;
14412;;;;;;;;NMEA message parser not found for GRM.
14413;RMC;12/26/2016 10:15:22 PM;49.21630685;16.6043359833333;;;;
14414;;;;;;;;NMEA message parser not found for RMB.
14415;;;;;;;;Failed to parse: GGA.. Meters expected in GGA message.
14416;GSA;;;;;;;
14417;GSV;;;;;;;
14418;GSV;;;;;;;
14419;;;;;;;;NMEA message parser not found for GRM.
14420;RMC;12/26/2016 10:15:23 PM;49.2163078833333;16.6043459333333;;;;
14421;;;;;;;;NMEA message parser not found for RMB.
14422;;;;;;;;Failed to parse: GGA.. Meters expected in GGA message.
14423;GSA;;;;;;;
14424;GSV;;;;;;;
14425;GSV;;;;;;;
14426;;;;;;;;NMEA message parser not found for GRM.
14427;RMC;12/26/2016 10:15:24 PM;49.2163089166667;16.6043559;;;;
14428;;;;;;;;NMEA message parser not found for RMB.
14429;;;;;;;;Failed to parse: GGA.. Meters expected in GGA message.
14430;GSA;;;;;;;
14431;GSV;;;;;;;
14432;GSV;;;;;;;
14433;;;;;;;;NMEA message parser not found for GRM.
14434;RMC;12/26/2016 10:15:25 PM;49.2163099333333;16.60436585;;;;
14435;;;;;;;;NMEA message parser not found for RMB.
14436;;;;;;;;Failed to parse: GGA.. Meters expected in GGA message.
14437;GSA;;;;;;;
14438;GSV;;;;;;;
14439;GSV;;;;;;;
14440;;;;;;;;NMEA message parser not found for GRM.
14441;RMC;12/26/2016 10:15:26 PM;49.2163109666667;16.6043758166667;;;;
14442;;;;;;;;NMEA message parser not found for RMB.
14443;;;;;;;;Failed to parse: GGA.. Meters expected in GGA message.
14444;GSA;;;;;;;
14445;GSV;;;;;;;
14446;GSV;;;;;;;
14447;;;;;;;;NMEA message parser not found for GRM.
14448;RMC;12/26/2016 10:15:27 PM;49.216312;16.6043857666667;;;;
14449;;;;;;;;NMEA message parser not found for RMB.
14450;;;;;;;;Failed to parse: GGA.. Meters expected in GGA message.
14451;GSA;;;;;;;
14452;GSV;;;;;;;
14453;GSV;;;;;;;
14454;;;;;;;;NMEA message parser not found for GRM.
14455;RMC;12/26/2016 10:15:28 PM;49.2163130166667;16.6043957166667;;;;
14456;;;;;;;;NMEA message parser not found for RMB.
14457;;;;;;;;Failed to parse: GGA.. Meters expected in GGA message.
14458;GSA;;;;;;;
14459;GSV;;;;;;;
14460;GSV;;;;;;;
14461;;;;;;;;NMEA message parser not found for GRM.
14462;RMC;12/26/2016 10:15:29 PM;49.21631405;16.6044056833333;;;;
14463;;;;;;;;NMEA message parser not found for RMB.
14464;;;;;;;;Failed to parse: GGA.. Meters expected in GGA message.
14465;GSA;;;;;;;
14466;GSV;;;;;;;
14467;GSV;;;;;;;
14468;;;;;;;;NMEA message parser not found for GRM.
14469;RMC;12/26/2016 10:15:30 PM;49.2163150666667;16.6044156333333;;;;
14470;;;;;;;;NMEA message parser not found for RMB.
14471;;;;;;;;Failed to parse: GGA.. Meters expected in GGA message.
14472;GSA;;;;;;;
14473;GSV;;;;;;;
14474;GSV;;;;;;;
14475;;;;;;;;NMEA message parser not found for GRM.
14476;RMC;12/26/2016 10:15:31 PM;49.2163161;16.6044256;;;;
14477;;;;;;;;NMEA message parser not found for RMB.
14478;;;;;;;;Failed to parse: GGA.. Meters expected in GGA message.
14479;GSA;;;;;;;
14480;GSV;;;;;;;
14481;GSV;;;;;;;
14482;;;;;;;;NMEA message parser not found for GRM.
14483;RMC;12/26/2016 10:15:32 PM;49.2163171333333;16.60443555;;;;
14484;;;;;;;;NMEA message parser not found for RMB.
14485;;;;;;;;Failed to parse: GGA.. Meters expected in GGA message.
14486;GSA;;;;;;;
14487;GSV;;;;;;;
14488;GSV;;;;;;;
14489;;;;;;;;NMEA message parser not found for GRM.
14490;RMC;12/26/2016 10:15:33 PM;49.2163185166667;16.6044454166667;;;;
14491;;;;;;;;NMEA message parser not found for RMB.
14492;;;;;;;;Failed to parse: GGA.. Meters expected in GGA message.
14493;GSA;;;;;;;
14494;GSV;;;;;;;
14495;GSV;;;;;;;
14496;;;;;;;;NMEA message parser not found for GRM.
14497;RMC;12/26/2016 10:15:34 PM;49.2163219833333;16.6044548166667;;;;
14498;;;;;;;;NMEA message parser not found for RMB.
14499;;;;;;;;Failed to parse: GGA.. Meters expected in GGA message.
14500;GSA;;;;;;;
14501;GSV;;;;;;;
14502;GSV;;;;;;;
14503;;;;;;;;NMEA message parser not found for GRM.
14504;RMC;12/26/2016 10:15:35 PM;49.2163254333333;16.6044642166667;;;;
14505;;;;;;;;NMEA message parser not found for RMB.
14506;;;;;;;;Failed to parse: GGA.. Meters expected in GGA message.
14507;GSA;;;;;;;
14508;GSV;;;;;;;
14509;GSV;;;;;;;
14510;;;;;;;;NMEA message parser not found for GRM.
14511;RMC;12/26/2016 10:15:36 PM;49.2163288833333;16.6044736166667;;;;
14512;;;;;;;;NMEA message parser not found for RMB.
14513;;;;;;;;Failed to parse: GGA.. Meters expected in GGA message.
14514;GSA;;;;;;;
14515;GSV;;;;;;;
14516;GSV;;;;;;;
14517;;;;;;;;NMEA message parser not found for GRM.
14518;RMC;12/26/2016 10:15:37 PM;49.2163323333333;16.604483;;;;
14519;;;;;;;;NMEA message parser not found for RMB.
14520;;;;;;;;Failed to parse: GGA.. Meters expected in GGA message.
14521;GSA;;;;;;;
14522;GSV;;;;;;;
14523;GSV;;;;;;;
14524;;;;;;;;NMEA message parser not found for GRM.
14525;RMC;12/26/2016 10:15:38 PM;49.2163358;16.6044924;;;;
14526;;;;;;;;NMEA message parser not found for RMB.
14527;;;;;;;;Failed to parse: GGA.. Meters expected in GGA message.
14528;GSA;;;;;;;
14529;GSV;;;;;;;
14530;GSV;;;;;;;
14531;;;;;;;;NMEA message parser not found for GRM.
14532;RMC;12/26/2016 10:15:39 PM;49.21633925;16.6045018;;;;
14533;;;;;;;;NMEA message parser not found for RMB.
14534;;;;;;;;Failed to parse: GGA.. Meters expected in GGA message.
14535;GSA;;;;;;;
14536;GSV;;;;;;;
14537;GSV;;;;;;;
14538;;;;;;;;NMEA message parser not found for GRM.
14539;RMC;12/26/2016 10:15:40 PM;49.2163427;16.6045111833333;;;;
14540;;;;;;;;NMEA message parser not found for RMB.
14541;;;;;;;;Failed to parse: GGA.. Meters expected in GGA message.
14542;GSA;;;;;;;
14543;GSV;;;;;;;
14544;GSV;;;;;;;
14545;;;;;;;;NMEA message parser not found for GRM.
14546;RMC;12/26/2016 10:15:41 PM;49.2163449166667;16.60452095;;;;
14547;;;;;;;;NMEA message parser not found for RMB.
14548;;;;;;;;Failed to parse: GGA.. Meters expected in GGA message.
14549;GSA;;;;;;;
14550;GSV;;;;;;;
14551;GSV;;;;;;;
14552;;;;;;;;NMEA message parser not found for GRM.
14553;RMC;12/26/2016 10:15:42 PM;49.2163470333333;16.6045307333333;;;;
14554;;;;;;;;NMEA message parser not found for RMB.
14555;;;;;;;;Failed to parse: GGA.. Meters expected in GGA message.
14556;GSA;;;;;;;
14557;GSV;;;;;;;
14558;GSV;;;;;;;
14559;;;;;;;;NMEA message parser not found for GRM.
14560;RMC;12/26/2016 10:15:43 PM;49.2163491333333;16.6045405166667;;;;
14561;;;;;;;;NMEA message parser not found for RMB.
14562;;;;;;;;Failed to parse: GGA.. Meters expected in GGA message.
14563;GSA;;;;;;;
14564;GSV;;;;;;;
14565;GSV;;;;;;;
14566;;;;;;;;NMEA message parser not found for GRM.
14567;RMC;12/26/2016 10:15:44 PM;49.21635125;16.6045503;;;;
14568;;;;;;;;NMEA message parser not found for RMB.
14569;;;;;;;;Failed to parse: GGA.. Meters expected in GGA message.
14570;GSA;;;;;;;
14571;GSV;;;;;;;
14572;GSV;;;;;;;
14573;;;;;;;;NMEA message parser not found for GRM.
14574;RMC;12/26/2016 10:15:45 PM;49.21635335;16.6045600833333;;;;
14575;;;;;;;;NMEA message parser not found for RMB.
14576;;;;;;;;Failed to parse: GGA.. Meters expected in GGA message.
14577;GSA;;;;;;;
14578;GSV;;;;;;;
14579;GSV;;;;;;;
14580;;;;;;;;NMEA message parser not found for GRM.
14581;RMC;12/26/2016 10:15:46 PM;49.21635545;16.6045698666667;;;;
14582;;;;;;;;NMEA message parser not found for RMB.
14583;;;;;;;;Failed to parse: GGA.. Meters expected in GGA message.
14584;GSA;;;;;;;
14585;GSV;;;;;;;
14586;GSV;;;;;;;
14587;;;;;;;;NMEA message parser not found for GRM.
14588;RMC;12/26/2016 10:15:47 PM;49.2163575666667;16.6045796666667;;;;
14589;;;;;;;;NMEA message parser not found for RMB.
14590;;;;;;;;Failed to parse: GGA.. Meters expected in GGA message.
14591;GSA;;;;;;;
14592;GSV;;;;;;;
14593;GSV;;;;;;;
14594;;;;;;;;NMEA message parser not found for GRM.
14595;RMC;12/26/2016 10:15:48 PM;49.2163596666667;16.60458945;;;;
14596;;;;;;;;NMEA message parser not found for RMB.
14597;;;;;;;;Failed to parse: GGA.. Meters expected in GGA message.
14598;GSA;;;;;;;
14599;GSV;;;;;;;
14600;GSV;;;;;;;
14601;;;;;;;;NMEA message parser not found for GRM.
14602;RMC;12/26/2016 10:15:49 PM;49.2163678333333;16.6045879166667;;;;
14603;;;;;;;;NMEA message parser not found for RMB.
14604;;;;;;;;Failed to parse: GGA.. Meters expected in GGA message.
14605;GSA;;;;;;;
14606;GSV;;;;;;;
14607;GSV;;;;;;;
14608;;;;;;;;NMEA message parser not found for GRM.
14609;RMC;12/26/2016 10:15:50 PM;49.21637715;16.60458425;;;;
14610;;;;;;;;NMEA message parser not found for RMB.
14611;;;;;;;;Failed to parse: GGA.. Meters expected in GGA message.
14612;GSA;;;;;;;
14613;GSV;;;;;;;
14614;GSV;;;;;;;
14615;;;;;;;;NMEA message parser not found for GRM.
14616;RMC;12/26/2016 10:15:51 PM;49.2163864666667;16.6045806;;;;
14617;;;;;;;;NMEA message parser not found for RMB.
14618;;;;;;;;Failed to parse: GGA.. Meters expected in GGA message.
14619;GSA;;;;;;;
14620;GSV;;;;;;;
14621;GSV;;;;;;;
14622;;;;;;;;NMEA message parser not found for GRM.
14623;RMC;12/26/2016 10:15:52 PM;49.2163957833333;16.6045769333333;;;;
14624;;;;;;;;NMEA message parser not found for RMB.
14625;;;;;;;;Failed to parse: GGA.. Meters expected in GGA message.
14626;GSA;;;;;;;
14627;GSV;;;;;;;
14628;GSV;;;;;;;
14629;;;;;;;;NMEA message parser not found for GRM.
14630;RMC;12/26/2016 10:15:53 PM;49.2164051;16.6045732666667;;;;
14631;;;;;;;;NMEA message parser not found for RMB.
14632;;;;;;;;Failed to parse: GGA.. Meters expected in GGA message.
14633;GSA;;;;;;;
14634;GSV;;;;;;;
14635;GSV;;;;;;;
14636;;;;;;;;NMEA message parser not found for GRM.
14637;RMC;12/26/2016 10:15:54 PM;49.2164144166667;16.6045696;;;;
14638;;;;;;;;NMEA message parser not found for RMB.
14639;;;;;;;;Failed to parse: GGA.. Meters expected in GGA message.
14640;GSA;;;;;;;
14641;GSV;;;;;;;
14642;GSV;;;;;;;
14643;;;;;;;;NMEA message parser not found for GRM.
14644;RMC;12/26/2016 10:15:55 PM;49.2164237333333;16.6045659333333;;;;
14645;;;;;;;;NMEA message parser not found for RMB.
14646;;;;;;;;Failed to parse: GGA.. Meters expected in GGA message.
14647;GSA;;;;;;;
14648;GSV;;;;;;;
14649;GSV;;;;;;;
14650;;;;;;;;NMEA message parser not found for GRM.
14651;RMC;12/26/2016 10:15:56 PM;49.21643305;16.6045622666667;;;;
14652;;;;;;;;NMEA message parser not found for RMB.
14653;;;;;;;;Failed to parse: GGA.. Meters expected in GGA message.
14654;GSA;;;;;;;
14655;GSV;;;;;;;
14656;GSV;;;;;;;
14657;;;;;;;;NMEA message parser not found for GRM.
14658;RMC;12/26/2016 10:15:57 PM;49.2164423666667;16.6045586166667;;;;
14659;;;;;;;;NMEA message parser not found for RMB.
14660;;;;;;;;Failed to parse: GGA.. Meters expected in GGA message.
14661;GSA;;;;;;;
14662;GSV;;;;;;;
14663;GSV;;;;;;;
14664;;;;;;;;NMEA message parser not found for GRM.
14665;RMC;12/26/2016 10:15:58 PM;49.2164513333333;16.6045576666667;;;;
14666;;;;;;;;NMEA message parser not found for RMB.
14667;;;;;;;;Failed to parse: GGA.. Meters expected in GGA message.
14668;GSA;;;;;;;
14669;GSV;;;;;;;
14670;GSV;;;;;;;
14671;;;;;;;;NMEA message parser not found for GRM.
14672;RMC;12/26/2016 10:15:59 PM;49.2164594666667;16.6045635;;;;
14673;;;;;;;;NMEA message parser not found for RMB.
14674;;;;;;;;Failed to parse: GGA.. Meters expected in GGA message.
14675;GSA;;;;;;;
14676;GSV;;;;;;;
14677;GSV;;;;;;;
14678;;;;;;;;NMEA message parser not found for GRM.
14679;RMC;12/26/2016 10:16:00 PM;49.2164676166667;16.6045693333333;;;;
14680;;;;;;;;NMEA message parser not found for RMB.
14681;;;;;;;;Failed to parse: GGA.. Meters expected in GGA message.
14682;GSA;;;;;;;
14683;GSV;;;;;;;
14684;GSV;;;;;;;
14685;;;;;;;;NMEA message parser not found for GRM.
14686;RMC;12/26/2016 10:16:01 PM;49.21647575;16.6045751666667;;;;
14687;;;;;;;;NMEA message parser not found for RMB.
14688;;;;;;;;Failed to parse: GGA.. Meters expected in GGA message.
14689;GSA;;;;;;;
14690;GSV;;;;;;;
14691;GSV;;;;;;;
14692;;;;;;;;NMEA message parser not found for GRM.
14693;RMC;12/26/2016 10:16:02 PM;49.2164838833333;16.604581;;;;
14694;;;;;;;;NMEA message parser not found for RMB.
14695;;;;;;;;Failed to parse: GGA.. Meters expected in GGA message.
14696;GSA;;;;;;;
14697;GSV;;;;;;;
14698;GSV;;;;;;;
14699;;;;;;;;NMEA message parser not found for GRM.
14700;RMC;12/26/2016 10:16:03 PM;49.2164920166667;16.6045868333333;;;;
14701;;;;;;;;NMEA message parser not found for RMB.
14702;;;;;;;;Failed to parse: GGA.. Meters expected in GGA message.
14703;GSA;;;;;;;
14704;GSV;;;;;;;
14705;GSV;;;;;;;
14706;;;;;;;;NMEA message parser not found for GRM.
14707;RMC;12/26/2016 10:16:04 PM;49.21650015;16.6045926666667;;;;
14708;;;;;;;;NMEA message parser not found for RMB.
14709;;;;;;;;Failed to parse: GGA.. Meters expected in GGA message.
14710;GSA;;;;;;;
14711;GSV;;;;;;;
14712;GSV;;;;;;;
14713;;;;;;;;NMEA message parser not found for GRM.
14714;RMC;12/26/2016 10:16:05 PM;49.2165082833333;16.6045984833333;;;;
14715;;;;;;;;NMEA message parser not found for RMB.
14716;;;;;;;;Failed to parse: GGA.. Meters expected in GGA message.
14717;GSA;;;;;;;
14718;GSV;;;;;;;
14719;GSV;;;;;;;
14720;;;;;;;;NMEA message parser not found for GRM.
14721;RMC;12/26/2016 10:16:06 PM;49.216514;16.60460665;;;;
14722;;;;;;;;NMEA message parser not found for RMB.
14723;;;;;;;;Failed to parse: GGA.. Meters expected in GGA message.
14724;GSA;;;;;;;
14725;GSV;;;;;;;
14726;GSV;;;;;;;
14727;;;;;;;;NMEA message parser not found for GRM.
14728;RMC;12/26/2016 10:16:07 PM;49.2165195;16.6046150166667;;;;
14729;;;;;;;;NMEA message parser not found for RMB.
14730;;;;;;;;Failed to parse: GGA.. Meters expected in GGA message.
14731;GSA;;;;;;;
14732;GSV;;;;;;;
14733;GSV;;;;;;;
14734;;;;;;;;NMEA message parser not found for GRM.
14735;RMC;12/26/2016 10:16:08 PM;49.2165249833333;16.6046233833333;;;;
14736;;;;;;;;NMEA message parser not found for RMB.
14737;;;;;;;;Failed to parse: GGA.. Meters expected in GGA message.
14738;GSA;;;;;;;
14739;GSV;;;;;;;
14740;GSV;;;;;;;
14741;;;;;;;;NMEA message parser not found for GRM.
14742;RMC;12/26/2016 10:16:09 PM;49.2165304666667;16.6046317666667;;;;
14743;;;;;;;;NMEA message parser not found for RMB.
14744;;;;;;;;Failed to parse: GGA.. Meters expected in GGA message.
14745;GSA;;;;;;;
14746;GSV;;;;;;;
14747;GSV;;;;;;;
14748;;;;;;;;NMEA message parser not found for GRM.
14749;RMC;12/26/2016 10:16:10 PM;49.21653595;16.6046401333333;;;;
14750;;;;;;;;NMEA message parser not found for RMB.
14751;;;;;;;;Failed to parse: GGA.. Meters expected in GGA message.
14752;GSA;;;;;;;
14753;GSV;;;;;;;
14754;GSV;;;;;;;
14755;;;;;;;;NMEA message parser not found for GRM.
14756;RMC;12/26/2016 10:16:11 PM;49.2165414333333;16.6046485;;;;
14757;;;;;;;;NMEA message parser not found for RMB.
14758;;;;;;;;Failed to parse: GGA.. Meters expected in GGA message.
14759;GSA;;;;;;;
14760;GSV;;;;;;;
14761;GSV;;;;;;;
14762;;;;;;;;NMEA message parser not found for GRM.
14763;RMC;12/26/2016 10:16:12 PM;49.2165469166667;16.6046568833333;;;;
14764;;;;;;;;NMEA message parser not found for RMB.
14765;;;;;;;;Failed to parse: GGA.. Meters expected in GGA message.
14766;GSA;;;;;;;
14767;GSV;;;;;;;
14768;GSV;;;;;;;
14769;;;;;;;;NMEA message parser not found for GRM.
14770;RMC;12/26/2016 10:16:13 PM;49.2165505833333;16.6046662;;;;
14771;;;;;;;;NMEA message parser not found for RMB.
14772;;;;;;;;Failed to parse: GGA.. Meters expected in GGA message.
14773;GSA;;;;;;;
14774;GSV;;;;;;;
14775;GSV;;;;;;;
14776;;;;;;;;NMEA message parser not found for GRM.
14777;RMC;12/26/2016 10:16:14 PM;49.2165542;16.6046755333333;;;;
14778;;;;;;;;NMEA message parser not found for RMB.
14779;;;;;;;;Failed to parse: GGA.. Meters expected in GGA message.
14780;GSA;;;;;;;
14781;GSV;;;;;;;
14782;GSV;;;;;;;
14783;;;;;;;;NMEA message parser not found for GRM.
14784;RMC;12/26/2016 10:16:15 PM;49.2165578333333;16.60468485;;;;
14785;;;;;;;;NMEA message parser not found for RMB.
14786;;;;;;;;Failed to parse: GGA.. Meters expected in GGA message.
14787;GSA;;;;;;;
14788;GSV;;;;;;;
14789;GSV;;;;;;;
14790;;;;;;;;NMEA message parser not found for GRM.
14791;RMC;12/26/2016 10:16:16 PM;49.2165614666667;16.6046941833333;;;;
14792;;;;;;;;NMEA message parser not found for RMB.
14793;;;;;;;;Failed to parse: GGA.. Meters expected in GGA message.
14794;GSA;;;;;;;
14795;GSV;;;;;;;
14796;GSV;;;;;;;
14797;;;;;;;;NMEA message parser not found for GRM.
14798;RMC;12/26/2016 10:16:17 PM;49.2165650833333;16.6047035166667;;;;
14799;;;;;;;;NMEA message parser not found for RMB.
14800;;;;;;;;Failed to parse: GGA.. Meters expected in GGA message.
14801;GSA;;;;;;;
14802;GSV;;;;;;;
14803;GSV;;;;;;;
14804;;;;;;;;NMEA message parser not found for GRM.
14805;RMC;12/26/2016 10:16:18 PM;49.2165687166667;16.60471285;;;;
14806;;;;;;;;NMEA message parser not found for RMB.
14807;;;;;;;;Failed to parse: GGA.. Meters expected in GGA message.
14808;GSA;;;;;;;
14809;GSV;;;;;;;
14810;GSV;;;;;;;
14811;;;;;;;;NMEA message parser not found for GRM.
14812;RMC;12/26/2016 10:16:19 PM;49.21657235;16.6047221666667;;;;
14813;;;;;;;;NMEA message parser not found for RMB.
14814;;;;;;;;Failed to parse: GGA.. Meters expected in GGA message.
14815;GSA;;;;;;;
14816;GSV;;;;;;;
14817;GSV;;;;;;;
14818;;;;;;;;NMEA message parser not found for GRM.
14819;RMC;12/26/2016 10:16:20 PM;49.2165759666667;16.6047315;;;;
14820;;;;;;;;NMEA message parser not found for RMB.
14821;;;;;;;;Failed to parse: GGA.. Meters expected in GGA message.
14822;GSA;;;;;;;
14823;GSV;;;;;;;
14824;GSV;;;;;;;
14825;;;;;;;;NMEA message parser not found for GRM.
14826;RMC;12/26/2016 10:16:21 PM;49.2165796;16.6047408333333;;;;
14827;;;;;;;;NMEA message parser not found for RMB.
14828;;;;;;;;Failed to parse: GGA.. Meters expected in GGA message.
14829;GSA;;;;;;;
14830;GSV;;;;;;;
14831;GSV;;;;;;;
14832;;;;;;;;NMEA message parser not found for GRM.
14833;RMC;12/26/2016 10:16:22 PM;49.2165825166667;16.60475035;;;;
14834;;;;;;;;NMEA message parser not found for RMB.
14835;;;;;;;;Failed to parse: GGA.. Meters expected in GGA message.
14836;GSA;;;;;;;
14837;GSV;;;;;;;
14838;GSV;;;;;;;
14839;;;;;;;;NMEA message parser not found for GRM.
14840;RMC;12/26/2016 10:16:23 PM;49.21658405;16.60476025;;;;
14841;;;;;;;;NMEA message parser not found for RMB.
14842;;;;;;;;Failed to parse: GGA.. Meters expected in GGA message.
14843;GSA;;;;;;;
14844;GSV;;;;;;;
14845;GSV;;;;;;;
14846;;;;;;;;NMEA message parser not found for GRM.
14847;RMC;12/26/2016 10:16:24 PM;49.2165855833333;16.6047701333333;;;;
14848;;;;;;;;NMEA message parser not found for RMB.
14849;;;;;;;;Failed to parse: GGA.. Meters expected in GGA message.
14850;GSA;;;;;;;
14851;GSV;;;;;;;
14852;GSV;;;;;;;
14853;;;;;;;;NMEA message parser not found for GRM.
14854;RMC;12/26/2016 10:16:25 PM;49.2165871166667;16.6047800333333;;;;
14855;;;;;;;;NMEA message parser not found for RMB.
14856;;;;;;;;Failed to parse: GGA.. Meters expected in GGA message.
14857;GSA;;;;;;;
14858;GSV;;;;;;;
14859;GSV;;;;;;;
14860;;;;;;;;NMEA message parser not found for GRM.
14861;RMC;12/26/2016 10:16:26 PM;49.21658865;16.6047899166667;;;;
14862;;;;;;;;NMEA message parser not found for RMB.
14863;;;;;;;;Failed to parse: GGA.. Meters expected in GGA message.
14864;GSA;;;;;;;
14865;GSV;;;;;;;
14866;GSV;;;;;;;
14867;;;;;;;;NMEA message parser not found for GRM.
14868;RMC;12/26/2016 10:16:27 PM;49.2165901833333;16.6047998166667;;;;
14869;;;;;;;;NMEA message parser not found for RMB.
14870;;;;;;;;Failed to parse: GGA.. Meters expected in GGA message.
14871;GSA;;;;;;;
14872;GSV;;;;;;;
14873;GSV;;;;;;;
14874;;;;;;;;NMEA message parser not found for GRM.
14875;RMC;12/26/2016 10:16:28 PM;49.2165917166667;16.6048097;;;;
14876;;;;;;;;NMEA message parser not found for RMB.
14877;;;;;;;;Failed to parse: GGA.. Meters expected in GGA message.
14878;GSA;;;;;;;
14879;GSV;;;;;;;
14880;GSV;;;;;;;
14881;;;;;;;;NMEA message parser not found for GRM.
14882;RMC;12/26/2016 10:16:29 PM;49.21659325;16.6048196;;;;
14883;;;;;;;;NMEA message parser not found for RMB.
14884;;;;;;;;Failed to parse: GGA.. Meters expected in GGA message.
14885;GSA;;;;;;;
14886;GSV;;;;;;;
14887;GSV;;;;;;;
14888;;;;;;;;NMEA message parser not found for GRM.
14889;RMC;12/26/2016 10:16:30 PM;49.2165947833333;16.6048294833333;;;;
14890;;;;;;;;NMEA message parser not found for RMB.
14891;;;;;;;;Failed to parse: GGA.. Meters expected in GGA message.
14892;GSA;;;;;;;
14893;GSV;;;;;;;
14894;GSV;;;;;;;
14895;;;;;;;;NMEA message parser not found for GRM.
14896;RMC;12/26/2016 10:16:31 PM;49.2165963166667;16.6048393833333;;;;
14897;;;;;;;;NMEA message parser not found for RMB.
14898;;;;;;;;Failed to parse: GGA.. Meters expected in GGA message.
14899;GSA;;;;;;;
14900;GSV;;;;;;;
14901;GSV;;;;;;;
14902;;;;;;;;NMEA message parser not found for GRM.
14903;RMC;12/26/2016 10:16:32 PM;49.21659785;16.6048492666667;;;;
14904;;;;;;;;NMEA message parser not found for RMB.
14905;;;;;;;;Failed to parse: GGA.. Meters expected in GGA message.
14906;GSA;;;;;;;
14907;GSV;;;;;;;
14908;GSV;;;;;;;
14909;;;;;;;;NMEA message parser not found for GRM.
14910;RMC;12/26/2016 10:16:33 PM;49.2165993833333;16.6048591666667;;;;
14911;;;;;;;;NMEA message parser not found for RMB.
14912;;;;;;;;Failed to parse: GGA.. Meters expected in GGA message.
14913;GSA;;;;;;;
14914;GSV;;;;;;;
14915;GSV;;;;;;;
14916;;;;;;;;NMEA message parser not found for GRM.
14917;RMC;12/26/2016 10:16:34 PM;49.2166009166667;16.60486905;;;;
14918;;;;;;;;NMEA message parser not found for RMB.
14919;;;;;;;;Failed to parse: GGA.. Meters expected in GGA message.
14920;GSA;;;;;;;
14921;GSV;;;;;;;
14922;GSV;;;;;;;
14923;;;;;;;;NMEA message parser not found for GRM.
14924;RMC;12/26/2016 10:16:35 PM;49.2166020666667;16.6048789833333;;;;
14925;;;;;;;;NMEA message parser not found for RMB.
14926;;;;;;;;Failed to parse: GGA.. Meters expected in GGA message.
14927;GSA;;;;;;;
14928;GSV;;;;;;;
14929;GSV;;;;;;;
14930;;;;;;;;NMEA message parser not found for GRM.
14931;RMC;12/26/2016 10:16:36 PM;49.2166023166667;16.6048889833333;;;;
14932;;;;;;;;NMEA message parser not found for RMB.
14933;;;;;;;;Failed to parse: GGA.. Meters expected in GGA message.
14934;GSA;;;;;;;
14935;GSV;;;;;;;
14936;GSV;;;;;;;
14937;;;;;;;;NMEA message parser not found for GRM.
14938;RMC;12/26/2016 10:16:37 PM;49.2166025666667;16.604899;;;;
14939;;;;;;;;NMEA message parser not found for RMB.
14940;;;;;;;;Failed to parse: GGA.. Meters expected in GGA message.
14941;GSA;;;;;;;
14942;GSV;;;;;;;
14943;GSV;;;;;;;
14944;;;;;;;;NMEA message parser not found for GRM.
14945;RMC;12/26/2016 10:16:38 PM;49.2166028333333;16.604909;;;;
14946;;;;;;;;NMEA message parser not found for RMB.
14947;;;;;;;;Failed to parse: GGA.. Meters expected in GGA message.
14948;GSA;;;;;;;
14949;GSV;;;;;;;
14950;GSV;;;;;;;
14951;;;;;;;;NMEA message parser not found for GRM.
14952;RMC;12/26/2016 10:16:39 PM;49.2166030833333;16.604919;;;;
14953;;;;;;;;NMEA message parser not found for RMB.
14954;;;;;;;;Failed to parse: GGA.. Meters expected in GGA message.
14955;GSA;;;;;;;
14956;GSV;;;;;;;
14957;GSV;;;;;;;
14958;;;;;;;;NMEA message parser not found for GRM.
14959;RMC;12/26/2016 10:16:40 PM;49.2166033333333;16.6049290166667;;;;
14960;;;;;;;;NMEA message parser not found for RMB.
14961;;;;;;;;Failed to parse: GGA.. Meters expected in GGA message.
14962;GSA;;;;;;;
14963;GSV;;;;;;;
14964;GSV;;;;;;;
14965;;;;;;;;NMEA message parser not found for GRM.
14966;RMC;12/26/2016 10:16:41 PM;49.2166035833333;16.6049390166667;;;;
14967;;;;;;;;NMEA message parser not found for RMB.
14968;;;;;;;;Failed to parse: GGA.. Meters expected in GGA message.
14969;GSA;;;;;;;
14970;GSV;;;;;;;
14971;GSV;;;;;;;
14972;;;;;;;;NMEA message parser not found for GRM.
14973;RMC;12/26/2016 10:16:42 PM;49.2166038333333;16.6049490333333;;;;
14974;;;;;;;;NMEA message parser not found for RMB.
14975;;;;;;;;Failed to parse: GGA.. Meters expected in GGA message.
14976;GSA;;;;;;;
14977;GSV;;;;;;;
14978;GSV;;;;;;;
14979;;;;;;;;NMEA message parser not found for GRM.
14980;RMC;12/26/2016 10:16:43 PM;49.2166045666667;16.6049589833333;;;;
14981;;;;;;;;NMEA message parser not found for RMB.
14982;;;;;;;;Failed to parse: GGA.. Meters expected in GGA message.
14983;GSA;;;;;;;
14984;GSV;;;;;;;
14985;GSV;;;;;;;
14986;;;;;;;;NMEA message parser not found for GRM.
14987;RMC;12/26/2016 10:16:44 PM;49.2166064333333;16.6049688166667;;;;
14988;;;;;;;;NMEA message parser not found for RMB.
14989;;;;;;;;Failed to parse: GGA.. Meters expected in GGA message.
14990;GSA;;;;;;;
14991;GSV;;;;;;;
14992;GSV;;;;;;;
14993;;;;;;;;NMEA message parser not found for GRM.
14994;RMC;12/26/2016 10:16:45 PM;49.2166083;16.60497865;;;;
14995;;;;;;;;NMEA message parser not found for RMB.
14996;;;;;;;;Failed to parse: GGA.. Meters expected in GGA message.
14997;GSA;;;;;;;
14998;GSV;;;;;;;
14999;GSV;;;;;;;
15000;;;;;;;;NMEA message parser not found for GRM.
15001;RMC;12/26/2016 10:16:46 PM;49.2166101666667;16.6049884833333;;;;
15002;;;;;;;;NMEA message parser not found for RMB.
15003;;;;;;;;Failed to parse: GGA.. Meters expected in GGA message.
15004;GSA;;;;;;;
15005;GSV;;;;;;;
15006;GSV;;;;;;;
15007;;;;;;;;NMEA message parser not found for GRM.
15008;RMC;12/26/2016 10:16:47 PM;49.2166120333333;16.6049983166667;;;;
15009;;;;;;;;NMEA message parser not found for RMB.
15010;;;;;;;;Failed to parse: GGA.. Meters expected in GGA message.
15011;GSA;;;;;;;
15012;GSV;;;;;;;
15013;GSV;;;;;;;
15014;;;;;;;;NMEA message parser not found for GRM.
15015;RMC;12/26/2016 10:16:48 PM;49.2166138833333;16.60500815;;;;
15016;;;;;;;;NMEA message parser not found for RMB.
15017;;;;;;;;Failed to parse: GGA.. Meters expected in GGA message.
15018;GSA;;;;;;;
15019;GSV;;;;;;;
15020;GSV;;;;;;;
15021;;;;;;;;NMEA message parser not found for GRM.
15022;RMC;12/26/2016 10:16:49 PM;49.21661905;16.6050142666667;;;;
15023;;;;;;;;NMEA message parser not found for RMB.
15024;;;;;;;;Failed to parse: GGA.. Meters expected in GGA message.
15025;GSA;;;;;;;
15026;GSV;;;;;;;
15027;GSV;;;;;;;
15028;;;;;;;;NMEA message parser not found for GRM.
15029;RMC;12/26/2016 10:16:50 PM;49.2166290333333;16.60501495;;;;
15030;;;;;;;;NMEA message parser not found for RMB.
15031;;;;;;;;Failed to parse: GGA.. Meters expected in GGA message.
15032;GSA;;;;;;;
15033;GSV;;;;;;;
15034;GSV;;;;;;;
15035;;;;;;;;NMEA message parser not found for GRM.
15036;RMC;12/26/2016 10:16:51 PM;49.2166390333333;16.6050156166667;;;;
15037;;;;;;;;NMEA message parser not found for RMB.
15038;;;;;;;;Failed to parse: GGA.. Meters expected in GGA message.
15039;GSA;;;;;;;
15040;GSV;;;;;;;
15041;GSV;;;;;;;
15042;;;;;;;;NMEA message parser not found for GRM.
15043;RMC;12/26/2016 10:16:52 PM;49.2166490166667;16.6050163;;;;
15044;;;;;;;;NMEA message parser not found for RMB.
15045;;;;;;;;Failed to parse: GGA.. Meters expected in GGA message.
15046;GSA;;;;;;;
15047;GSV;;;;;;;
15048;GSV;;;;;;;
15049;;;;;;;;NMEA message parser not found for GRM.
15050;RMC;12/26/2016 10:16:53 PM;49.216659;16.6050169666667;;;;
15051;;;;;;;;NMEA message parser not found for RMB.
15052;;;;;;;;Failed to parse: GGA.. Meters expected in GGA message.
15053;GSA;;;;;;;
15054;GSV;;;;;;;
15055;GSV;;;;;;;
15056;;;;;;;;NMEA message parser not found for GRM.
15057;RMC;12/26/2016 10:16:54 PM;49.2166689833333;16.60501765;;;;
15058;;;;;;;;NMEA message parser not found for RMB.
15059;;;;;;;;Failed to parse: GGA.. Meters expected in GGA message.
15060;GSA;;;;;;;
15061;GSV;;;;;;;
15062;GSV;;;;;;;
15063;;;;;;;;NMEA message parser not found for GRM.
15064;RMC;12/26/2016 10:16:55 PM;49.2166789833333;16.6050183166667;;;;
15065;;;;;;;;NMEA message parser not found for RMB.
15066;;;;;;;;Failed to parse: GGA.. Meters expected in GGA message.
15067;GSA;;;;;;;
15068;GSV;;;;;;;
15069;GSV;;;;;;;
15070;;;;;;;;NMEA message parser not found for GRM.
15071;RMC;12/26/2016 10:16:56 PM;49.2166889666667;16.605019;;;;
15072;;;;;;;;NMEA message parser not found for RMB.
15073;;;;;;;;Failed to parse: GGA.. Meters expected in GGA message.
15074;GSA;;;;;;;
15075;GSV;;;;;;;
15076;GSV;;;;;;;
15077;;;;;;;;NMEA message parser not found for GRM.
15078;RMC;12/26/2016 10:16:57 PM;49.21669475;16.60502715;;;;
15079;;;;;;;;NMEA message parser not found for RMB.
15080;;;;;;;;Failed to parse: GGA.. Meters expected in GGA message.
15081;GSA;;;;;;;
15082;GSV;;;;;;;
15083;GSV;;;;;;;
15084;;;;;;;;NMEA message parser not found for GRM.
15085;RMC;12/26/2016 10:16:58 PM;49.2167005166667;16.6050353333333;;;;
15086;;;;;;;;NMEA message parser not found for RMB.
15087;;;;;;;;Failed to parse: GGA.. Meters expected in GGA message.
15088;GSA;;;;;;;
15089;GSV;;;;;;;
15090;GSV;;;;;;;
15091;;;;;;;;NMEA message parser not found for GRM.
15092;RMC;12/26/2016 10:16:59 PM;49.2167063;16.6050435;;;;
15093;;;;;;;;NMEA message parser not found for RMB.
15094;;;;;;;;Failed to parse: GGA.. Meters expected in GGA message.
15095;GSA;;;;;;;
15096;GSV;;;;;;;
15097;GSV;;;;;;;
15098;;;;;;;;NMEA message parser not found for GRM.
15099;RMC;12/26/2016 10:17:00 PM;49.2167120666667;16.6050516833333;;;;
15100;;;;;;;;NMEA message parser not found for RMB.
15101;;;;;;;;Failed to parse: GGA.. Meters expected in GGA message.
15102;GSA;;;;;;;
15103;GSV;;;;;;;
15104;GSV;;;;;;;
15105;;;;;;;;NMEA message parser not found for GRM.
15106;RMC;12/26/2016 10:17:01 PM;49.2167178333333;16.6050598666667;;;;
15107;;;;;;;;NMEA message parser not found for RMB.
15108;;;;;;;;Failed to parse: GGA.. Meters expected in GGA message.
15109;GSA;;;;;;;
15110;GSV;;;;;;;
15111;GSV;;;;;;;
15112;;;;;;;;NMEA message parser not found for GRM.
15113;RMC;12/26/2016 10:17:02 PM;49.2167236166667;16.6050680333333;;;;
15114;;;;;;;;NMEA message parser not found for RMB.
15115;;;;;;;;Failed to parse: GGA.. Meters expected in GGA message.
15116;GSA;;;;;;;
15117;GSV;;;;;;;
15118;GSV;;;;;;;
15119;;;;;;;;NMEA message parser not found for GRM.
15120;RMC;12/26/2016 10:17:03 PM;49.2167293833333;16.6050762166667;;;;
15121;;;;;;;;NMEA message parser not found for RMB.
15122;;;;;;;;Failed to parse: GGA.. Meters expected in GGA message.
15123;GSA;;;;;;;
15124;GSV;;;;;;;
15125;GSV;;;;;;;
15126;;;;;;;;NMEA message parser not found for GRM.
15127;RMC;12/26/2016 10:17:04 PM;49.21673515;16.6050844;;;;
15128;;;;;;;;NMEA message parser not found for RMB.
15129;;;;;;;;Failed to parse: GGA.. Meters expected in GGA message.
15130;GSA;;;;;;;
15131;GSV;;;;;;;
15132;GSV;;;;;;;
15133;;;;;;;;NMEA message parser not found for GRM.
15134;RMC;12/26/2016 10:17:05 PM;49.2167409166667;16.6050925833333;;;;
15135;;;;;;;;NMEA message parser not found for RMB.
15136;;;;;;;;Failed to parse: GGA.. Meters expected in GGA message.
15137;GSA;;;;;;;
15138;GSV;;;;;;;
15139;GSV;;;;;;;
15140;;;;;;;;NMEA message parser not found for GRM.
15141;RMC;12/26/2016 10:17:06 PM;49.2167467;16.60510075;;;;
15142;;;;;;;;NMEA message parser not found for RMB.
15143;;;;;;;;Failed to parse: GGA.. Meters expected in GGA message.
15144;GSA;;;;;;;
15145;GSV;;;;;;;
15146;GSV;;;;;;;
15147;;;;;;;;NMEA message parser not found for GRM.
15148;RMC;12/26/2016 10:17:07 PM;49.2167524666667;16.6051089333333;;;;
15149;;;;;;;;NMEA message parser not found for RMB.
15150;;;;;;;;Failed to parse: GGA.. Meters expected in GGA message.
15151;GSA;;;;;;;
15152;GSV;;;;;;;
15153;GSV;;;;;;;
15154;;;;;;;;NMEA message parser not found for GRM.
15155;RMC;12/26/2016 10:17:08 PM;49.2167582333333;16.6051171166667;;;;
15156;;;;;;;;NMEA message parser not found for RMB.
15157;;;;;;;;Failed to parse: GGA.. Meters expected in GGA message.
15158;GSA;;;;;;;
15159;GSV;;;;;;;
15160;GSV;;;;;;;
15161;;;;;;;;NMEA message parser not found for GRM.
15162;RMC;12/26/2016 10:17:09 PM;49.2167640166667;16.6051252833333;;;;
15163;;;;;;;;NMEA message parser not found for RMB.
15164;;;;;;;;Failed to parse: GGA.. Meters expected in GGA message.
15165;GSA;;;;;;;
15166;GSV;;;;;;;
15167;GSV;;;;;;;
15168;;;;;;;;NMEA message parser not found for GRM.
15169;RMC;12/26/2016 10:17:10 PM;49.2167697833333;16.6051334666667;;;;
15170;;;;;;;;NMEA message parser not found for RMB.
15171;;;;;;;;Failed to parse: GGA.. Meters expected in GGA message.
15172;GSA;;;;;;;
15173;GSV;;;;;;;
15174;GSV;;;;;;;
15175;;;;;;;;NMEA message parser not found for GRM.
15176;RMC;12/26/2016 10:17:11 PM;49.21677555;16.60514165;;;;
15177;;;;;;;;NMEA message parser not found for RMB.
15178;;;;;;;;Failed to parse: GGA.. Meters expected in GGA message.
15179;GSA;;;;;;;
15180;GSV;;;;;;;
15181;GSV;;;;;;;
15182;;;;;;;;NMEA message parser not found for GRM.
15183;RMC;12/26/2016 10:17:12 PM;49.2167813333333;16.6051498333333;;;;
15184;;;;;;;;NMEA message parser not found for RMB.
15185;;;;;;;;Failed to parse: GGA.. Meters expected in GGA message.
15186;GSA;;;;;;;
15187;GSV;;;;;;;
15188;GSV;;;;;;;
15189;;;;;;;;NMEA message parser not found for GRM.
15190;RMC;12/26/2016 10:17:13 PM;49.2167871;16.605158;;;;
15191;;;;;;;;NMEA message parser not found for RMB.
15192;;;;;;;;Failed to parse: GGA.. Meters expected in GGA message.
15193;GSA;;;;;;;
15194;GSV;;;;;;;
15195;GSV;;;;;;;
15196;;;;;;;;NMEA message parser not found for GRM.
15197;RMC;12/26/2016 10:17:14 PM;49.2167928666667;16.6051661833333;;;;
15198;;;;;;;;NMEA message parser not found for RMB.
15199;;;;;;;;Failed to parse: GGA.. Meters expected in GGA message.
15200;GSA;;;;;;;
15201;GSV;;;;;;;
15202;GSV;;;;;;;
15203;;;;;;;;NMEA message parser not found for GRM.
15204;RMC;12/26/2016 10:17:15 PM;49.2167986333333;16.6051743666667;;;;
15205;;;;;;;;NMEA message parser not found for RMB.
15206;;;;;;;;Failed to parse: GGA.. Meters expected in GGA message.
15207;GSA;;;;;;;
15208;GSV;;;;;;;
15209;GSV;;;;;;;
15210;;;;;;;;NMEA message parser not found for GRM.
15211;RMC;12/26/2016 10:17:16 PM;49.2168044166667;16.6051825333333;;;;
15212;;;;;;;;NMEA message parser not found for RMB.
15213;;;;;;;;Failed to parse: GGA.. Meters expected in GGA message.
15214;GSA;;;;;;;
15215;GSV;;;;;;;
15216;GSV;;;;;;;
15217;;;;;;;;NMEA message parser not found for GRM.
15218;RMC;12/26/2016 10:17:17 PM;49.2168101833333;16.6051907166667;;;;
15219;;;;;;;;NMEA message parser not found for RMB.
15220;;;;;;;;Failed to parse: GGA.. Meters expected in GGA message.
15221;GSA;;;;;;;
15222;GSV;;;;;;;
15223;GSV;;;;;;;
15224;;;;;;;;NMEA message parser not found for GRM.
15225;RMC;12/26/2016 10:17:18 PM;49.21681595;16.6051989;;;;
15226;;;;;;;;NMEA message parser not found for RMB.
15227;;;;;;;;Failed to parse: GGA.. Meters expected in GGA message.
15228;GSA;;;;;;;
15229;GSV;;;;;;;
15230;GSV;;;;;;;
15231;;;;;;;;NMEA message parser not found for GRM.
15232;RMC;12/26/2016 10:17:19 PM;49.2168217333333;16.6052070833333;;;;
15233;;;;;;;;NMEA message parser not found for RMB.
15234;;;;;;;;Failed to parse: GGA.. Meters expected in GGA message.
15235;GSA;;;;;;;
15236;GSV;;;;;;;
15237;GSV;;;;;;;
15238;;;;;;;;NMEA message parser not found for GRM.
15239;RMC;12/26/2016 10:17:20 PM;49.2168275;16.60521525;;;;
15240;;;;;;;;NMEA message parser not found for RMB.
15241;;;;;;;;Failed to parse: GGA.. Meters expected in GGA message.
15242;GSA;;;;;;;
15243;GSV;;;;;;;
15244;GSV;;;;;;;
15245;;;;;;;;NMEA message parser not found for GRM.
15246;RMC;12/26/2016 10:17:21 PM;49.2168332666667;16.6052234333333;;;;
15247;;;;;;;;NMEA message parser not found for RMB.
15248;;;;;;;;Failed to parse: GGA.. Meters expected in GGA message.
15249;GSA;;;;;;;
15250;GSV;;;;;;;
15251;GSV;;;;;;;
15252;;;;;;;;NMEA message parser not found for GRM.
15253;RMC;12/26/2016 10:17:22 PM;49.21683905;16.6052316166667;;;;
15254;;;;;;;;NMEA message parser not found for RMB.
15255;;;;;;;;Failed to parse: GGA.. Meters expected in GGA message.
15256;GSA;;;;;;;
15257;GSV;;;;;;;
15258;GSV;;;;;;;
15259;;;;;;;;NMEA message parser not found for GRM.
15260;RMC;12/26/2016 10:17:23 PM;49.2168448166667;16.6052397833333;;;;
15261;;;;;;;;NMEA message parser not found for RMB.
15262;;;;;;;;Failed to parse: GGA.. Meters expected in GGA message.
15263;GSA;;;;;;;
15264;GSV;;;;;;;
15265;GSV;;;;;;;
15266;;;;;;;;NMEA message parser not found for GRM.
15267;RMC;12/26/2016 10:17:24 PM;49.2168505833333;16.6052479666667;;;;
15268;;;;;;;;NMEA message parser not found for RMB.
15269;;;;;;;;Failed to parse: GGA.. Meters expected in GGA message.
15270;GSA;;;;;;;
15271;GSV;;;;;;;
15272;GSV;;;;;;;
15273;;;;;;;;NMEA message parser not found for GRM.
15274;RMC;12/26/2016 10:17:25 PM;49.21685635;16.60525615;;;;
15275;;;;;;;;NMEA message parser not found for RMB.
15276;;;;;;;;Failed to parse: GGA.. Meters expected in GGA message.
15277;GSA;;;;;;;
15278;GSV;;;;;;;
15279;GSV;;;;;;;
15280;;;;;;;;NMEA message parser not found for GRM.
15281;RMC;12/26/2016 10:17:26 PM;49.2168621333333;16.6052643166667;;;;
15282;;;;;;;;NMEA message parser not found for RMB.
15283;;;;;;;;Failed to parse: GGA.. Meters expected in GGA message.
15284;GSA;;;;;;;
15285;GSV;;;;;;;
15286;GSV;;;;;;;
15287;;;;;;;;NMEA message parser not found for GRM.
15288;RMC;12/26/2016 10:17:27 PM;49.2168679;16.6052725;;;;
15289;;;;;;;;NMEA message parser not found for RMB.
15290;;;;;;;;Failed to parse: GGA.. Meters expected in GGA message.
15291;GSA;;;;;;;
15292;GSV;;;;;;;
15293;GSV;;;;;;;
15294;;;;;;;;NMEA message parser not found for GRM.
15295;RMC;12/26/2016 10:17:28 PM;49.2168736666667;16.6052806833333;;;;
15296;;;;;;;;NMEA message parser not found for RMB.
15297;;;;;;;;Failed to parse: GGA.. Meters expected in GGA message.
15298;GSA;;;;;;;
15299;GSV;;;;;;;
15300;GSV;;;;;;;
15301;;;;;;;;NMEA message parser not found for GRM.
15302;RMC;12/26/2016 10:17:29 PM;49.21687945;16.6052888666667;;;;
15303;;;;;;;;NMEA message parser not found for RMB.
15304;;;;;;;;Failed to parse: GGA.. Meters expected in GGA message.
15305;GSA;;;;;;;
15306;GSV;;;;;;;
15307;GSV;;;;;;;
15308;;;;;;;;NMEA message parser not found for GRM.
15309;RMC;12/26/2016 10:17:30 PM;49.2168852166667;16.6052970333333;;;;
15310;;;;;;;;NMEA message parser not found for RMB.
15311;;;;;;;;Failed to parse: GGA.. Meters expected in GGA message.
15312;GSA;;;;;;;
15313;GSV;;;;;;;
15314;GSV;;;;;;;
15315;;;;;;;;NMEA message parser not found for GRM.
15316;RMC;12/26/2016 10:17:31 PM;49.2168909833333;16.6053052166667;;;;
15317;;;;;;;;NMEA message parser not found for RMB.
15318;;;;;;;;Failed to parse: GGA.. Meters expected in GGA message.
15319;GSA;;;;;;;
15320;GSV;;;;;;;
15321;GSV;;;;;;;
15322;;;;;;;;NMEA message parser not found for GRM.
15323;RMC;12/26/2016 10:17:32 PM;49.2168967666667;16.6053134;;;;
15324;;;;;;;;NMEA message parser not found for RMB.
15325;;;;;;;;Failed to parse: GGA.. Meters expected in GGA message.
15326;GSA;;;;;;;
15327;GSV;;;;;;;
15328;GSV;;;;;;;
15329;;;;;;;;NMEA message parser not found for GRM.
15330;RMC;12/26/2016 10:17:33 PM;49.2169025333333;16.6053215666667;;;;
15331;;;;;;;;NMEA message parser not found for RMB.
15332;;;;;;;;Failed to parse: GGA.. Meters expected in GGA message.
15333;GSA;;;;;;;
15334;GSV;;;;;;;
15335;GSV;;;;;;;
15336;;;;;;;;NMEA message parser not found for GRM.
15337;RMC;12/26/2016 10:17:34 PM;49.2169083;16.60532975;;;;
15338;;;;;;;;NMEA message parser not found for RMB.
15339;;;;;;;;Failed to parse: GGA.. Meters expected in GGA message.
15340;GSA;;;;;;;
15341;GSV;;;;;;;
15342;GSV;;;;;;;
15343;;;;;;;;NMEA message parser not found for GRM.
15344;RMC;12/26/2016 10:17:35 PM;49.2169140666667;16.6053379333333;;;;
15345;;;;;;;;NMEA message parser not found for RMB.
15346;;;;;;;;Failed to parse: GGA.. Meters expected in GGA message.
15347;GSA;;;;;;;
15348;GSV;;;;;;;
15349;GSV;;;;;;;
15350;;;;;;;;NMEA message parser not found for GRM.
15351;RMC;12/26/2016 10:17:36 PM;49.21691985;16.6053461166667;;;;
15352;;;;;;;;NMEA message parser not found for RMB.
15353;;;;;;;;Failed to parse: GGA.. Meters expected in GGA message.
15354;GSA;;;;;;;
15355;GSV;;;;;;;
15356;GSV;;;;;;;
15357;;;;;;;;NMEA message parser not found for GRM.
15358;RMC;12/26/2016 10:17:37 PM;49.2169256166667;16.6053542833333;;;;
15359;;;;;;;;NMEA message parser not found for RMB.
15360;;;;;;;;Failed to parse: GGA.. Meters expected in GGA message.
15361;GSA;;;;;;;
15362;GSV;;;;;;;
15363;GSV;;;;;;;
15364;;;;;;;;NMEA message parser not found for GRM.
15365;RMC;12/26/2016 10:17:38 PM;49.2169313833333;16.6053624666667;;;;
15366;;;;;;;;NMEA message parser not found for RMB.
15367;;;;;;;;Failed to parse: GGA.. Meters expected in GGA message.
15368;GSA;;;;;;;
15369;GSV;;;;;;;
15370;GSV;;;;;;;
15371;;;;;;;;NMEA message parser not found for GRM.
15372;RMC;12/26/2016 10:17:39 PM;49.2169366166667;16.6053709166667;;;;
15373;;;;;;;;NMEA message parser not found for RMB.
15374;;;;;;;;Failed to parse: GGA.. Meters expected in GGA message.
15375;GSA;;;;;;;
15376;GSV;;;;;;;
15377;GSV;;;;;;;
15378;;;;;;;;NMEA message parser not found for GRM.
15379;RMC;12/26/2016 10:17:40 PM;49.2169396333333;16.6053804666667;;;;
15380;;;;;;;;NMEA message parser not found for RMB.
15381;;;;;;;;Failed to parse: GGA.. Meters expected in GGA message.
15382;GSA;;;;;;;
15383;GSV;;;;;;;
15384;GSV;;;;;;;
15385;;;;;;;;NMEA message parser not found for GRM.
15386;RMC;12/26/2016 10:17:41 PM;49.21694265;16.60539;;;;
15387;;;;;;;;NMEA message parser not found for RMB.
15388;;;;;;;;Failed to parse: GGA.. Meters expected in GGA message.
15389;GSA;;;;;;;
15390;GSV;;;;;;;
15391;GSV;;;;;;;
15392;;;;;;;;NMEA message parser not found for GRM.
15393;RMC;12/26/2016 10:17:42 PM;49.2169456833333;16.60539955;;;;
15394;;;;;;;;NMEA message parser not found for RMB.
15395;;;;;;;;Failed to parse: GGA.. Meters expected in GGA message.
15396;GSA;;;;;;;
15397;GSV;;;;;;;
15398;GSV;;;;;;;
15399;;;;;;;;NMEA message parser not found for GRM.
15400;RMC;12/26/2016 10:17:43 PM;49.2169487;16.6054090833333;;;;
15401;;;;;;;;NMEA message parser not found for RMB.
15402;;;;;;;;Failed to parse: GGA.. Meters expected in GGA message.
15403;GSA;;;;;;;
15404;GSV;;;;;;;
15405;GSV;;;;;;;
15406;;;;;;;;NMEA message parser not found for GRM.
15407;RMC;12/26/2016 10:17:44 PM;49.2169517333333;16.6054186333333;;;;
15408;;;;;;;;NMEA message parser not found for RMB.
15409;;;;;;;;Failed to parse: GGA.. Meters expected in GGA message.
15410;GSA;;;;;;;
15411;GSV;;;;;;;
15412;GSV;;;;;;;
15413;;;;;;;;NMEA message parser not found for GRM.
15414;RMC;12/26/2016 10:17:45 PM;49.21695475;16.6054281666667;;;;
15415;;;;;;;;NMEA message parser not found for RMB.
15416;;;;;;;;Failed to parse: GGA.. Meters expected in GGA message.
15417;GSA;;;;;;;
15418;GSV;;;;;;;
15419;GSV;;;;;;;
15420;;;;;;;;NMEA message parser not found for GRM.
15421;RMC;12/26/2016 10:17:46 PM;49.2169577833333;16.6054377166667;;;;
15422;;;;;;;;NMEA message parser not found for RMB.
15423;;;;;;;;Failed to parse: GGA.. Meters expected in GGA message.
15424;GSA;;;;;;;
15425;GSV;;;;;;;
15426;GSV;;;;;;;
15427;;;;;;;;NMEA message parser not found for GRM.
15428;RMC;12/26/2016 10:17:47 PM;49.2169608;16.60544725;;;;
15429;;;;;;;;NMEA message parser not found for RMB.
15430;;;;;;;;Failed to parse: GGA.. Meters expected in GGA message.
15431;GSA;;;;;;;
15432;GSV;;;;;;;
15433;GSV;;;;;;;
15434;;;;;;;;NMEA message parser not found for GRM.
15435;RMC;12/26/2016 10:17:48 PM;49.2169638333333;16.6054568;;;;
15436;;;;;;;;NMEA message parser not found for RMB.
15437;;;;;;;;Failed to parse: GGA.. Meters expected in GGA message.
15438;GSA;;;;;;;
15439;GSV;;;;;;;
15440;GSV;;;;;;;
15441;;;;;;;;NMEA message parser not found for GRM.
15442;RMC;12/26/2016 10:17:49 PM;49.21696685;16.60546635;;;;
15443;;;;;;;;NMEA message parser not found for RMB.
15444;;;;;;;;Failed to parse: GGA.. Meters expected in GGA message.
15445;GSA;;;;;;;
15446;GSV;;;;;;;
15447;GSV;;;;;;;
15448;;;;;;;;NMEA message parser not found for GRM.
15449;RMC;12/26/2016 10:17:50 PM;49.2169698833333;16.6054758833333;;;;
15450;;;;;;;;NMEA message parser not found for RMB.
15451;;;;;;;;Failed to parse: GGA.. Meters expected in GGA message.
15452;GSA;;;;;;;
15453;GSV;;;;;;;
15454;GSV;;;;;;;
15455;;;;;;;;NMEA message parser not found for GRM.
15456;RMC;12/26/2016 10:17:51 PM;49.2169729;16.6054854333333;;;;
15457;;;;;;;;NMEA message parser not found for RMB.
15458;;;;;;;;Failed to parse: GGA.. Meters expected in GGA message.
15459;GSA;;;;;;;
15460;GSV;;;;;;;
15461;GSV;;;;;;;
15462;;;;;;;;NMEA message parser not found for GRM.
15463;RMC;12/26/2016 10:17:52 PM;49.2169759166667;16.6054949666667;;;;
15464;;;;;;;;NMEA message parser not found for RMB.
15465;;;;;;;;Failed to parse: GGA.. Meters expected in GGA message.
15466;GSA;;;;;;;
15467;GSV;;;;;;;
15468;GSV;;;;;;;
15469;;;;;;;;NMEA message parser not found for GRM.
15470;RMC;12/26/2016 10:17:53 PM;49.21697895;16.6055045166667;;;;
15471;;;;;;;;NMEA message parser not found for RMB.
15472;;;;;;;;Failed to parse: GGA.. Meters expected in GGA message.
15473;GSA;;;;;;;
15474;GSV;;;;;;;
15475;GSV;;;;;;;
15476;;;;;;;;NMEA message parser not found for GRM.
15477;RMC;12/26/2016 10:17:54 PM;49.2169819666667;16.60551405;;;;
15478;;;;;;;;NMEA message parser not found for RMB.
15479;;;;;;;;Failed to parse: GGA.. Meters expected in GGA message.
15480;GSA;;;;;;;
15481;GSV;;;;;;;
15482;GSV;;;;;;;
15483;;;;;;;;NMEA message parser not found for GRM.
15484;RMC;12/26/2016 10:17:55 PM;49.216985;16.6055236;;;;
15485;;;;;;;;NMEA message parser not found for RMB.
15486;;;;;;;;Failed to parse: GGA.. Meters expected in GGA message.
15487;GSA;;;;;;;
15488;GSV;;;;;;;
15489;GSV;;;;;;;
15490;;;;;;;;NMEA message parser not found for GRM.
15491;RMC;12/26/2016 10:17:56 PM;49.2169880166667;16.6055331333333;;;;
15492;;;;;;;;NMEA message parser not found for RMB.
15493;;;;;;;;Failed to parse: GGA.. Meters expected in GGA message.
15494;GSA;;;;;;;
15495;GSV;;;;;;;
15496;GSV;;;;;;;
15497;;;;;;;;NMEA message parser not found for GRM.
15498;RMC;12/26/2016 10:17:57 PM;49.21699105;16.6055426833333;;;;
15499;;;;;;;;NMEA message parser not found for RMB.
15500;;;;;;;;Failed to parse: GGA.. Meters expected in GGA message.
15501;GSA;;;;;;;
15502;GSV;;;;;;;
15503;GSV;;;;;;;
15504;;;;;;;;NMEA message parser not found for GRM.
15505;RMC;12/26/2016 10:17:58 PM;49.2169940666667;16.6055522166667;;;;
15506;;;;;;;;NMEA message parser not found for RMB.
15507;;;;;;;;Failed to parse: GGA.. Meters expected in GGA message.
15508;GSA;;;;;;;
15509;GSV;;;;;;;
15510;GSV;;;;;;;
15511;;;;;;;;NMEA message parser not found for GRM.
15512;RMC;12/26/2016 10:17:59 PM;49.2169971;16.6055617666667;;;;
15513;;;;;;;;NMEA message parser not found for RMB.
15514;;;;;;;;Failed to parse: GGA.. Meters expected in GGA message.
15515;GSA;;;;;;;
15516;GSV;;;;;;;
15517;GSV;;;;;;;
15518;;;;;;;;NMEA message parser not found for GRM.
15519;RMC;12/26/2016 10:18:00 PM;49.2170001166667;16.6055713;;;;
15520;;;;;;;;NMEA message parser not found for RMB.
15521;;;;;;;;Failed to parse: GGA.. Meters expected in GGA message.
15522;GSA;;;;;;;
15523;GSV;;;;;;;
15524;GSV;;;;;;;
15525;;;;;;;;NMEA message parser not found for GRM.
15526;RMC;12/26/2016 10:18:01 PM;49.21700315;16.60558085;;;;
15527;;;;;;;;NMEA message parser not found for RMB.
15528;;;;;;;;Failed to parse: GGA.. Meters expected in GGA message.
15529;GSA;;;;;;;
15530;GSV;;;;;;;
15531;GSV;;;;;;;
15532;;;;;;;;NMEA message parser not found for GRM.
15533;RMC;12/26/2016 10:18:02 PM;49.2170061666667;16.6055903833333;;;;
15534;;;;;;;;NMEA message parser not found for RMB.
15535;;;;;;;;Failed to parse: GGA.. Meters expected in GGA message.
15536;GSA;;;;;;;
15537;GSV;;;;;;;
15538;GSV;;;;;;;
15539;;;;;;;;NMEA message parser not found for GRM.
15540;RMC;12/26/2016 10:18:03 PM;49.2170092;16.6055999333333;;;;
15541;;;;;;;;NMEA message parser not found for RMB.
15542;;;;;;;;Failed to parse: GGA.. Meters expected in GGA message.
15543;GSA;;;;;;;
15544;GSV;;;;;;;
15545;GSV;;;;;;;
15546;;;;;;;;NMEA message parser not found for GRM.
15547;RMC;12/26/2016 10:18:04 PM;49.2170122166667;16.6056094833333;;;;
15548;;;;;;;;NMEA message parser not found for RMB.
15549;;;;;;;;Failed to parse: GGA.. Meters expected in GGA message.
15550;GSA;;;;;;;
15551;GSV;;;;;;;
15552;GSV;;;;;;;
15553;;;;;;;;NMEA message parser not found for GRM.
15554;RMC;12/26/2016 10:18:05 PM;49.2170152333333;16.6056190166667;;;;
15555;;;;;;;;NMEA message parser not found for RMB.
15556;;;;;;;;Failed to parse: GGA.. Meters expected in GGA message.
15557;GSA;;;;;;;
15558;GSV;;;;;;;
15559;GSV;;;;;;;
15560;;;;;;;;NMEA message parser not found for GRM.
15561;RMC;12/26/2016 10:18:06 PM;49.2170182666667;16.6056285666667;;;;
15562;;;;;;;;NMEA message parser not found for RMB.
15563;;;;;;;;Failed to parse: GGA.. Meters expected in GGA message.
15564;GSA;;;;;;;
15565;GSV;;;;;;;
15566;GSV;;;;;;;
15567;;;;;;;;NMEA message parser not found for GRM.
15568;RMC;12/26/2016 10:18:07 PM;49.2170212833333;16.6056381;;;;
15569;;;;;;;;NMEA message parser not found for RMB.
15570;;;;;;;;Failed to parse: GGA.. Meters expected in GGA message.
15571;GSA;;;;;;;
15572;GSV;;;;;;;
15573;GSV;;;;;;;
15574;;;;;;;;NMEA message parser not found for GRM.
15575;RMC;12/26/2016 10:18:08 PM;49.2170243166667;16.60564765;;;;
15576;;;;;;;;NMEA message parser not found for RMB.
15577;;;;;;;;Failed to parse: GGA.. Meters expected in GGA message.
15578;GSA;;;;;;;
15579;GSV;;;;;;;
15580;GSV;;;;;;;
15581;;;;;;;;NMEA message parser not found for GRM.
15582;RMC;12/26/2016 10:18:09 PM;49.2170273333333;16.6056571833333;;;;
15583;;;;;;;;NMEA message parser not found for RMB.
15584;;;;;;;;Failed to parse: GGA.. Meters expected in GGA message.
15585;GSA;;;;;;;
15586;GSV;;;;;;;
15587;GSV;;;;;;;
15588;;;;;;;;NMEA message parser not found for GRM.
15589;RMC;12/26/2016 10:18:10 PM;49.2170303666667;16.6056667333333;;;;
15590;;;;;;;;NMEA message parser not found for RMB.
15591;;;;;;;;Failed to parse: GGA.. Meters expected in GGA message.
15592;GSA;;;;;;;
15593;GSV;;;;;;;
15594;GSV;;;;;;;
15595;;;;;;;;NMEA message parser not found for GRM.
15596;RMC;12/26/2016 10:18:11 PM;49.2170333833333;16.6056762666667;;;;
15597;;;;;;;;NMEA message parser not found for RMB.
15598;;;;;;;;Failed to parse: GGA.. Meters expected in GGA message.
15599;GSA;;;;;;;
15600;GSV;;;;;;;
15601;GSV;;;;;;;
15602;;;;;;;;NMEA message parser not found for GRM.
15603;RMC;12/26/2016 10:18:12 PM;49.2170364166667;16.6056858166667;;;;
15604;;;;;;;;NMEA message parser not found for RMB.
15605;;;;;;;;Failed to parse: GGA.. Meters expected in GGA message.
15606;GSA;;;;;;;
15607;GSV;;;;;;;
15608;GSV;;;;;;;
15609;;;;;;;;NMEA message parser not found for GRM.
15610;RMC;12/26/2016 10:18:13 PM;49.2170394333333;16.60569535;;;;
15611;;;;;;;;NMEA message parser not found for RMB.
15612;;;;;;;;Failed to parse: GGA.. Meters expected in GGA message.
15613;GSA;;;;;;;
15614;GSV;;;;;;;
15615;GSV;;;;;;;
15616;;;;;;;;NMEA message parser not found for GRM.
15617;RMC;12/26/2016 10:18:14 PM;49.2170424666667;16.6057049;;;;
15618;;;;;;;;NMEA message parser not found for RMB.
15619;;;;;;;;Failed to parse: GGA.. Meters expected in GGA message.
15620;GSA;;;;;;;
15621;GSV;;;;;;;
15622;GSV;;;;;;;
15623;;;;;;;;NMEA message parser not found for GRM.
15624;RMC;12/26/2016 10:18:15 PM;49.2170454833333;16.6057144333333;;;;
15625;;;;;;;;NMEA message parser not found for RMB.
15626;;;;;;;;Failed to parse: GGA.. Meters expected in GGA message.
15627;GSA;;;;;;;
15628;GSV;;;;;;;
15629;GSV;;;;;;;
15630;;;;;;;;NMEA message parser not found for GRM.
15631;RMC;12/26/2016 10:18:16 PM;49.2170485;16.6057239833333;;;;
15632;;;;;;;;NMEA message parser not found for RMB.
15633;;;;;;;;Failed to parse: GGA.. Meters expected in GGA message.
15634;GSA;;;;;;;
15635;GSV;;;;;;;
15636;GSV;;;;;;;
15637;;;;;;;;NMEA message parser not found for GRM.
15638;RMC;12/26/2016 10:18:17 PM;49.2170515333333;16.6057335166667;;;;
15639;;;;;;;;NMEA message parser not found for RMB.
15640;;;;;;;;Failed to parse: GGA.. Meters expected in GGA message.
15641;GSA;;;;;;;
15642;GSV;;;;;;;
15643;GSV;;;;;;;
15644;;;;;;;;NMEA message parser not found for GRM.
15645;RMC;12/26/2016 10:18:18 PM;49.21705455;16.6057430666667;;;;
15646;;;;;;;;NMEA message parser not found for RMB.
15647;;;;;;;;Failed to parse: GGA.. Meters expected in GGA message.
15648;GSA;;;;;;;
15649;GSV;;;;;;;
15650;GSV;;;;;;;
15651;;;;;;;;NMEA message parser not found for GRM.
15652;RMC;12/26/2016 10:18:19 PM;49.2170575833333;16.6057526;;;;
15653;;;;;;;;NMEA message parser not found for RMB.
15654;;;;;;;;Failed to parse: GGA.. Meters expected in GGA message.
15655;GSA;;;;;;;
15656;GSV;;;;;;;
15657;GSV;;;;;;;
15658;;;;;;;;NMEA message parser not found for GRM.
15659;RMC;12/26/2016 10:18:20 PM;49.2170606;16.60576215;;;;
15660;;;;;;;;NMEA message parser not found for RMB.
15661;;;;;;;;Failed to parse: GGA.. Meters expected in GGA message.
15662;GSA;;;;;;;
15663;GSV;;;;;;;
15664;GSV;;;;;;;
15665;;;;;;;;NMEA message parser not found for GRM.
15666;RMC;12/26/2016 10:18:21 PM;49.2170636333333;16.6057717;;;;
15667;;;;;;;;NMEA message parser not found for RMB.
15668;;;;;;;;Failed to parse: GGA.. Meters expected in GGA message.
15669;GSA;;;;;;;
15670;GSV;;;;;;;
15671;GSV;;;;;;;
15672;;;;;;;;NMEA message parser not found for GRM.
15673;RMC;12/26/2016 10:18:22 PM;49.21706665;16.6057812333333;;;;
15674;;;;;;;;NMEA message parser not found for RMB.
15675;;;;;;;;Failed to parse: GGA.. Meters expected in GGA message.
15676;GSA;;;;;;;
15677;GSV;;;;;;;
15678;GSV;;;;;;;
15679;;;;;;;;NMEA message parser not found for GRM.
15680;RMC;12/26/2016 10:18:23 PM;49.2170696833333;16.6057907833333;;;;
15681;;;;;;;;NMEA message parser not found for RMB.
15682;;;;;;;;Failed to parse: GGA.. Meters expected in GGA message.
15683;GSA;;;;;;;
15684;GSV;;;;;;;
15685;GSV;;;;;;;
15686;;;;;;;;NMEA message parser not found for GRM.
15687;RMC;12/26/2016 10:18:24 PM;49.2170727;16.6058003166667;;;;
15688;;;;;;;;NMEA message parser not found for RMB.
15689;;;;;;;;Failed to parse: GGA.. Meters expected in GGA message.
15690;GSA;;;;;;;
15691;GSV;;;;;;;
15692;GSV;;;;;;;
15693;;;;;;;;NMEA message parser not found for GRM.
15694;RMC;12/26/2016 10:18:25 PM;49.2170757333333;16.6058098666667;;;;
15695;;;;;;;;NMEA message parser not found for RMB.
15696;;;;;;;;Failed to parse: GGA.. Meters expected in GGA message.
15697;GSA;;;;;;;
15698;GSV;;;;;;;
15699;GSV;;;;;;;
15700;;;;;;;;NMEA message parser not found for GRM.
15701;RMC;12/26/2016 10:18:26 PM;49.21707875;16.6058194;;;;
15702;;;;;;;;NMEA message parser not found for RMB.
15703;;;;;;;;Failed to parse: GGA.. Meters expected in GGA message.
15704;GSA;;;;;;;
15705;GSV;;;;;;;
15706;GSV;;;;;;;
15707;;;;;;;;NMEA message parser not found for GRM.
15708;RMC;12/26/2016 10:18:27 PM;49.2170817833333;16.60582895;;;;
15709;;;;;;;;NMEA message parser not found for RMB.
15710;;;;;;;;Failed to parse: GGA.. Meters expected in GGA message.
15711;GSA;;;;;;;
15712;GSV;;;;;;;
15713;GSV;;;;;;;
15714;;;;;;;;NMEA message parser not found for GRM.
15715;RMC;12/26/2016 10:18:28 PM;49.2170848;16.6058384833333;;;;
15716;;;;;;;;NMEA message parser not found for RMB.
15717;;;;;;;;Failed to parse: GGA.. Meters expected in GGA message.
15718;GSA;;;;;;;
15719;GSV;;;;;;;
15720;GSV;;;;;;;
15721;;;;;;;;NMEA message parser not found for GRM.
15722;RMC;12/26/2016 10:18:29 PM;49.2170878166667;16.6058480333333;;;;
15723;;;;;;;;NMEA message parser not found for RMB.
15724;;;;;;;;Failed to parse: GGA.. Meters expected in GGA message.
15725;GSA;;;;;;;
15726;GSV;;;;;;;
15727;GSV;;;;;;;
15728;;;;;;;;NMEA message parser not found for GRM.
15729;RMC;12/26/2016 10:18:30 PM;49.21709085;16.6058575666667;;;;
15730;;;;;;;;NMEA message parser not found for RMB.
15731;;;;;;;;Failed to parse: GGA.. Meters expected in GGA message.
15732;GSA;;;;;;;
15733;GSV;;;;;;;
15734;GSV;;;;;;;
15735;;;;;;;;NMEA message parser not found for GRM.
15736;RMC;12/26/2016 10:18:31 PM;49.2170938666667;16.6058671166667;;;;
15737;;;;;;;;NMEA message parser not found for RMB.
15738;;;;;;;;Failed to parse: GGA.. Meters expected in GGA message.
15739;GSA;;;;;;;
15740;GSV;;;;;;;
15741;GSV;;;;;;;
15742;;;;;;;;NMEA message parser not found for GRM.
15743;RMC;12/26/2016 10:18:32 PM;49.2170969;16.60587665;;;;
15744;;;;;;;;NMEA message parser not found for RMB.
15745;;;;;;;;Failed to parse: GGA.. Meters expected in GGA message.
15746;GSA;;;;;;;
15747;GSV;;;;;;;
15748;GSV;;;;;;;
15749;;;;;;;;NMEA message parser not found for GRM.
15750;RMC;12/26/2016 10:18:33 PM;49.2170999166667;16.6058862;;;;
15751;;;;;;;;NMEA message parser not found for RMB.
15752;;;;;;;;Failed to parse: GGA.. Meters expected in GGA message.
15753;GSA;;;;;;;
15754;GSV;;;;;;;
15755;GSV;;;;;;;
15756;;;;;;;;NMEA message parser not found for GRM.
15757;RMC;12/26/2016 10:18:34 PM;49.21710295;16.6058957333333;;;;
15758;;;;;;;;NMEA message parser not found for RMB.
15759;;;;;;;;Failed to parse: GGA.. Meters expected in GGA message.
15760;GSA;;;;;;;
15761;GSV;;;;;;;
15762;GSV;;;;;;;
15763;;;;;;;;NMEA message parser not found for GRM.
15764;RMC;12/26/2016 10:18:35 PM;49.2171059666667;16.6059052833333;;;;
15765;;;;;;;;NMEA message parser not found for RMB.
15766;;;;;;;;Failed to parse: GGA.. Meters expected in GGA message.
15767;GSA;;;;;;;
15768;GSV;;;;;;;
15769;GSV;;;;;;;
15770;;;;;;;;NMEA message parser not found for GRM.
15771;RMC;12/26/2016 10:18:36 PM;49.217109;16.6059148333333;;;;
15772;;;;;;;;NMEA message parser not found for RMB.
15773;;;;;;;;Failed to parse: GGA.. Meters expected in GGA message.
15774;GSA;;;;;;;
15775;GSV;;;;;;;
15776;GSV;;;;;;;
15777;;;;;;;;NMEA message parser not found for GRM.
15778;RMC;12/26/2016 10:18:37 PM;49.2171115833333;16.6059244833333;;;;
15779;;;;;;;;NMEA message parser not found for RMB.
15780;;;;;;;;Failed to parse: GGA.. Meters expected in GGA message.
15781;GSA;;;;;;;
15782;GSV;;;;;;;
15783;GSV;;;;;;;
15784;;;;;;;;NMEA message parser not found for GRM.
15785;RMC;12/26/2016 10:18:38 PM;49.2171139666667;16.6059342166667;;;;
15786;;;;;;;;NMEA message parser not found for RMB.
15787;;;;;;;;Failed to parse: GGA.. Meters expected in GGA message.
15788;GSA;;;;;;;
15789;GSV;;;;;;;
15790;GSV;;;;;;;
15791;;;;;;;;NMEA message parser not found for GRM.
15792;RMC;12/26/2016 10:18:39 PM;49.2171163333333;16.6059439333333;;;;
15793;;;;;;;;NMEA message parser not found for RMB.
15794;;;;;;;;Failed to parse: GGA.. Meters expected in GGA message.
15795;GSA;;;;;;;
15796;GSV;;;;;;;
15797;GSV;;;;;;;
15798;;;;;;;;NMEA message parser not found for GRM.
15799;RMC;12/26/2016 10:18:40 PM;49.2171187166667;16.6059536666667;;;;
15800;;;;;;;;NMEA message parser not found for RMB.
15801;;;;;;;;Failed to parse: GGA.. Meters expected in GGA message.
15802;GSA;;;;;;;
15803;GSV;;;;;;;
15804;GSV;;;;;;;
15805;;;;;;;;NMEA message parser not found for GRM.
15806;RMC;12/26/2016 10:18:41 PM;49.2171210833333;16.6059633833333;;;;
15807;;;;;;;;NMEA message parser not found for RMB.
15808;;;;;;;;Failed to parse: GGA.. Meters expected in GGA message.
15809;GSA;;;;;;;
15810;GSV;;;;;;;
15811;GSV;;;;;;;
15812;;;;;;;;NMEA message parser not found for GRM.
15813;RMC;12/26/2016 10:18:42 PM;49.2171234666667;16.6059731166667;;;;
15814;;;;;;;;NMEA message parser not found for RMB.
15815;;;;;;;;Failed to parse: GGA.. Meters expected in GGA message.
15816;GSA;;;;;;;
15817;GSV;;;;;;;
15818;GSV;;;;;;;
15819;;;;;;;;NMEA message parser not found for GRM.
15820;RMC;12/26/2016 10:18:43 PM;49.2171258333333;16.6059828333333;;;;
15821;;;;;;;;NMEA message parser not found for RMB.
15822;;;;;;;;Failed to parse: GGA.. Meters expected in GGA message.
15823;GSA;;;;;;;
15824;GSV;;;;;;;
15825;GSV;;;;;;;
15826;;;;;;;;NMEA message parser not found for GRM.
15827;RMC;12/26/2016 10:18:44 PM;49.2171282166667;16.60599255;;;;
15828;;;;;;;;NMEA message parser not found for RMB.
15829;;;;;;;;Failed to parse: GGA.. Meters expected in GGA message.
15830;GSA;;;;;;;
15831;GSV;;;;;;;
15832;GSV;;;;;;;
15833;;;;;;;;NMEA message parser not found for GRM.
15834;RMC;12/26/2016 10:18:45 PM;49.2171306;16.6060022833333;;;;
15835;;;;;;;;NMEA message parser not found for RMB.
15836;;;;;;;;Failed to parse: GGA.. Meters expected in GGA message.
15837;GSA;;;;;;;
15838;GSV;;;;;;;
15839;GSV;;;;;;;
15840;;;;;;;;NMEA message parser not found for GRM.
15841;RMC;12/26/2016 10:18:46 PM;49.2171329666667;16.606012;;;;
15842;;;;;;;;NMEA message parser not found for RMB.
15843;;;;;;;;Failed to parse: GGA.. Meters expected in GGA message.
15844;GSA;;;;;;;
15845;GSV;;;;;;;
15846;GSV;;;;;;;
15847;;;;;;;;NMEA message parser not found for GRM.
15848;RMC;12/26/2016 10:18:47 PM;49.21713535;16.6060217333333;;;;
15849;;;;;;;;NMEA message parser not found for RMB.
15850;;;;;;;;Failed to parse: GGA.. Meters expected in GGA message.
15851;GSA;;;;;;;
15852;GSV;;;;;;;
15853;GSV;;;;;;;
15854;;;;;;;;NMEA message parser not found for GRM.
15855;RMC;12/26/2016 10:18:48 PM;49.2171377166667;16.60603145;;;;
15856;;;;;;;;NMEA message parser not found for RMB.
15857;;;;;;;;Failed to parse: GGA.. Meters expected in GGA message.
15858;GSA;;;;;;;
15859;GSV;;;;;;;
15860;GSV;;;;;;;
15861;;;;;;;;NMEA message parser not found for GRM.
15862;RMC;12/26/2016 10:18:49 PM;49.2171401;16.6060411833333;;;;
15863;;;;;;;;NMEA message parser not found for RMB.
15864;;;;;;;;Failed to parse: GGA.. Meters expected in GGA message.
15865;GSA;;;;;;;
15866;GSV;;;;;;;
15867;GSV;;;;;;;
15868;;;;;;;;NMEA message parser not found for GRM.
15869;RMC;12/26/2016 10:18:50 PM;49.2171424666667;16.6060509;;;;
15870;;;;;;;;NMEA message parser not found for RMB.
15871;;;;;;;;Failed to parse: GGA.. Meters expected in GGA message.
15872;GSA;;;;;;;
15873;GSV;;;;;;;
15874;GSV;;;;;;;
15875;;;;;;;;NMEA message parser not found for GRM.
15876;RMC;12/26/2016 10:18:51 PM;49.21714485;16.6060606166667;;;;
15877;;;;;;;;NMEA message parser not found for RMB.
15878;;;;;;;;Failed to parse: GGA.. Meters expected in GGA message.
15879;GSA;;;;;;;
15880;GSV;;;;;;;
15881;GSV;;;;;;;
15882;;;;;;;;NMEA message parser not found for GRM.
15883;RMC;12/26/2016 10:18:52 PM;49.2171472166667;16.60607035;;;;
15884;;;;;;;;NMEA message parser not found for RMB.
15885;;;;;;;;Failed to parse: GGA.. Meters expected in GGA message.
15886;GSA;;;;;;;
15887;GSV;;;;;;;
15888;GSV;;;;;;;
15889;;;;;;;;NMEA message parser not found for GRM.
15890;RMC;12/26/2016 10:18:53 PM;49.2171496;16.6060800666667;;;;
15891;;;;;;;;NMEA message parser not found for RMB.
15892;;;;;;;;Failed to parse: GGA.. Meters expected in GGA message.
15893;GSA;;;;;;;
15894;GSV;;;;;;;
15895;GSV;;;;;;;
15896;;;;;;;;NMEA message parser not found for GRM.
15897;RMC;12/26/2016 10:18:54 PM;49.2171519833333;16.6060898;;;;
15898;;;;;;;;NMEA message parser not found for RMB.
15899;;;;;;;;Failed to parse: GGA.. Meters expected in GGA message.
15900;GSA;;;;;;;
15901;GSV;;;;;;;
15902;GSV;;;;;;;
15903;;;;;;;;NMEA message parser not found for GRM.
15904;RMC;12/26/2016 10:18:55 PM;49.21715435;16.6060995166667;;;;
15905;;;;;;;;NMEA message parser not found for RMB.
15906;;;;;;;;Failed to parse: GGA.. Meters expected in GGA message.
15907;GSA;;;;;;;
15908;GSV;;;;;;;
15909;GSV;;;;;;;
15910;;;;;;;;NMEA message parser not found for GRM.
15911;RMC;12/26/2016 10:18:56 PM;49.2171567333333;16.60610925;;;;
15912;;;;;;;;NMEA message parser not found for RMB.
15913;;;;;;;;Failed to parse: GGA.. Meters expected in GGA message.
15914;GSA;;;;;;;
15915;GSV;;;;;;;
15916;GSV;;;;;;;
15917;;;;;;;;NMEA message parser not found for GRM.
15918;RMC;12/26/2016 10:18:57 PM;49.2171591;16.6061189666667;;;;
15919;;;;;;;;NMEA message parser not found for RMB.
15920;;;;;;;;Failed to parse: GGA.. Meters expected in GGA message.
15921;GSA;;;;;;;
15922;GSV;;;;;;;
15923;GSV;;;;;;;
15924;;;;;;;;NMEA message parser not found for GRM.
15925;RMC;12/26/2016 10:18:58 PM;49.2171614833333;16.6061287;;;;
15926;;;;;;;;NMEA message parser not found for RMB.
15927;;;;;;;;Failed to parse: GGA.. Meters expected in GGA message.
15928;GSA;;;;;;;
15929;GSV;;;;;;;
15930;GSV;;;;;;;
15931;;;;;;;;NMEA message parser not found for GRM.
15932;RMC;12/26/2016 10:18:59 PM;49.21716385;16.6061384166667;;;;
15933;;;;;;;;NMEA message parser not found for RMB.
15934;;;;;;;;Failed to parse: GGA.. Meters expected in GGA message.
15935;GSA;;;;;;;
15936;GSV;;;;;;;
15937;GSV;;;;;;;
15938;;;;;;;;NMEA message parser not found for GRM.
15939;RMC;12/26/2016 10:19:00 PM;49.2171662333333;16.6061481333333;;;;
15940;;;;;;;;NMEA message parser not found for RMB.
15941;;;;;;;;Failed to parse: GGA.. Meters expected in GGA message.
15942;GSA;;;;;;;
15943;GSV;;;;;;;
15944;GSV;;;;;;;
15945;;;;;;;;NMEA message parser not found for GRM.
15946;RMC;12/26/2016 10:19:01 PM;49.2171686;16.6061578666667;;;;
15947;;;;;;;;NMEA message parser not found for RMB.
15948;;;;;;;;Failed to parse: GGA.. Meters expected in GGA message.
15949;GSA;;;;;;;
15950;GSV;;;;;;;
15951;GSV;;;;;;;
15952;;;;;;;;NMEA message parser not found for GRM.
15953;RMC;12/26/2016 10:19:02 PM;49.2171709833333;16.6061675833333;;;;
15954;;;;;;;;NMEA message parser not found for RMB.
15955;;;;;;;;Failed to parse: GGA.. Meters expected in GGA message.
15956;GSA;;;;;;;
15957;GSV;;;;;;;
15958;GSV;;;;;;;
15959;;;;;;;;NMEA message parser not found for GRM.
15960;RMC;12/26/2016 10:19:03 PM;49.2171733666667;16.6061773166667;;;;
15961;;;;;;;;NMEA message parser not found for RMB.
15962;;;;;;;;Failed to parse: GGA.. Meters expected in GGA message.
15963;GSA;;;;;;;
15964;GSV;;;;;;;
15965;GSV;;;;;;;
15966;;;;;;;;NMEA message parser not found for GRM.
15967;RMC;12/26/2016 10:19:04 PM;49.2171757333333;16.6061870333333;;;;
15968;;;;;;;;NMEA message parser not found for RMB.
15969;;;;;;;;Failed to parse: GGA.. Meters expected in GGA message.
15970;GSA;;;;;;;
15971;GSV;;;;;;;
15972;GSV;;;;;;;
15973;;;;;;;;NMEA message parser not found for GRM.
15974;RMC;12/26/2016 10:19:05 PM;49.2171781166667;16.6061967666667;;;;
15975;;;;;;;;NMEA message parser not found for RMB.
15976;;;;;;;;Failed to parse: GGA.. Meters expected in GGA message.
15977;GSA;;;;;;;
15978;GSV;;;;;;;
15979;GSV;;;;;;;
15980;;;;;;;;NMEA message parser not found for GRM.
15981;RMC;12/26/2016 10:19:06 PM;49.2171804833333;16.6062064833333;;;;
15982;;;;;;;;NMEA message parser not found for RMB.
15983;;;;;;;;Failed to parse: GGA.. Meters expected in GGA message.
15984;GSA;;;;;;;
15985;GSV;;;;;;;
15986;GSV;;;;;;;
15987;;;;;;;;NMEA message parser not found for GRM.
15988;RMC;12/26/2016 10:19:07 PM;49.2171828666667;16.6062162166667;;;;
15989;;;;;;;;NMEA message parser not found for RMB.
15990;;;;;;;;Failed to parse: GGA.. Meters expected in GGA message.
15991;GSA;;;;;;;
15992;GSV;;;;;;;
15993;GSV;;;;;;;
15994;;;;;;;;NMEA message parser not found for GRM.
15995;RMC;12/26/2016 10:19:08 PM;49.2171852333333;16.6062259333333;;;;
15996;;;;;;;;NMEA message parser not found for RMB.
15997;;;;;;;;Failed to parse: GGA.. Meters expected in GGA message.
15998;GSA;;;;;;;
15999;GSV;;;;;;;
16000;GSV;;;;;;;
16001;;;;;;;;NMEA message parser not found for GRM.
16002;RMC;12/26/2016 10:19:09 PM;49.2171876166667;16.60623565;;;;
16003;;;;;;;;NMEA message parser not found for RMB.
16004;;;;;;;;Failed to parse: GGA.. Meters expected in GGA message.
16005;GSA;;;;;;;
16006;GSV;;;;;;;
16007;GSV;;;;;;;
16008;;;;;;;;NMEA message parser not found for GRM.
16009;RMC;12/26/2016 10:19:10 PM;49.2171899833333;16.6062453833333;;;;
16010;;;;;;;;NMEA message parser not found for RMB.
16011;;;;;;;;Failed to parse: GGA.. Meters expected in GGA message.
16012;GSA;;;;;;;
16013;GSV;;;;;;;
16014;GSV;;;;;;;
16015;;;;;;;;NMEA message parser not found for GRM.
16016;RMC;12/26/2016 10:19:11 PM;49.2171923666667;16.6062551;;;;
16017;;;;;;;;NMEA message parser not found for RMB.
16018;;;;;;;;Failed to parse: GGA.. Meters expected in GGA message.
16019;GSA;;;;;;;
16020;GSV;;;;;;;
16021;GSV;;;;;;;
16022;;;;;;;;NMEA message parser not found for GRM.
16023;RMC;12/26/2016 10:19:12 PM;49.2171947333333;16.6062648333333;;;;
16024;;;;;;;;NMEA message parser not found for RMB.
16025;;;;;;;;Failed to parse: GGA.. Meters expected in GGA message.
16026;GSA;;;;;;;
16027;GSV;;;;;;;
16028;GSV;;;;;;;
16029;;;;;;;;NMEA message parser not found for GRM.
16030;RMC;12/26/2016 10:19:13 PM;49.2171971166667;16.60627455;;;;
16031;;;;;;;;NMEA message parser not found for RMB.
16032;;;;;;;;Failed to parse: GGA.. Meters expected in GGA message.
16033;GSA;;;;;;;
16034;GSV;;;;;;;
16035;GSV;;;;;;;
16036;;;;;;;;NMEA message parser not found for GRM.
16037;RMC;12/26/2016 10:19:14 PM;49.2171995;16.6062842833333;;;;
16038;;;;;;;;NMEA message parser not found for RMB.
16039;;;;;;;;Failed to parse: GGA.. Meters expected in GGA message.
16040;GSA;;;;;;;
16041;GSV;;;;;;;
16042;GSV;;;;;;;
16043;;;;;;;;NMEA message parser not found for GRM.
16044;RMC;12/26/2016 10:19:15 PM;49.2172018666667;16.606294;;;;
16045;;;;;;;;NMEA message parser not found for RMB.
16046;;;;;;;;Failed to parse: GGA.. Meters expected in GGA message.
16047;GSA;;;;;;;
16048;GSV;;;;;;;
16049;GSV;;;;;;;
16050;;;;;;;;NMEA message parser not found for GRM.
16051;RMC;12/26/2016 10:19:16 PM;49.21720425;16.6063037166667;;;;
16052;;;;;;;;NMEA message parser not found for RMB.
16053;;;;;;;;Failed to parse: GGA.. Meters expected in GGA message.
16054;GSA;;;;;;;
16055;GSV;;;;;;;
16056;GSV;;;;;;;
16057;;;;;;;;NMEA message parser not found for GRM.
16058;RMC;12/26/2016 10:19:17 PM;49.2172066166667;16.60631345;;;;
16059;;;;;;;;NMEA message parser not found for RMB.
16060;;;;;;;;Failed to parse: GGA.. Meters expected in GGA message.
16061;GSA;;;;;;;
16062;GSV;;;;;;;
16063;GSV;;;;;;;
16064;;;;;;;;NMEA message parser not found for GRM.
16065;RMC;12/26/2016 10:19:18 PM;49.21720715;16.6063234166667;;;;
16066;;;;;;;;NMEA message parser not found for RMB.
16067;;;;;;;;Failed to parse: GGA.. Meters expected in GGA message.
16068;GSA;;;;;;;
16069;GSV;;;;;;;
16070;GSV;;;;;;;
16071;;;;;;;;NMEA message parser not found for GRM.
16072;RMC;12/26/2016 10:19:19 PM;49.2172073166667;16.6063334166667;;;;
16073;;;;;;;;NMEA message parser not found for RMB.
16074;;;;;;;;Failed to parse: GGA.. Meters expected in GGA message.
16075;GSA;;;;;;;
16076;GSV;;;;;;;
16077;GSV;;;;;;;
16078;;;;;;;;NMEA message parser not found for GRM.
16079;RMC;12/26/2016 10:19:20 PM;49.2172075;16.6063434333333;;;;
16080;;;;;;;;NMEA message parser not found for RMB.
16081;;;;;;;;Failed to parse: GGA.. Meters expected in GGA message.
16082;GSA;;;;;;;
16083;GSV;;;;;;;
16084;GSV;;;;;;;
16085;;;;;;;;NMEA message parser not found for GRM.
16086;RMC;12/26/2016 10:19:21 PM;49.2172076833333;16.6063534333333;;;;
16087;;;;;;;;NMEA message parser not found for RMB.
16088;;;;;;;;Failed to parse: GGA.. Meters expected in GGA message.
16089;GSA;;;;;;;
16090;GSV;;;;;;;
16091;GSV;;;;;;;
16092;;;;;;;;NMEA message parser not found for GRM.
16093;RMC;12/26/2016 10:19:22 PM;49.21720785;16.60636345;;;;
16094;;;;;;;;NMEA message parser not found for RMB.
16095;;;;;;;;Failed to parse: GGA.. Meters expected in GGA message.
16096;GSA;;;;;;;
16097;GSV;;;;;;;
16098;GSV;;;;;;;
16099;;;;;;;;NMEA message parser not found for GRM.
16100;RMC;12/26/2016 10:19:23 PM;49.2172080333333;16.60637345;;;;
16101;;;;;;;;NMEA message parser not found for RMB.
16102;;;;;;;;Failed to parse: GGA.. Meters expected in GGA message.
16103;GSA;;;;;;;
16104;GSV;;;;;;;
16105;GSV;;;;;;;
16106;;;;;;;;NMEA message parser not found for GRM.
16107;RMC;12/26/2016 10:19:24 PM;49.2172082;16.6063834666667;;;;
16108;;;;;;;;NMEA message parser not found for RMB.
16109;;;;;;;;Failed to parse: GGA.. Meters expected in GGA message.
16110;GSA;;;;;;;
16111;GSV;;;;;;;
16112;GSV;;;;;;;
16113;;;;;;;;NMEA message parser not found for GRM.
16114;RMC;12/26/2016 10:19:25 PM;49.2172083833333;16.6063934666667;;;;
16115;;;;;;;;NMEA message parser not found for RMB.
16116;;;;;;;;Failed to parse: GGA.. Meters expected in GGA message.
16117;GSA;;;;;;;
16118;GSV;;;;;;;
16119;GSV;;;;;;;
16120;;;;;;;;NMEA message parser not found for GRM.
16121;RMC;12/26/2016 10:19:26 PM;49.2172085666667;16.6064034833333;;;;
16122;;;;;;;;NMEA message parser not found for RMB.
16123;;;;;;;;Failed to parse: GGA.. Meters expected in GGA message.
16124;GSA;;;;;;;
16125;GSV;;;;;;;
16126;GSV;;;;;;;
16127;;;;;;;;NMEA message parser not found for GRM.
16128;RMC;12/26/2016 10:19:27 PM;49.2172087333333;16.6064134833333;;;;
16129;;;;;;;;NMEA message parser not found for RMB.
16130;;;;;;;;Failed to parse: GGA.. Meters expected in GGA message.
16131;GSA;;;;;;;
16132;GSV;;;;;;;
16133;GSV;;;;;;;
16134;;;;;;;;NMEA message parser not found for GRM.
16135;RMC;12/26/2016 10:19:28 PM;49.2172089166667;16.6064235;;;;
16136;;;;;;;;NMEA message parser not found for RMB.
16137;;;;;;;;Failed to parse: GGA.. Meters expected in GGA message.
16138;GSA;;;;;;;
16139;GSV;;;;;;;
16140;GSV;;;;;;;
16141;;;;;;;;NMEA message parser not found for GRM.
16142;RMC;12/26/2016 10:19:29 PM;49.2172090833333;16.6064335;;;;
16143;;;;;;;;NMEA message parser not found for RMB.
16144;;;;;;;;Failed to parse: GGA.. Meters expected in GGA message.
16145;GSA;;;;;;;
16146;GSV;;;;;;;
16147;GSV;;;;;;;
16148;;;;;;;;NMEA message parser not found for GRM.
16149;RMC;12/26/2016 10:19:30 PM;49.2172092666667;16.6064435166667;;;;
16150;;;;;;;;NMEA message parser not found for RMB.
16151;;;;;;;;Failed to parse: GGA.. Meters expected in GGA message.
16152;GSA;;;;;;;
16153;GSV;;;;;;;
16154;GSV;;;;;;;
16155;;;;;;;;NMEA message parser not found for GRM.
16156;RMC;12/26/2016 10:19:31 PM;49.2172094333333;16.6064535166667;;;;
16157;;;;;;;;NMEA message parser not found for RMB.
16158;;;;;;;;Failed to parse: GGA.. Meters expected in GGA message.
16159;GSA;;;;;;;
16160;GSV;;;;;;;
16161;GSV;;;;;;;
16162;;;;;;;;NMEA message parser not found for GRM.
16163;RMC;12/26/2016 10:19:32 PM;49.2172096166667;16.6064635333333;;;;
16164;;;;;;;;NMEA message parser not found for RMB.
16165;;;;;;;;Failed to parse: GGA.. Meters expected in GGA message.
16166;GSA;;;;;;;
16167;GSV;;;;;;;
16168;GSV;;;;;;;
16169;;;;;;;;NMEA message parser not found for GRM.
16170;RMC;12/26/2016 10:19:33 PM;49.2172098;16.6064735333333;;;;
16171;;;;;;;;NMEA message parser not found for RMB.
16172;;;;;;;;Failed to parse: GGA.. Meters expected in GGA message.
16173;GSA;;;;;;;
16174;GSV;;;;;;;
16175;GSV;;;;;;;
16176;;;;;;;;NMEA message parser not found for GRM.
16177;RMC;12/26/2016 10:19:34 PM;49.2172099666667;16.60648355;;;;
16178;;;;;;;;NMEA message parser not found for RMB.
16179;;;;;;;;Failed to parse: GGA.. Meters expected in GGA message.
16180;GSA;;;;;;;
16181;GSV;;;;;;;
16182;GSV;;;;;;;
16183;;;;;;;;NMEA message parser not found for GRM.
16184;RMC;12/26/2016 10:19:35 PM;49.21721015;16.60649355;;;;
16185;;;;;;;;NMEA message parser not found for RMB.
16186;;;;;;;;Failed to parse: GGA.. Meters expected in GGA message.
16187;GSA;;;;;;;
16188;GSV;;;;;;;
16189;GSV;;;;;;;
16190;;;;;;;;NMEA message parser not found for GRM.
16191;RMC;12/26/2016 10:19:36 PM;49.2172103166667;16.6065035666667;;;;
16192;;;;;;;;NMEA message parser not found for RMB.
16193;;;;;;;;Failed to parse: GGA.. Meters expected in GGA message.
16194;GSA;;;;;;;
16195;GSV;;;;;;;
16196;GSV;;;;;;;
16197;;;;;;;;NMEA message parser not found for GRM.
16198;RMC;12/26/2016 10:19:37 PM;49.2172105;16.6065135666667;;;;
16199;;;;;;;;NMEA message parser not found for RMB.
16200;;;;;;;;Failed to parse: GGA.. Meters expected in GGA message.
16201;GSA;;;;;;;
16202;GSV;;;;;;;
16203;GSV;;;;;;;
16204;;;;;;;;NMEA message parser not found for GRM.
16205;RMC;12/26/2016 10:19:38 PM;49.2172106833333;16.6065235833333;;;;
16206;;;;;;;;NMEA message parser not found for RMB.
16207;;;;;;;;Failed to parse: GGA.. Meters expected in GGA message.
16208;GSA;;;;;;;
16209;GSV;;;;;;;
16210;GSV;;;;;;;
16211;;;;;;;;NMEA message parser not found for GRM.
16212;RMC;12/26/2016 10:19:39 PM;49.21721085;16.6065335833333;;;;
16213;;;;;;;;NMEA message parser not found for RMB.
16214;;;;;;;;Failed to parse: GGA.. Meters expected in GGA message.
16215;GSA;;;;;;;
16216;GSV;;;;;;;
16217;GSV;;;;;;;
16218;;;;;;;;NMEA message parser not found for GRM.
16219;RMC;12/26/2016 10:19:40 PM;49.21721165;16.6065434666667;;;;
16220;;;;;;;;NMEA message parser not found for RMB.
16221;;;;;;;;Failed to parse: GGA.. Meters expected in GGA message.
16222;GSA;;;;;;;
16223;GSV;;;;;;;
16224;GSV;;;;;;;
16225;;;;;;;;NMEA message parser not found for GRM.
16226;RMC;12/26/2016 10:19:41 PM;49.2172157333333;16.6065526;;;;
16227;;;;;;;;NMEA message parser not found for RMB.
16228;;;;;;;;Failed to parse: GGA.. Meters expected in GGA message.
16229;GSA;;;;;;;
16230;GSV;;;;;;;
16231;GSV;;;;;;;
16232;;;;;;;;NMEA message parser not found for GRM.
16233;RMC;12/26/2016 10:19:42 PM;49.2172198166667;16.6065617333333;;;;
16234;;;;;;;;NMEA message parser not found for RMB.
16235;;;;;;;;Failed to parse: GGA.. Meters expected in GGA message.
16236;GSA;;;;;;;
16237;GSV;;;;;;;
16238;GSV;;;;;;;
16239;;;;;;;;NMEA message parser not found for GRM.
16240;RMC;12/26/2016 10:19:43 PM;49.2172239;16.6065708833333;;;;
16241;;;;;;;;NMEA message parser not found for RMB.
16242;;;;;;;;Failed to parse: GGA.. Meters expected in GGA message.
16243;GSA;;;;;;;
16244;GSV;;;;;;;
16245;GSV;;;;;;;
16246;;;;;;;;NMEA message parser not found for GRM.
16247;RMC;12/26/2016 10:19:44 PM;49.2172279833333;16.6065800166667;;;;
16248;;;;;;;;NMEA message parser not found for RMB.
16249;;;;;;;;Failed to parse: GGA.. Meters expected in GGA message.
16250;GSA;;;;;;;
16251;GSV;;;;;;;
16252;GSV;;;;;;;
16253;;;;;;;;NMEA message parser not found for GRM.
16254;RMC;12/26/2016 10:19:45 PM;49.2172320666667;16.60658915;;;;
16255;;;;;;;;NMEA message parser not found for RMB.
16256;;;;;;;;Failed to parse: GGA.. Meters expected in GGA message.
16257;GSA;;;;;;;
16258;GSV;;;;;;;
16259;GSV;;;;;;;
16260;;;;;;;;NMEA message parser not found for GRM.
16261;RMC;12/26/2016 10:19:46 PM;49.21723615;16.6065983;;;;
16262;;;;;;;;NMEA message parser not found for RMB.
16263;;;;;;;;Failed to parse: GGA.. Meters expected in GGA message.
16264;GSA;;;;;;;
16265;GSV;;;;;;;
16266;GSV;;;;;;;
16267;;;;;;;;NMEA message parser not found for GRM.
16268;RMC;12/26/2016 10:19:47 PM;49.2172402333333;16.6066074333333;;;;
16269;;;;;;;;NMEA message parser not found for RMB.
16270;;;;;;;;Failed to parse: GGA.. Meters expected in GGA message.
16271;GSA;;;;;;;
16272;GSV;;;;;;;
16273;GSV;;;;;;;
16274;;;;;;;;NMEA message parser not found for GRM.
16275;RMC;12/26/2016 10:19:48 PM;49.2172443166667;16.6066165666667;;;;
16276;;;;;;;;NMEA message parser not found for RMB.
16277;;;;;;;;Failed to parse: GGA.. Meters expected in GGA message.
16278;GSA;;;;;;;
16279;GSV;;;;;;;
16280;GSV;;;;;;;
16281;;;;;;;;NMEA message parser not found for GRM.
16282;RMC;12/26/2016 10:19:49 PM;49.2172484;16.6066257166667;;;;
16283;;;;;;;;NMEA message parser not found for RMB.
16284;;;;;;;;Failed to parse: GGA.. Meters expected in GGA message.
16285;GSA;;;;;;;
16286;GSV;;;;;;;
16287;GSV;;;;;;;
16288;;;;;;;;NMEA message parser not found for GRM.
16289;RMC;12/26/2016 10:19:50 PM;49.2172524833333;16.60663485;;;;
16290;;;;;;;;NMEA message parser not found for RMB.
16291;;;;;;;;Failed to parse: GGA.. Meters expected in GGA message.
16292;GSA;;;;;;;
16293;GSV;;;;;;;
16294;GSV;;;;;;;
16295;;;;;;;;NMEA message parser not found for GRM.
16296;RMC;12/26/2016 10:19:51 PM;49.2172565666667;16.606644;;;;
16297;;;;;;;;NMEA message parser not found for RMB.
16298;;;;;;;;Failed to parse: GGA.. Meters expected in GGA message.
16299;GSA;;;;;;;
16300;GSV;;;;;;;
16301;GSV;;;;;;;
16302;;;;;;;;NMEA message parser not found for GRM.
16303;RMC;12/26/2016 10:19:52 PM;49.21726065;16.6066531333333;;;;
16304;;;;;;;;NMEA message parser not found for RMB.
16305;;;;;;;;Failed to parse: GGA.. Meters expected in GGA message.
16306;GSA;;;;;;;
16307;GSV;;;;;;;
16308;GSV;;;;;;;
16309;;;;;;;;NMEA message parser not found for GRM.
16310;RMC;12/26/2016 10:19:53 PM;49.2172647333333;16.6066622666667;;;;
16311;;;;;;;;NMEA message parser not found for RMB.
16312;;;;;;;;Failed to parse: GGA.. Meters expected in GGA message.
16313;GSA;;;;;;;
16314;GSV;;;;;;;
16315;GSV;;;;;;;
16316;;;;;;;;NMEA message parser not found for GRM.
16317;RMC;12/26/2016 10:19:54 PM;49.2172688166667;16.6066714166667;;;;
16318;;;;;;;;NMEA message parser not found for RMB.
16319;;;;;;;;Failed to parse: GGA.. Meters expected in GGA message.
16320;GSA;;;;;;;
16321;GSV;;;;;;;
16322;GSV;;;;;;;
16323;;;;;;;;NMEA message parser not found for GRM.
16324;RMC;12/26/2016 10:19:55 PM;49.2172729;16.60668055;;;;
16325;;;;;;;;NMEA message parser not found for RMB.
16326;;;;;;;;Failed to parse: GGA.. Meters expected in GGA message.
16327;GSA;;;;;;;
16328;GSV;;;;;;;
16329;GSV;;;;;;;
16330;;;;;;;;NMEA message parser not found for GRM.
16331;RMC;12/26/2016 10:19:56 PM;49.2172769833333;16.6066896833333;;;;
16332;;;;;;;;NMEA message parser not found for RMB.
16333;;;;;;;;Failed to parse: GGA.. Meters expected in GGA message.
16334;GSA;;;;;;;
16335;GSV;;;;;;;
16336;GSV;;;;;;;
16337;;;;;;;;NMEA message parser not found for GRM.
16338;RMC;12/26/2016 10:19:57 PM;49.2172810666667;16.6066988333333;;;;
16339;;;;;;;;NMEA message parser not found for RMB.
16340;;;;;;;;Failed to parse: GGA.. Meters expected in GGA message.
16341;GSA;;;;;;;
16342;GSV;;;;;;;
16343;GSV;;;;;;;
16344;;;;;;;;NMEA message parser not found for GRM.
16345;RMC;12/26/2016 10:19:58 PM;49.21728515;16.6067079666667;;;;
16346;;;;;;;;NMEA message parser not found for RMB.
16347;;;;;;;;Failed to parse: GGA.. Meters expected in GGA message.
16348;GSA;;;;;;;
16349;GSV;;;;;;;
16350;GSV;;;;;;;
16351;;;;;;;;NMEA message parser not found for GRM.
16352;RMC;12/26/2016 10:19:59 PM;49.2172892333333;16.6067171166667;;;;
16353;;;;;;;;NMEA message parser not found for RMB.
16354;;;;;;;;Failed to parse: GGA.. Meters expected in GGA message.
16355;GSA;;;;;;;
16356;GSV;;;;;;;
16357;GSV;;;;;;;
16358;;;;;;;;NMEA message parser not found for GRM.
16359;RMC;12/26/2016 10:20:00 PM;49.2172933;16.60672625;;;;
16360;;;;;;;;NMEA message parser not found for RMB.
16361;;;;;;;;Failed to parse: GGA.. Meters expected in GGA message.
16362;GSA;;;;;;;
16363;GSV;;;;;;;
16364;GSV;;;;;;;
16365;;;;;;;;NMEA message parser not found for GRM.
16366;RMC;12/26/2016 10:20:01 PM;49.2172973833333;16.6067353833333;;;;
16367;;;;;;;;NMEA message parser not found for RMB.
16368;;;;;;;;Failed to parse: GGA.. Meters expected in GGA message.
16369;GSA;;;;;;;
16370;GSV;;;;;;;
16371;GSV;;;;;;;
16372;;;;;;;;NMEA message parser not found for GRM.
16373;RMC;12/26/2016 10:20:02 PM;49.2173014666667;16.6067445333333;;;;
16374;;;;;;;;NMEA message parser not found for RMB.
16375;;;;;;;;Failed to parse: GGA.. Meters expected in GGA message.
16376;GSA;;;;;;;
16377;GSV;;;;;;;
16378;GSV;;;;;;;
16379;;;;;;;;NMEA message parser not found for GRM.
16380;RMC;12/26/2016 10:20:03 PM;49.21730555;16.6067536666667;;;;
16381;;;;;;;;NMEA message parser not found for RMB.
16382;;;;;;;;Failed to parse: GGA.. Meters expected in GGA message.
16383;GSA;;;;;;;
16384;GSV;;;;;;;
16385;GSV;;;;;;;
16386;;;;;;;;NMEA message parser not found for GRM.
16387;RMC;12/26/2016 10:20:04 PM;49.2173096333333;16.6067628;;;;
16388;;;;;;;;NMEA message parser not found for RMB.
16389;;;;;;;;Failed to parse: GGA.. Meters expected in GGA message.
16390;GSA;;;;;;;
16391;GSV;;;;;;;
16392;GSV;;;;;;;
16393;;;;;;;;NMEA message parser not found for GRM.
16394;RMC;12/26/2016 10:20:05 PM;49.2173137166667;16.60677195;;;;
16395;;;;;;;;NMEA message parser not found for RMB.
16396;;;;;;;;Failed to parse: GGA.. Meters expected in GGA message.
16397;GSA;;;;;;;
16398;GSV;;;;;;;
16399;GSV;;;;;;;
16400;;;;;;;;NMEA message parser not found for GRM.
16401;RMC;12/26/2016 10:20:06 PM;49.2173178;16.6067810833333;;;;
16402;;;;;;;;NMEA message parser not found for RMB.
16403;;;;;;;;Failed to parse: GGA.. Meters expected in GGA message.
16404;GSA;;;;;;;
16405;GSV;;;;;;;
16406;GSV;;;;;;;
16407;;;;;;;;NMEA message parser not found for GRM.
16408;RMC;12/26/2016 10:20:07 PM;49.21732185;16.6067902333333;;;;
16409;;;;;;;;NMEA message parser not found for RMB.
16410;;;;;;;;Failed to parse: GGA.. Meters expected in GGA message.
16411;GSA;;;;;;;
16412;GSV;;;;;;;
16413;GSV;;;;;;;
16414;;;;;;;;NMEA message parser not found for GRM.
16415;RMC;12/26/2016 10:20:08 PM;49.2173258666667;16.6067994166667;;;;
16416;;;;;;;;NMEA message parser not found for RMB.
16417;;;;;;;;Failed to parse: GGA.. Meters expected in GGA message.
16418;GSA;;;;;;;
16419;GSV;;;;;;;
16420;GSV;;;;;;;
16421;;;;;;;;NMEA message parser not found for GRM.
16422;RMC;12/26/2016 10:20:09 PM;49.2173298833333;16.6068085833333;;;;
16423;;;;;;;;NMEA message parser not found for RMB.
16424;;;;;;;;Failed to parse: GGA.. Meters expected in GGA message.
16425;GSA;;;;;;;
16426;GSV;;;;;;;
16427;GSV;;;;;;;
16428;;;;;;;;NMEA message parser not found for GRM.
16429;RMC;12/26/2016 10:20:10 PM;49.2173339;16.60681775;;;;
16430;;;;;;;;NMEA message parser not found for RMB.
16431;;;;;;;;Failed to parse: GGA.. Meters expected in GGA message.
16432;GSA;;;;;;;
16433;GSV;;;;;;;
16434;GSV;;;;;;;
16435;;;;;;;;NMEA message parser not found for GRM.
16436;RMC;12/26/2016 10:20:11 PM;49.2173379166667;16.6068269166667;;;;
16437;;;;;;;;NMEA message parser not found for RMB.
16438;;;;;;;;Failed to parse: GGA.. Meters expected in GGA message.
16439;GSA;;;;;;;
16440;GSV;;;;;;;
16441;GSV;;;;;;;
16442;;;;;;;;NMEA message parser not found for GRM.
16443;RMC;12/26/2016 10:20:12 PM;49.2173419333333;16.6068360833333;;;;
16444;;;;;;;;NMEA message parser not found for RMB.
16445;;;;;;;;Failed to parse: GGA.. Meters expected in GGA message.
16446;GSA;;;;;;;
16447;GSV;;;;;;;
16448;GSV;;;;;;;
16449;;;;;;;;NMEA message parser not found for GRM.
16450;RMC;12/26/2016 10:20:13 PM;49.21734595;16.60684525;;;;
16451;;;;;;;;NMEA message parser not found for RMB.
16452;;;;;;;;Failed to parse: GGA.. Meters expected in GGA message.
16453;GSA;;;;;;;
16454;GSV;;;;;;;
16455;GSV;;;;;;;
16456;;;;;;;;NMEA message parser not found for GRM.
16457;RMC;12/26/2016 10:20:14 PM;49.2173499666667;16.6068544333333;;;;
16458;;;;;;;;NMEA message parser not found for RMB.
16459;;;;;;;;Failed to parse: GGA.. Meters expected in GGA message.
16460;GSA;;;;;;;
16461;GSV;;;;;;;
16462;GSV;;;;;;;
16463;;;;;;;;NMEA message parser not found for GRM.
16464;RMC;12/26/2016 10:20:15 PM;49.2173539666667;16.6068636;;;;
16465;;;;;;;;NMEA message parser not found for RMB.
16466;;;;;;;;Failed to parse: GGA.. Meters expected in GGA message.
16467;GSA;;;;;;;
16468;GSV;;;;;;;
16469;GSV;;;;;;;
16470;;;;;;;;NMEA message parser not found for GRM.
16471;RMC;12/26/2016 10:20:16 PM;49.2173579833333;16.6068727666667;;;;
16472;;;;;;;;NMEA message parser not found for RMB.
16473;;;;;;;;Failed to parse: GGA.. Meters expected in GGA message.
16474;GSA;;;;;;;
16475;GSV;;;;;;;
16476;GSV;;;;;;;
16477;;;;;;;;NMEA message parser not found for GRM.
16478;RMC;12/26/2016 10:20:17 PM;49.217362;16.6068819333333;;;;
16479;;;;;;;;NMEA message parser not found for RMB.
16480;;;;;;;;Failed to parse: GGA.. Meters expected in GGA message.
16481;GSA;;;;;;;
16482;GSV;;;;;;;
16483;GSV;;;;;;;
16484;;;;;;;;NMEA message parser not found for GRM.
16485;RMC;12/26/2016 10:20:18 PM;49.2173660166667;16.6068911;;;;
16486;;;;;;;;NMEA message parser not found for RMB.
16487;;;;;;;;Failed to parse: GGA.. Meters expected in GGA message.
16488;GSA;;;;;;;
16489;GSV;;;;;;;
16490;GSV;;;;;;;
16491;;;;;;;;NMEA message parser not found for GRM.
16492;RMC;12/26/2016 10:20:19 PM;49.2173700333333;16.6069002666667;;;;
16493;;;;;;;;NMEA message parser not found for RMB.
16494;;;;;;;;Failed to parse: GGA.. Meters expected in GGA message.
16495;GSA;;;;;;;
16496;GSV;;;;;;;
16497;GSV;;;;;;;
16498;;;;;;;;NMEA message parser not found for GRM.
16499;RMC;12/26/2016 10:20:20 PM;49.21737405;16.60690945;;;;
16500;;;;;;;;NMEA message parser not found for RMB.
16501;;;;;;;;Failed to parse: GGA.. Meters expected in GGA message.
16502;GSA;;;;;;;
16503;GSV;;;;;;;
16504;GSV;;;;;;;
16505;;;;;;;;NMEA message parser not found for GRM.
16506;RMC;12/26/2016 10:20:21 PM;49.2173780666667;16.6069186166667;;;;
16507;;;;;;;;NMEA message parser not found for RMB.
16508;;;;;;;;Failed to parse: GGA.. Meters expected in GGA message.
16509;GSA;;;;;;;
16510;GSV;;;;;;;
16511;GSV;;;;;;;
16512;;;;;;;;NMEA message parser not found for GRM.
16513;RMC;12/26/2016 10:20:22 PM;49.2173820833333;16.6069277833333;;;;
16514;;;;;;;;NMEA message parser not found for RMB.
16515;;;;;;;;Failed to parse: GGA.. Meters expected in GGA message.
16516;GSA;;;;;;;
16517;GSV;;;;;;;
16518;GSV;;;;;;;
16519;;;;;;;;NMEA message parser not found for GRM.
16520;RMC;12/26/2016 10:20:23 PM;49.2173861;16.60693695;;;;
16521;;;;;;;;NMEA message parser not found for RMB.
16522;;;;;;;;Failed to parse: GGA.. Meters expected in GGA message.
16523;GSA;;;;;;;
16524;GSV;;;;;;;
16525;GSV;;;;;;;
16526;;;;;;;;NMEA message parser not found for GRM.
16527;RMC;12/26/2016 10:20:24 PM;49.2173901;16.6069461166667;;;;
16528;;;;;;;;NMEA message parser not found for RMB.
16529;;;;;;;;Failed to parse: GGA.. Meters expected in GGA message.
16530;GSA;;;;;;;
16531;GSV;;;;;;;
16532;GSV;;;;;;;
16533;;;;;;;;NMEA message parser not found for GRM.
16534;RMC;12/26/2016 10:20:25 PM;49.2173941166667;16.6069553;;;;
16535;;;;;;;;NMEA message parser not found for RMB.
16536;;;;;;;;Failed to parse: GGA.. Meters expected in GGA message.
16537;GSA;;;;;;;
16538;GSV;;;;;;;
16539;GSV;;;;;;;
16540;;;;;;;;NMEA message parser not found for GRM.
16541;RMC;12/26/2016 10:20:26 PM;49.2173981333333;16.6069644666667;;;;
16542;;;;;;;;NMEA message parser not found for RMB.
16543;;;;;;;;Failed to parse: GGA.. Meters expected in GGA message.
16544;GSA;;;;;;;
16545;GSV;;;;;;;
16546;GSV;;;;;;;
16547;;;;;;;;NMEA message parser not found for GRM.
16548;RMC;12/26/2016 10:20:27 PM;49.2174020166667;16.6069736833333;;;;
16549;;;;;;;;NMEA message parser not found for RMB.
16550;;;;;;;;Failed to parse: GGA.. Meters expected in GGA message.
16551;GSA;;;;;;;
16552;GSV;;;;;;;
16553;GSV;;;;;;;
16554;;;;;;;;NMEA message parser not found for GRM.
16555;RMC;12/26/2016 10:20:28 PM;49.2174055166667;16.6069830666667;;;;
16556;;;;;;;;NMEA message parser not found for RMB.
16557;;;;;;;;Failed to parse: GGA.. Meters expected in GGA message.
16558;GSA;;;;;;;
16559;GSV;;;;;;;
16560;GSV;;;;;;;
16561;;;;;;;;NMEA message parser not found for GRM.
16562;RMC;12/26/2016 10:20:29 PM;49.2174090333333;16.6069924333333;;;;
16563;;;;;;;;NMEA message parser not found for RMB.
16564;;;;;;;;Failed to parse: GGA.. Meters expected in GGA message.
16565;GSA;;;;;;;
16566;GSV;;;;;;;
16567;GSV;;;;;;;
16568;;;;;;;;NMEA message parser not found for GRM.
16569;RMC;12/26/2016 10:20:30 PM;49.21741255;16.6070018;;;;
16570;;;;;;;;NMEA message parser not found for RMB.
16571;;;;;;;;Failed to parse: GGA.. Meters expected in GGA message.
16572;GSA;;;;;;;
16573;GSV;;;;;;;
16574;GSV;;;;;;;
16575;;;;;;;;NMEA message parser not found for GRM.
16576;RMC;12/26/2016 10:20:31 PM;49.2174160666667;16.6070111833333;;;;
16577;;;;;;;;NMEA message parser not found for RMB.
16578;;;;;;;;Failed to parse: GGA.. Meters expected in GGA message.
16579;GSA;;;;;;;
16580;GSV;;;;;;;
16581;GSV;;;;;;;
16582;;;;;;;;NMEA message parser not found for GRM.
16583;RMC;12/26/2016 10:20:32 PM;49.2174195833333;16.60702055;;;;
16584;;;;;;;;NMEA message parser not found for RMB.
16585;;;;;;;;Failed to parse: GGA.. Meters expected in GGA message.
16586;GSA;;;;;;;
16587;GSV;;;;;;;
16588;GSV;;;;;;;
16589;;;;;;;;NMEA message parser not found for GRM.
16590;RMC;12/26/2016 10:20:33 PM;49.2174231;16.6070299333333;;;;
16591;;;;;;;;NMEA message parser not found for RMB.
16592;;;;;;;;Failed to parse: GGA.. Meters expected in GGA message.
16593;GSA;;;;;;;
16594;GSV;;;;;;;
16595;GSV;;;;;;;
16596;;;;;;;;NMEA message parser not found for GRM.
16597;RMC;12/26/2016 10:20:34 PM;49.2174266166667;16.6070393;;;;
16598;;;;;;;;NMEA message parser not found for RMB.
16599;;;;;;;;Failed to parse: GGA.. Meters expected in GGA message.
16600;GSA;;;;;;;
16601;GSV;;;;;;;
16602;GSV;;;;;;;
16603;;;;;;;;NMEA message parser not found for GRM.
16604;RMC;12/26/2016 10:20:35 PM;49.2174301333333;16.6070486666667;;;;
16605;;;;;;;;NMEA message parser not found for RMB.
16606;;;;;;;;Failed to parse: GGA.. Meters expected in GGA message.
16607;GSA;;;;;;;
16608;GSV;;;;;;;
16609;GSV;;;;;;;
16610;;;;;;;;NMEA message parser not found for GRM.
16611;RMC;12/26/2016 10:20:36 PM;49.2174336333333;16.60705805;;;;
16612;;;;;;;;NMEA message parser not found for RMB.
16613;;;;;;;;Failed to parse: GGA.. Meters expected in GGA message.
16614;GSA;;;;;;;
16615;GSV;;;;;;;
16616;GSV;;;;;;;
16617;;;;;;;;NMEA message parser not found for GRM.
16618;RMC;12/26/2016 10:20:37 PM;49.21743715;16.6070674166667;;;;
16619;;;;;;;;NMEA message parser not found for RMB.
16620;;;;;;;;Failed to parse: GGA.. Meters expected in GGA message.
16621;GSA;;;;;;;
16622;GSV;;;;;;;
16623;GSV;;;;;;;
16624;;;;;;;;NMEA message parser not found for GRM.
16625;RMC;12/26/2016 10:20:38 PM;49.2174406666667;16.6070767833333;;;;
16626;;;;;;;;NMEA message parser not found for RMB.
16627;;;;;;;;Failed to parse: GGA.. Meters expected in GGA message.
16628;GSA;;;;;;;
16629;GSV;;;;;;;
16630;GSV;;;;;;;
16631;;;;;;;;NMEA message parser not found for GRM.
16632;RMC;12/26/2016 10:20:39 PM;49.2174441833333;16.6070861666667;;;;
16633;;;;;;;;NMEA message parser not found for RMB.
16634;;;;;;;;Failed to parse: GGA.. Meters expected in GGA message.
16635;GSA;;;;;;;
16636;GSV;;;;;;;
16637;GSV;;;;;;;
16638;;;;;;;;NMEA message parser not found for GRM.
16639;RMC;12/26/2016 10:20:40 PM;49.2174477;16.6070955333333;;;;
16640;;;;;;;;NMEA message parser not found for RMB.
16641;;;;;;;;Failed to parse: GGA.. Meters expected in GGA message.
16642;GSA;;;;;;;
16643;GSV;;;;;;;
16644;GSV;;;;;;;
16645;;;;;;;;NMEA message parser not found for GRM.
16646;RMC;12/26/2016 10:20:41 PM;49.2174512166667;16.6071049;;;;
16647;;;;;;;;NMEA message parser not found for RMB.
16648;;;;;;;;Failed to parse: GGA.. Meters expected in GGA message.
16649;GSA;;;;;;;
16650;GSV;;;;;;;
16651;GSV;;;;;;;
16652;;;;;;;;NMEA message parser not found for GRM.
16653;RMC;12/26/2016 10:20:42 PM;49.2174547333333;16.6071142833333;;;;
16654;;;;;;;;NMEA message parser not found for RMB.
16655;;;;;;;;Failed to parse: GGA.. Meters expected in GGA message.
16656;GSA;;;;;;;
16657;GSV;;;;;;;
16658;GSV;;;;;;;
16659;;;;;;;;NMEA message parser not found for GRM.
16660;RMC;12/26/2016 10:20:43 PM;49.21745825;16.60712365;;;;
16661;;;;;;;;NMEA message parser not found for RMB.
16662;;;;;;;;Failed to parse: GGA.. Meters expected in GGA message.
16663;GSA;;;;;;;
16664;GSV;;;;;;;
16665;GSV;;;;;;;
16666;;;;;;;;NMEA message parser not found for GRM.
16667;RMC;12/26/2016 10:20:44 PM;49.2174617666667;16.6071330333333;;;;
16668;;;;;;;;NMEA message parser not found for RMB.
16669;;;;;;;;Failed to parse: GGA.. Meters expected in GGA message.
16670;GSA;;;;;;;
16671;GSV;;;;;;;
16672;GSV;;;;;;;
16673;;;;;;;;NMEA message parser not found for GRM.
16674;RMC;12/26/2016 10:20:45 PM;49.2174652666667;16.6071424;;;;
16675;;;;;;;;NMEA message parser not found for RMB.
16676;;;;;;;;Failed to parse: GGA.. Meters expected in GGA message.
16677;GSA;;;;;;;
16678;GSV;;;;;;;
16679;GSV;;;;;;;
16680;;;;;;;;NMEA message parser not found for GRM.
16681;RMC;12/26/2016 10:20:46 PM;49.2174687833333;16.6071517666667;;;;
16682;;;;;;;;NMEA message parser not found for RMB.
16683;;;;;;;;Failed to parse: GGA.. Meters expected in GGA message.
16684;GSA;;;;;;;
16685;GSV;;;;;;;
16686;GSV;;;;;;;
16687;;;;;;;;NMEA message parser not found for GRM.
16688;RMC;12/26/2016 10:20:47 PM;49.2174723;16.60716115;;;;
16689;;;;;;;;NMEA message parser not found for RMB.
16690;;;;;;;;Failed to parse: GGA.. Meters expected in GGA message.
16691;GSA;;;;;;;
16692;GSV;;;;;;;
16693;GSV;;;;;;;
16694;;;;;;;;NMEA message parser not found for GRM.
16695;RMC;12/26/2016 10:20:48 PM;49.2174758166667;16.6071705166667;;;;
16696;;;;;;;;NMEA message parser not found for RMB.
16697;;;;;;;;Failed to parse: GGA.. Meters expected in GGA message.
16698;GSA;;;;;;;
16699;GSV;;;;;;;
16700;GSV;;;;;;;
16701;;;;;;;;NMEA message parser not found for GRM.
16702;RMC;12/26/2016 10:20:49 PM;49.2174793333333;16.6071798833333;;;;
16703;;;;;;;;NMEA message parser not found for RMB.
16704;;;;;;;;Failed to parse: GGA.. Meters expected in GGA message.
16705;GSA;;;;;;;
16706;GSV;;;;;;;
16707;GSV;;;;;;;
16708;;;;;;;;NMEA message parser not found for GRM.
16709;RMC;12/26/2016 10:20:50 PM;49.21748285;16.6071892666667;;;;
16710;;;;;;;;NMEA message parser not found for RMB.
16711;;;;;;;;Failed to parse: GGA.. Meters expected in GGA message.
16712;GSA;;;;;;;
16713;GSV;;;;;;;
16714;GSV;;;;;;;
16715;;;;;;;;NMEA message parser not found for GRM.
16716;RMC;12/26/2016 10:20:51 PM;49.2174863666667;16.6071986333333;;;;
16717;;;;;;;;NMEA message parser not found for RMB.
16718;;;;;;;;Failed to parse: GGA.. Meters expected in GGA message.
16719;GSA;;;;;;;
16720;GSV;;;;;;;
16721;GSV;;;;;;;
16722;;;;;;;;NMEA message parser not found for GRM.
16723;RMC;12/26/2016 10:20:52 PM;49.2174898833333;16.607208;;;;
16724;;;;;;;;NMEA message parser not found for RMB.
16725;;;;;;;;Failed to parse: GGA.. Meters expected in GGA message.
16726;GSA;;;;;;;
16727;GSV;;;;;;;
16728;GSV;;;;;;;
16729;;;;;;;;NMEA message parser not found for GRM.
16730;RMC;12/26/2016 10:20:53 PM;49.2174934;16.6072173833333;;;;
16731;;;;;;;;NMEA message parser not found for RMB.
16732;;;;;;;;Failed to parse: GGA.. Meters expected in GGA message.
16733;GSA;;;;;;;
16734;GSV;;;;;;;
16735;GSV;;;;;;;
16736;;;;;;;;NMEA message parser not found for GRM.
16737;RMC;12/26/2016 10:20:54 PM;49.21749185;16.607227;;;;
16738;;;;;;;;NMEA message parser not found for RMB.
16739;;;;;;;;Failed to parse: GGA.. Meters expected in GGA message.
16740;GSA;;;;;;;
16741;GSV;;;;;;;
16742;GSV;;;;;;;
16743;;;;;;;;NMEA message parser not found for GRM.
16744;RMC;12/26/2016 10:20:55 PM;49.2174892666667;16.6072366666667;;;;
16745;;;;;;;;NMEA message parser not found for RMB.
16746;;;;;;;;Failed to parse: GGA.. Meters expected in GGA message.
16747;GSA;;;;;;;
16748;GSV;;;;;;;
16749;GSV;;;;;;;
16750;;;;;;;;NMEA message parser not found for GRM.
16751;RMC;12/26/2016 10:20:56 PM;49.2174866666667;16.6072463333333;;;;
16752;;;;;;;;NMEA message parser not found for RMB.
16753;;;;;;;;Failed to parse: GGA.. Meters expected in GGA message.
16754;GSA;;;;;;;
16755;GSV;;;;;;;
16756;GSV;;;;;;;
16757;;;;;;;;NMEA message parser not found for GRM.
16758;RMC;12/26/2016 10:20:57 PM;49.2174840833333;16.607256;;;;
16759;;;;;;;;NMEA message parser not found for RMB.
16760;;;;;;;;Failed to parse: GGA.. Meters expected in GGA message.
16761;GSA;;;;;;;
16762;GSV;;;;;;;
16763;GSV;;;;;;;
16764;;;;;;;;NMEA message parser not found for GRM.
16765;RMC;12/26/2016 10:20:58 PM;49.2174814833333;16.6072656666667;;;;
16766;;;;;;;;NMEA message parser not found for RMB.
16767;;;;;;;;Failed to parse: GGA.. Meters expected in GGA message.
16768;GSA;;;;;;;
16769;GSV;;;;;;;
16770;GSV;;;;;;;
16771;;;;;;;;NMEA message parser not found for GRM.
16772;RMC;12/26/2016 10:20:59 PM;49.2174789;16.6072753333333;;;;
16773;;;;;;;;NMEA message parser not found for RMB.
16774;;;;;;;;Failed to parse: GGA.. Meters expected in GGA message.
16775;GSA;;;;;;;
16776;GSV;;;;;;;
16777;GSV;;;;;;;
16778;;;;;;;;NMEA message parser not found for GRM.
16779;RMC;12/26/2016 10:21:00 PM;49.2174763;16.6072850166667;;;;
16780;;;;;;;;NMEA message parser not found for RMB.
16781;;;;;;;;Failed to parse: GGA.. Meters expected in GGA message.
16782;GSA;;;;;;;
16783;GSV;;;;;;;
16784;GSV;;;;;;;
16785;;;;;;;;NMEA message parser not found for GRM.
16786;RMC;12/26/2016 10:21:01 PM;49.2174737166667;16.6072946833333;;;;
16787;;;;;;;;NMEA message parser not found for RMB.
16788;;;;;;;;Failed to parse: GGA.. Meters expected in GGA message.
16789;GSA;;;;;;;
16790;GSV;;;;;;;
16791;GSV;;;;;;;
16792;;;;;;;;NMEA message parser not found for GRM.
16793;RMC;12/26/2016 10:21:02 PM;49.2174711166667;16.60730435;;;;
16794;;;;;;;;NMEA message parser not found for RMB.
16795;;;;;;;;Failed to parse: GGA.. Meters expected in GGA message.
16796;GSA;;;;;;;
16797;GSV;;;;;;;
16798;GSV;;;;;;;
16799;;;;;;;;NMEA message parser not found for GRM.
16800;RMC;12/26/2016 10:21:03 PM;49.2174685333333;16.6073140166667;;;;
16801;;;;;;;;NMEA message parser not found for RMB.
16802;;;;;;;;Failed to parse: GGA.. Meters expected in GGA message.
16803;GSA;;;;;;;
16804;GSV;;;;;;;
16805;GSV;;;;;;;
16806;;;;;;;;NMEA message parser not found for GRM.
16807;RMC;12/26/2016 10:21:04 PM;49.2174659333333;16.6073236833333;;;;
16808;;;;;;;;NMEA message parser not found for RMB.
16809;;;;;;;;Failed to parse: GGA.. Meters expected in GGA message.
16810;GSA;;;;;;;
16811;GSV;;;;;;;
16812;GSV;;;;;;;
16813;;;;;;;;NMEA message parser not found for GRM.
16814;RMC;12/26/2016 10:21:05 PM;49.21746335;16.60733335;;;;
16815;;;;;;;;NMEA message parser not found for RMB.
16816;;;;;;;;Failed to parse: GGA.. Meters expected in GGA message.
16817;GSA;;;;;;;
16818;GSV;;;;;;;
16819;GSV;;;;;;;
16820;;;;;;;;NMEA message parser not found for GRM.
16821;RMC;12/26/2016 10:21:06 PM;49.21746075;16.6073430166667;;;;
16822;;;;;;;;NMEA message parser not found for RMB.
16823;;;;;;;;Failed to parse: GGA.. Meters expected in GGA message.
16824;GSA;;;;;;;
16825;GSV;;;;;;;
16826;GSV;;;;;;;
16827;;;;;;;;NMEA message parser not found for GRM.
16828;RMC;12/26/2016 10:21:07 PM;49.2174581666667;16.6073526833333;;;;
16829;;;;;;;;NMEA message parser not found for RMB.
16830;;;;;;;;Failed to parse: GGA.. Meters expected in GGA message.
16831;GSA;;;;;;;
16832;GSV;;;;;;;
16833;GSV;;;;;;;
16834;;;;;;;;NMEA message parser not found for GRM.
16835;RMC;12/26/2016 10:21:08 PM;49.2174555666667;16.6073623666667;;;;
16836;;;;;;;;NMEA message parser not found for RMB.
16837;;;;;;;;Failed to parse: GGA.. Meters expected in GGA message.
16838;GSA;;;;;;;
16839;GSV;;;;;;;
16840;GSV;;;;;;;
16841;;;;;;;;NMEA message parser not found for GRM.
16842;RMC;12/26/2016 10:21:09 PM;49.2174529833333;16.6073720333333;;;;
16843;;;;;;;;NMEA message parser not found for RMB.
16844;;;;;;;;Failed to parse: GGA.. Meters expected in GGA message.
16845;GSA;;;;;;;
16846;GSV;;;;;;;
16847;GSV;;;;;;;
16848;;;;;;;;NMEA message parser not found for GRM.
16849;RMC;12/26/2016 10:21:10 PM;49.2174503833333;16.6073817;;;;
16850;;;;;;;;NMEA message parser not found for RMB.
16851;;;;;;;;Failed to parse: GGA.. Meters expected in GGA message.
16852;GSA;;;;;;;
16853;GSV;;;;;;;
16854;GSV;;;;;;;
16855;;;;;;;;NMEA message parser not found for GRM.
16856;RMC;12/26/2016 10:21:11 PM;49.2174478;16.6073913666667;;;;
16857;;;;;;;;NMEA message parser not found for RMB.
16858;;;;;;;;Failed to parse: GGA.. Meters expected in GGA message.
16859;GSA;;;;;;;
16860;GSV;;;;;;;
16861;GSV;;;;;;;
16862;;;;;;;;NMEA message parser not found for GRM.
16863;RMC;12/26/2016 10:21:12 PM;49.2174452;16.6074010333333;;;;
16864;;;;;;;;NMEA message parser not found for RMB.
16865;;;;;;;;Failed to parse: GGA.. Meters expected in GGA message.
16866;GSA;;;;;;;
16867;GSV;;;;;;;
16868;GSV;;;;;;;
16869;;;;;;;;NMEA message parser not found for GRM.
16870;RMC;12/26/2016 10:21:13 PM;49.2174426166667;16.6074107;;;;
16871;;;;;;;;NMEA message parser not found for RMB.
16872;;;;;;;;Failed to parse: GGA.. Meters expected in GGA message.
16873;GSA;;;;;;;
16874;GSV;;;;;;;
16875;GSV;;;;;;;
16876;;;;;;;;NMEA message parser not found for GRM.
16877;RMC;12/26/2016 10:21:14 PM;49.2174416833333;16.6074206166667;;;;
16878;;;;;;;;NMEA message parser not found for RMB.
16879;;;;;;;;Failed to parse: GGA.. Meters expected in GGA message.
16880;GSA;;;;;;;
16881;GSV;;;;;;;
16882;GSV;;;;;;;
16883;;;;;;;;NMEA message parser not found for GRM.
16884;RMC;12/26/2016 10:21:15 PM;49.21744125;16.6074306333333;;;;
16885;;;;;;;;NMEA message parser not found for RMB.
16886;;;;;;;;Failed to parse: GGA.. Meters expected in GGA message.
16887;GSA;;;;;;;
16888;GSV;;;;;;;
16889;GSV;;;;;;;
16890;;;;;;;;NMEA message parser not found for GRM.
16891;RMC;12/26/2016 10:21:16 PM;49.2174408333333;16.6074406333333;;;;
16892;;;;;;;;NMEA message parser not found for RMB.
16893;;;;;;;;Failed to parse: GGA.. Meters expected in GGA message.
16894;GSA;;;;;;;
16895;GSV;;;;;;;
16896;GSV;;;;;;;
16897;;;;;;;;NMEA message parser not found for GRM.
16898;RMC;12/26/2016 10:21:17 PM;49.2174404166667;16.6074506333333;;;;
16899;;;;;;;;NMEA message parser not found for RMB.
16900;;;;;;;;Failed to parse: GGA.. Meters expected in GGA message.
16901;GSA;;;;;;;
16902;GSV;;;;;;;
16903;GSV;;;;;;;
16904;;;;;;;;NMEA message parser not found for GRM.
16905;RMC;12/26/2016 10:21:18 PM;49.2174399833333;16.6074606333333;;;;
16906;;;;;;;;NMEA message parser not found for RMB.
16907;;;;;;;;Failed to parse: GGA.. Meters expected in GGA message.
16908;GSA;;;;;;;
16909;GSV;;;;;;;
16910;GSV;;;;;;;
16911;;;;;;;;NMEA message parser not found for GRM.
16912;RMC;12/26/2016 10:21:19 PM;49.2174395666667;16.6074706333333;;;;
16913;;;;;;;;NMEA message parser not found for RMB.
16914;;;;;;;;Failed to parse: GGA.. Meters expected in GGA message.
16915;GSA;;;;;;;
16916;GSV;;;;;;;
16917;GSV;;;;;;;
16918;;;;;;;;NMEA message parser not found for GRM.
16919;RMC;12/26/2016 10:21:20 PM;49.21743915;16.6074806333333;;;;
16920;;;;;;;;NMEA message parser not found for RMB.
16921;;;;;;;;Failed to parse: GGA.. Meters expected in GGA message.
16922;GSA;;;;;;;
16923;GSV;;;;;;;
16924;GSV;;;;;;;
16925;;;;;;;;NMEA message parser not found for GRM.
16926;RMC;12/26/2016 10:21:21 PM;49.2174387166667;16.6074906333333;;;;
16927;;;;;;;;NMEA message parser not found for RMB.
16928;;;;;;;;Failed to parse: GGA.. Meters expected in GGA message.
16929;GSA;;;;;;;
16930;GSV;;;;;;;
16931;GSV;;;;;;;
16932;;;;;;;;NMEA message parser not found for GRM.
16933;RMC;12/26/2016 10:21:22 PM;49.2174383;16.6075006333333;;;;
16934;;;;;;;;NMEA message parser not found for RMB.
16935;;;;;;;;Failed to parse: GGA.. Meters expected in GGA message.
16936;GSA;;;;;;;
16937;GSV;;;;;;;
16938;GSV;;;;;;;
16939;;;;;;;;NMEA message parser not found for GRM.
16940;RMC;12/26/2016 10:21:23 PM;49.2174378666667;16.6075106333333;;;;
16941;;;;;;;;NMEA message parser not found for RMB.
16942;;;;;;;;Failed to parse: GGA.. Meters expected in GGA message.
16943;GSA;;;;;;;
16944;GSV;;;;;;;
16945;GSV;;;;;;;
16946;;;;;;;;NMEA message parser not found for GRM.
16947;RMC;12/26/2016 10:21:24 PM;49.21743745;16.6075206333333;;;;
16948;;;;;;;;NMEA message parser not found for RMB.
16949;;;;;;;;Failed to parse: GGA.. Meters expected in GGA message.
16950;GSA;;;;;;;
16951;GSV;;;;;;;
16952;GSV;;;;;;;
16953;;;;;;;;NMEA message parser not found for GRM.
16954;RMC;12/26/2016 10:21:25 PM;49.2174370333333;16.6075306333333;;;;
16955;;;;;;;;NMEA message parser not found for RMB.
16956;;;;;;;;Failed to parse: GGA.. Meters expected in GGA message.
16957;GSA;;;;;;;
16958;GSV;;;;;;;
16959;GSV;;;;;;;
16960;;;;;;;;NMEA message parser not found for GRM.
16961;RMC;12/26/2016 10:21:26 PM;49.2174366;16.6075406333333;;;;
16962;;;;;;;;NMEA message parser not found for RMB.
16963;;;;;;;;Failed to parse: GGA.. Meters expected in GGA message.
16964;GSA;;;;;;;
16965;GSV;;;;;;;
16966;GSV;;;;;;;
16967;;;;;;;;NMEA message parser not found for GRM.
16968;RMC;12/26/2016 10:21:27 PM;49.2174361833333;16.6075506333333;;;;
16969;;;;;;;;NMEA message parser not found for RMB.
16970;;;;;;;;Failed to parse: GGA.. Meters expected in GGA message.
16971;GSA;;;;;;;
16972;GSV;;;;;;;
16973;GSV;;;;;;;
16974;;;;;;;;NMEA message parser not found for GRM.
16975;RMC;12/26/2016 10:21:28 PM;49.2174357666667;16.6075606333333;;;;
16976;;;;;;;;NMEA message parser not found for RMB.
16977;;;;;;;;Failed to parse: GGA.. Meters expected in GGA message.
16978;GSA;;;;;;;
16979;GSV;;;;;;;
16980;GSV;;;;;;;
16981;;;;;;;;NMEA message parser not found for GRM.
16982;RMC;12/26/2016 10:21:29 PM;49.2174353333333;16.6075706333333;;;;
16983;;;;;;;;NMEA message parser not found for RMB.
16984;;;;;;;;Failed to parse: GGA.. Meters expected in GGA message.
16985;GSA;;;;;;;
16986;GSV;;;;;;;
16987;GSV;;;;;;;
16988;;;;;;;;NMEA message parser not found for GRM.
16989;RMC;12/26/2016 10:21:30 PM;49.2174349166667;16.6075806333333;;;;
16990;;;;;;;;NMEA message parser not found for RMB.
16991;;;;;;;;Failed to parse: GGA.. Meters expected in GGA message.
16992;GSA;;;;;;;
16993;GSV;;;;;;;
16994;GSV;;;;;;;
16995;;;;;;;;NMEA message parser not found for GRM.
16996;RMC;12/26/2016 10:21:31 PM;49.2174345;16.60759065;;;;
16997;;;;;;;;NMEA message parser not found for RMB.
16998;;;;;;;;Failed to parse: GGA.. Meters expected in GGA message.
16999;GSA;;;;;;;
17000;GSV;;;;;;;
17001;GSV;;;;;;;
17002;;;;;;;;NMEA message parser not found for GRM.
17003;RMC;12/26/2016 10:21:32 PM;49.2174340666667;16.60760065;;;;
17004;;;;;;;;NMEA message parser not found for RMB.
17005;;;;;;;;Failed to parse: GGA.. Meters expected in GGA message.
17006;GSA;;;;;;;
17007;GSV;;;;;;;
17008;GSV;;;;;;;
17009;;;;;;;;NMEA message parser not found for GRM.
17010;RMC;12/26/2016 10:21:33 PM;49.21743365;16.60761065;;;;
17011;;;;;;;;NMEA message parser not found for RMB.
17012;;;;;;;;Failed to parse: GGA.. Meters expected in GGA message.
17013;GSA;;;;;;;
17014;GSV;;;;;;;
17015;GSV;;;;;;;
17016;;;;;;;;NMEA message parser not found for GRM.
17017;RMC;12/26/2016 10:21:34 PM;49.2174332333333;16.60762065;;;;
17018;;;;;;;;NMEA message parser not found for RMB.
17019;;;;;;;;Failed to parse: GGA.. Meters expected in GGA message.
17020;GSA;;;;;;;
17021;GSV;;;;;;;
17022;GSV;;;;;;;
17023;;;;;;;;NMEA message parser not found for GRM.
17024;RMC;12/26/2016 10:21:35 PM;49.2174328;16.60763065;;;;
17025;;;;;;;;NMEA message parser not found for RMB.
17026;;;;;;;;Failed to parse: GGA.. Meters expected in GGA message.
17027;GSA;;;;;;;
17028;GSV;;;;;;;
17029;GSV;;;;;;;
17030;;;;;;;;NMEA message parser not found for GRM.
17031;RMC;12/26/2016 10:21:36 PM;49.2174323833333;16.60764065;;;;
17032;;;;;;;;NMEA message parser not found for RMB.
17033;;;;;;;;Failed to parse: GGA.. Meters expected in GGA message.
17034;GSA;;;;;;;
17035;GSV;;;;;;;
17036;GSV;;;;;;;
17037;;;;;;;;NMEA message parser not found for GRM.
17038;RMC;12/26/2016 10:21:37 PM;49.2174319666667;16.60765065;;;;
17039;;;;;;;;NMEA message parser not found for RMB.
17040;;;;;;;;Failed to parse: GGA.. Meters expected in GGA message.
17041;GSA;;;;;;;
17042;GSV;;;;;;;
17043;GSV;;;;;;;
17044;;;;;;;;NMEA message parser not found for GRM.
17045;RMC;12/26/2016 10:21:38 PM;49.2174315333333;16.60766065;;;;
17046;;;;;;;;NMEA message parser not found for RMB.
17047;;;;;;;;Failed to parse: GGA.. Meters expected in GGA message.
17048;GSA;;;;;;;
17049;GSV;;;;;;;
17050;GSV;;;;;;;
17051;;;;;;;;NMEA message parser not found for GRM.
17052;RMC;12/26/2016 10:21:39 PM;49.2174311166667;16.60767065;;;;
17053;;;;;;;;NMEA message parser not found for RMB.
17054;;;;;;;;Failed to parse: GGA.. Meters expected in GGA message.
17055;GSA;;;;;;;
17056;GSV;;;;;;;
17057;GSV;;;;;;;
17058;;;;;;;;NMEA message parser not found for GRM.
17059;RMC;12/26/2016 10:21:40 PM;49.2174306833333;16.60768065;;;;
17060;;;;;;;;NMEA message parser not found for RMB.
17061;;;;;;;;Failed to parse: GGA.. Meters expected in GGA message.
17062;GSA;;;;;;;
17063;GSV;;;;;;;
17064;GSV;;;;;;;
17065;;;;;;;;NMEA message parser not found for GRM.
17066;RMC;12/26/2016 10:21:41 PM;49.2174302666667;16.60769065;;;;
17067;;;;;;;;NMEA message parser not found for RMB.
17068;;;;;;;;Failed to parse: GGA.. Meters expected in GGA message.
17069;GSA;;;;;;;
17070;GSV;;;;;;;
17071;GSV;;;;;;;
17072;;;;;;;;NMEA message parser not found for GRM.
17073;RMC;12/26/2016 10:21:42 PM;49.21742985;16.60770065;;;;
17074;;;;;;;;NMEA message parser not found for RMB.
17075;;;;;;;;Failed to parse: GGA.. Meters expected in GGA message.
17076;GSA;;;;;;;
17077;GSV;;;;;;;
17078;GSV;;;;;;;
17079;;;;;;;;NMEA message parser not found for GRM.
17080;RMC;12/26/2016 10:21:43 PM;49.2174294166667;16.60771065;;;;
17081;;;;;;;;NMEA message parser not found for RMB.
17082;;;;;;;;Failed to parse: GGA.. Meters expected in GGA message.
17083;GSA;;;;;;;
17084;GSV;;;;;;;
17085;GSV;;;;;;;
17086;;;;;;;;NMEA message parser not found for GRM.
17087;RMC;12/26/2016 10:21:44 PM;49.217429;16.60772065;;;;
17088;;;;;;;;NMEA message parser not found for RMB.
17089;;;;;;;;Failed to parse: GGA.. Meters expected in GGA message.
17090;GSA;;;;;;;
17091;GSV;;;;;;;
17092;GSV;;;;;;;
17093;;;;;;;;NMEA message parser not found for GRM.
17094;RMC;12/26/2016 10:21:45 PM;49.2174285833333;16.60773065;;;;
17095;;;;;;;;NMEA message parser not found for RMB.
17096;;;;;;;;Failed to parse: GGA.. Meters expected in GGA message.
17097;GSA;;;;;;;
17098;GSV;;;;;;;
17099;GSV;;;;;;;
17100;;;;;;;;NMEA message parser not found for GRM.
17101;RMC;12/26/2016 10:21:46 PM;49.21742815;16.6077406666667;;;;
17102;;;;;;;;NMEA message parser not found for RMB.
17103;;;;;;;;Failed to parse: GGA.. Meters expected in GGA message.
17104;GSA;;;;;;;
17105;GSV;;;;;;;
17106;GSV;;;;;;;
17107;;;;;;;;NMEA message parser not found for GRM.
17108;RMC;12/26/2016 10:21:47 PM;49.2174277333333;16.6077506666667;;;;
17109;;;;;;;;NMEA message parser not found for RMB.
17110;;;;;;;;Failed to parse: GGA.. Meters expected in GGA message.
17111;GSA;;;;;;;
17112;GSV;;;;;;;
17113;GSV;;;;;;;
17114;;;;;;;;NMEA message parser not found for GRM.
17115;RMC;12/26/2016 10:21:48 PM;49.2174273166667;16.6077606666667;;;;
17116;;;;;;;;NMEA message parser not found for RMB.
17117;;;;;;;;Failed to parse: GGA.. Meters expected in GGA message.
17118;GSA;;;;;;;
17119;GSV;;;;;;;
17120;GSV;;;;;;;
17121;;;;;;;;NMEA message parser not found for GRM.
17122;RMC;12/26/2016 10:21:49 PM;49.2174268833333;16.6077706666667;;;;
17123;;;;;;;;NMEA message parser not found for RMB.
17124;;;;;;;;Failed to parse: GGA.. Meters expected in GGA message.
17125;GSA;;;;;;;
17126;GSV;;;;;;;
17127;GSV;;;;;;;
17128;;;;;;;;NMEA message parser not found for GRM.
17129;RMC;12/26/2016 10:21:50 PM;49.2174264666667;16.6077806666667;;;;
17130;;;;;;;;NMEA message parser not found for RMB.
17131;;;;;;;;Failed to parse: GGA.. Meters expected in GGA message.
17132;GSA;;;;;;;
17133;GSV;;;;;;;
17134;GSV;;;;;;;
17135;;;;;;;;NMEA message parser not found for GRM.
17136;RMC;12/26/2016 10:21:51 PM;49.21742605;16.6077906666667;;;;
17137;;;;;;;;NMEA message parser not found for RMB.
17138;;;;;;;;Failed to parse: GGA.. Meters expected in GGA message.
17139;GSA;;;;;;;
17140;GSV;;;;;;;
17141;GSV;;;;;;;
17142;;;;;;;;NMEA message parser not found for GRM.
17143;RMC;12/26/2016 10:21:52 PM;49.2174256166667;16.6078006666667;;;;
17144;;;;;;;;NMEA message parser not found for RMB.
17145;;;;;;;;Failed to parse: GGA.. Meters expected in GGA message.
17146;GSA;;;;;;;
17147;GSV;;;;;;;
17148;GSV;;;;;;;
17149;;;;;;;;NMEA message parser not found for GRM.
17150;RMC;12/26/2016 10:21:53 PM;49.2174252;16.6078106666667;;;;
17151;;;;;;;;NMEA message parser not found for RMB.
17152;;;;;;;;Failed to parse: GGA.. Meters expected in GGA message.
17153;GSA;;;;;;;
17154;GSV;;;;;;;
17155;GSV;;;;;;;
17156;;;;;;;;NMEA message parser not found for GRM.
17157;RMC;12/26/2016 10:21:54 PM;49.2174247666667;16.6078206666667;;;;
17158;;;;;;;;NMEA message parser not found for RMB.
17159;;;;;;;;Failed to parse: GGA.. Meters expected in GGA message.
17160;GSA;;;;;;;
17161;GSV;;;;;;;
17162;GSV;;;;;;;
17163;;;;;;;;NMEA message parser not found for GRM.
17164;RMC;12/26/2016 10:21:55 PM;49.21742435;16.6078306666667;;;;
17165;;;;;;;;NMEA message parser not found for RMB.
17166;;;;;;;;Failed to parse: GGA.. Meters expected in GGA message.
17167;GSA;;;;;;;
17168;GSV;;;;;;;
17169;GSV;;;;;;;
17170;;;;;;;;NMEA message parser not found for GRM.
17171;RMC;12/26/2016 10:21:56 PM;49.2174223833333;16.6078394333333;;;;
17172;;;;;;;;NMEA message parser not found for RMB.
17173;;;;;;;;Failed to parse: GGA.. Meters expected in GGA message.
17174;GSA;;;;;;;
17175;GSV;;;;;;;
17176;GSV;;;;;;;
17177;;;;;;;;NMEA message parser not found for GRM.
17178;RMC;12/26/2016 10:21:57 PM;49.2174127333333;16.6078420833333;;;;
17179;;;;;;;;NMEA message parser not found for RMB.
17180;;;;;;;;Failed to parse: GGA.. Meters expected in GGA message.
17181;GSA;;;;;;;
17182;GSV;;;;;;;
17183;GSV;;;;;;;
17184;;;;;;;;NMEA message parser not found for GRM.
17185;RMC;12/26/2016 10:21:58 PM;49.2174030833333;16.6078447166667;;;;
17186;;;;;;;;NMEA message parser not found for RMB.
17187;;;;;;;;Failed to parse: GGA.. Meters expected in GGA message.
17188;GSA;;;;;;;
17189;GSV;;;;;;;
17190;GSV;;;;;;;
17191;;;;;;;;NMEA message parser not found for GRM.
17192;RMC;12/26/2016 10:21:59 PM;49.2173934166667;16.60784735;;;;
17193;;;;;;;;NMEA message parser not found for RMB.
17194;;;;;;;;Failed to parse: GGA.. Meters expected in GGA message.
17195;GSA;;;;;;;
17196;GSV;;;;;;;
17197;GSV;;;;;;;
17198;;;;;;;;NMEA message parser not found for GRM.
17199;RMC;12/26/2016 10:22:00 PM;49.2173837666667;16.6078499833333;;;;
17200;;;;;;;;NMEA message parser not found for RMB.
17201;;;;;;;;Failed to parse: GGA.. Meters expected in GGA message.
17202;GSA;;;;;;;
17203;GSV;;;;;;;
17204;GSV;;;;;;;
17205;;;;;;;;NMEA message parser not found for GRM.
17206;RMC;12/26/2016 10:22:01 PM;49.2173741;16.6078526333333;;;;
17207;;;;;;;;NMEA message parser not found for RMB.
17208;;;;;;;;Failed to parse: GGA.. Meters expected in GGA message.
17209;GSA;;;;;;;
17210;GSV;;;;;;;
17211;GSV;;;;;;;
17212;;;;;;;;NMEA message parser not found for GRM.
17213;RMC;12/26/2016 10:22:02 PM;49.21736445;16.6078552666667;;;;
17214;;;;;;;;NMEA message parser not found for RMB.
17215;;;;;;;;Failed to parse: GGA.. Meters expected in GGA message.
17216;GSA;;;;;;;
17217;GSV;;;;;;;
17218;GSV;;;;;;;
17219;;;;;;;;NMEA message parser not found for GRM.
17220;RMC;12/26/2016 10:22:03 PM;49.2173548;16.6078579;;;;
17221;;;;;;;;NMEA message parser not found for RMB.
17222;;;;;;;;Failed to parse: GGA.. Meters expected in GGA message.
17223;GSA;;;;;;;
17224;GSV;;;;;;;
17225;GSV;;;;;;;
17226;;;;;;;;NMEA message parser not found for GRM.
17227;RMC;12/26/2016 10:22:04 PM;49.2173451333333;16.60786055;;;;
17228;;;;;;;;NMEA message parser not found for RMB.
17229;;;;;;;;Failed to parse: GGA.. Meters expected in GGA message.
17230;GSA;;;;;;;
17231;GSV;;;;;;;
17232;GSV;;;;;;;
17233;;;;;;;;NMEA message parser not found for GRM.
17234;RMC;12/26/2016 10:22:05 PM;49.2173354833333;16.6078631833333;;;;
17235;;;;;;;;NMEA message parser not found for RMB.
17236;;;;;;;;Failed to parse: GGA.. Meters expected in GGA message.
17237;GSA;;;;;;;
17238;GSV;;;;;;;
17239;GSV;;;;;;;
17240;;;;;;;;NMEA message parser not found for GRM.
17241;RMC;12/26/2016 10:22:06 PM;49.2173258333333;16.6078658166667;;;;
17242;;;;;;;;NMEA message parser not found for RMB.
17243;;;;;;;;Failed to parse: GGA.. Meters expected in GGA message.
17244;GSA;;;;;;;
17245;GSV;;;;;;;
17246;GSV;;;;;;;
17247;;;;;;;;NMEA message parser not found for GRM.
17248;RMC;12/26/2016 10:22:07 PM;49.2173161666667;16.60786845;;;;
17249;;;;;;;;NMEA message parser not found for RMB.
17250;;;;;;;;Failed to parse: GGA.. Meters expected in GGA message.
17251;GSA;;;;;;;
17252;GSV;;;;;;;
17253;GSV;;;;;;;
17254;;;;;;;;NMEA message parser not found for GRM.
17255;RMC;12/26/2016 10:22:08 PM;49.2173065166667;16.6078711;;;;
17256;;;;;;;;NMEA message parser not found for RMB.
17257;;;;;;;;Failed to parse: GGA.. Meters expected in GGA message.
17258;GSA;;;;;;;
17259;GSV;;;;;;;
17260;GSV;;;;;;;
17261;;;;;;;;NMEA message parser not found for GRM.
17262;RMC;12/26/2016 10:22:09 PM;49.21729685;16.6078737333333;;;;
17263;;;;;;;;NMEA message parser not found for RMB.
17264;;;;;;;;Failed to parse: GGA.. Meters expected in GGA message.
17265;GSA;;;;;;;
17266;GSV;;;;;;;
17267;GSV;;;;;;;
17268;;;;;;;;NMEA message parser not found for GRM.
17269;RMC;12/26/2016 10:22:10 PM;49.2172872;16.6078763666667;;;;
17270;;;;;;;;NMEA message parser not found for RMB.
17271;;;;;;;;Failed to parse: GGA.. Meters expected in GGA message.
17272;GSA;;;;;;;
17273;GSV;;;;;;;
17274;GSV;;;;;;;
17275;;;;;;;;NMEA message parser not found for GRM.
17276;RMC;12/26/2016 10:22:11 PM;49.21727755;16.607879;;;;
17277;;;;;;;;NMEA message parser not found for RMB.
17278;;;;;;;;Failed to parse: GGA.. Meters expected in GGA message.
17279;GSA;;;;;;;
17280;GSV;;;;;;;
17281;GSV;;;;;;;
17282;;;;;;;;NMEA message parser not found for GRM.
17283;RMC;12/26/2016 10:22:12 PM;49.2172678833333;16.60788165;;;;
17284;;;;;;;;NMEA message parser not found for RMB.
17285;;;;;;;;Failed to parse: GGA.. Meters expected in GGA message.
17286;GSA;;;;;;;
17287;GSV;;;;;;;
17288;GSV;;;;;;;
17289;;;;;;;;NMEA message parser not found for GRM.
17290;RMC;12/26/2016 10:22:13 PM;49.2172582333333;16.6078842833333;;;;
17291;;;;;;;;NMEA message parser not found for RMB.
17292;;;;;;;;Failed to parse: GGA.. Meters expected in GGA message.
17293;GSA;;;;;;;
17294;GSV;;;;;;;
17295;GSV;;;;;;;
17296;;;;;;;;NMEA message parser not found for GRM.
17297;RMC;12/26/2016 10:22:14 PM;49.2172485833333;16.6078869166667;;;;
17298;;;;;;;;NMEA message parser not found for RMB.
17299;;;;;;;;Failed to parse: GGA.. Meters expected in GGA message.
17300;GSA;;;;;;;
17301;GSV;;;;;;;
17302;GSV;;;;;;;
17303;;;;;;;;NMEA message parser not found for GRM.
17304;RMC;12/26/2016 10:22:15 PM;49.2172389166667;16.6078895666667;;;;
17305;;;;;;;;NMEA message parser not found for RMB.
17306;;;;;;;;Failed to parse: GGA.. Meters expected in GGA message.
17307;GSA;;;;;;;
17308;GSV;;;;;;;
17309;GSV;;;;;;;
17310;;;;;;;;NMEA message parser not found for GRM.
17311;RMC;12/26/2016 10:22:16 PM;49.2172292666667;16.6078922;;;;
17312;;;;;;;;NMEA message parser not found for RMB.
17313;;;;;;;;Failed to parse: GGA.. Meters expected in GGA message.
17314;GSA;;;;;;;
17315;GSV;;;;;;;
17316;GSV;;;;;;;
17317;;;;;;;;NMEA message parser not found for GRM.
17318;RMC;12/26/2016 10:22:17 PM;49.2172196;16.6078948333333;;;;
17319;;;;;;;;NMEA message parser not found for RMB.
17320;;;;;;;;Failed to parse: GGA.. Meters expected in GGA message.
17321;GSA;;;;;;;
17322;GSV;;;;;;;
17323;GSV;;;;;;;
17324;;;;;;;;NMEA message parser not found for GRM.
17325;RMC;12/26/2016 10:22:18 PM;49.2172273666667;16.60789075;;;;
17326;;;;;;;;NMEA message parser not found for RMB.
17327;;;;;;;;Failed to parse: GGA.. Meters expected in GGA message.
17328;GSA;;;;;;;
17329;GSV;;;;;;;
17330;GSV;;;;;;;
17331;;;;;;;;NMEA message parser not found for GRM.
17332;RMC;12/26/2016 10:22:19 PM;49.2172362833333;16.6078862166667;;;;
17333;;;;;;;;NMEA message parser not found for RMB.
17334;;;;;;;;Failed to parse: GGA.. Meters expected in GGA message.
17335;GSA;;;;;;;
17336;GSV;;;;;;;
17337;GSV;;;;;;;
17338;;;;;;;;NMEA message parser not found for GRM.
17339;RMC;12/26/2016 10:22:20 PM;49.2172452166667;16.6078816833333;;;;
17340;;;;;;;;NMEA message parser not found for RMB.
17341;;;;;;;;Failed to parse: GGA.. Meters expected in GGA message.
17342;GSA;;;;;;;
17343;GSV;;;;;;;
17344;GSV;;;;;;;
17345;;;;;;;;NMEA message parser not found for GRM.
17346;RMC;12/26/2016 10:22:21 PM;49.2172541333333;16.60787715;;;;
17347;;;;;;;;NMEA message parser not found for RMB.
17348;;;;;;;;Failed to parse: GGA.. Meters expected in GGA message.
17349;GSA;;;;;;;
17350;GSV;;;;;;;
17351;GSV;;;;;;;
17352;;;;;;;;NMEA message parser not found for GRM.
17353;RMC;12/26/2016 10:22:22 PM;49.2172630666667;16.6078726166667;;;;
17354;;;;;;;;NMEA message parser not found for RMB.
17355;;;;;;;;Failed to parse: GGA.. Meters expected in GGA message.
17356;GSA;;;;;;;
17357;GSV;;;;;;;
17358;GSV;;;;;;;
17359;;;;;;;;NMEA message parser not found for GRM.
17360;RMC;12/26/2016 10:22:23 PM;49.2172719833333;16.6078680833333;;;;
17361;;;;;;;;NMEA message parser not found for RMB.
17362;;;;;;;;Failed to parse: GGA.. Meters expected in GGA message.
17363;GSA;;;;;;;
17364;GSV;;;;;;;
17365;GSV;;;;;;;
17366;;;;;;;;NMEA message parser not found for GRM.
17367;RMC;12/26/2016 10:22:24 PM;49.2172809166667;16.60786355;;;;
17368;;;;;;;;NMEA message parser not found for RMB.
17369;;;;;;;;Failed to parse: GGA.. Meters expected in GGA message.
17370;GSA;;;;;;;
17371;GSV;;;;;;;
17372;GSV;;;;;;;
17373;;;;;;;;NMEA message parser not found for GRM.
17374;RMC;12/26/2016 10:22:25 PM;49.2172898333333;16.6078590166667;;;;
17375;;;;;;;;NMEA message parser not found for RMB.
17376;;;;;;;;Failed to parse: GGA.. Meters expected in GGA message.
17377;GSA;;;;;;;
17378;GSV;;;;;;;
17379;GSV;;;;;;;
17380;;;;;;;;NMEA message parser not found for GRM.
17381;RMC;12/26/2016 10:22:26 PM;49.2172987666667;16.6078544833333;;;;
17382;;;;;;;;NMEA message parser not found for RMB.
17383;;;;;;;;Failed to parse: GGA.. Meters expected in GGA message.
17384;GSA;;;;;;;
17385;GSV;;;;;;;
17386;GSV;;;;;;;
17387;;;;;;;;NMEA message parser not found for GRM.
17388;RMC;12/26/2016 10:22:27 PM;49.2173076833333;16.60784995;;;;
17389;;;;;;;;NMEA message parser not found for RMB.
17390;;;;;;;;Failed to parse: GGA.. Meters expected in GGA message.
17391;GSA;;;;;;;
17392;GSV;;;;;;;
17393;GSV;;;;;;;
17394;;;;;;;;NMEA message parser not found for GRM.
17395;RMC;12/26/2016 10:22:28 PM;49.2173166166667;16.6078454166667;;;;
17396;;;;;;;;NMEA message parser not found for RMB.
17397;;;;;;;;Failed to parse: GGA.. Meters expected in GGA message.
17398;GSA;;;;;;;
17399;GSV;;;;;;;
17400;GSV;;;;;;;
17401;;;;;;;;NMEA message parser not found for GRM.
17402;RMC;12/26/2016 10:22:29 PM;49.2173255333333;16.6078408833333;;;;
17403;;;;;;;;NMEA message parser not found for RMB.
17404;;;;;;;;Failed to parse: GGA.. Meters expected in GGA message.
17405;GSA;;;;;;;
17406;GSV;;;;;;;
17407;GSV;;;;;;;
17408;;;;;;;;NMEA message parser not found for GRM.
17409;RMC;12/26/2016 10:22:30 PM;49.2173344666667;16.60783635;;;;
17410;;;;;;;;NMEA message parser not found for RMB.
17411;;;;;;;;Failed to parse: GGA.. Meters expected in GGA message.
17412;GSA;;;;;;;
17413;GSV;;;;;;;
17414;GSV;;;;;;;
17415;;;;;;;;NMEA message parser not found for GRM.
17416;RMC;12/26/2016 10:22:31 PM;49.2173433833333;16.6078318166667;;;;
17417;;;;;;;;NMEA message parser not found for RMB.
17418;;;;;;;;Failed to parse: GGA.. Meters expected in GGA message.
17419;GSA;;;;;;;
17420;GSV;;;;;;;
17421;GSV;;;;;;;
17422;;;;;;;;NMEA message parser not found for GRM.
17423;RMC;12/26/2016 10:22:32 PM;49.2173510333333;16.60782545;;;;
17424;;;;;;;;NMEA message parser not found for RMB.
17425;;;;;;;;Failed to parse: GGA.. Meters expected in GGA message.
17426;GSA;;;;;;;
17427;GSV;;;;;;;
17428;GSV;;;;;;;
17429;;;;;;;;NMEA message parser not found for GRM.
17430;RMC;12/26/2016 10:22:33 PM;49.2173583833333;16.6078186666667;;;;
17431;;;;;;;;NMEA message parser not found for RMB.
17432;;;;;;;;Failed to parse: GGA.. Meters expected in GGA message.
17433;GSA;;;;;;;
17434;GSV;;;;;;;
17435;GSV;;;;;;;
17436;;;;;;;;NMEA message parser not found for GRM.
17437;RMC;12/26/2016 10:22:34 PM;49.21736575;16.6078118833333;;;;
17438;;;;;;;;NMEA message parser not found for RMB.
17439;;;;;;;;Failed to parse: GGA.. Meters expected in GGA message.
17440;GSA;;;;;;;
17441;GSV;;;;;;;
17442;GSV;;;;;;;
17443;;;;;;;;NMEA message parser not found for GRM.
17444;RMC;12/26/2016 10:22:35 PM;49.2173731166667;16.6078051;;;;
17445;;;;;;;;NMEA message parser not found for RMB.
17446;;;;;;;;Failed to parse: GGA.. Meters expected in GGA message.
17447;GSA;;;;;;;
17448;GSV;;;;;;;
17449;GSV;;;;;;;
17450;;;;;;;;NMEA message parser not found for GRM.
17451;RMC;12/26/2016 10:22:36 PM;49.2173804666667;16.6077983166667;;;;
17452;;;;;;;;NMEA message parser not found for RMB.
17453;;;;;;;;Failed to parse: GGA.. Meters expected in GGA message.
17454;GSA;;;;;;;
17455;GSV;;;;;;;
17456;GSV;;;;;;;
17457;;;;;;;;NMEA message parser not found for GRM.
17458;RMC;12/26/2016 10:22:37 PM;49.2173878333333;16.6077915333333;;;;
17459;;;;;;;;NMEA message parser not found for RMB.
17460;;;;;;;;Failed to parse: GGA.. Meters expected in GGA message.
17461;GSA;;;;;;;
17462;GSV;;;;;;;
17463;GSV;;;;;;;
17464;;;;;;;;NMEA message parser not found for GRM.
17465;RMC;12/26/2016 10:22:38 PM;49.2173952;16.60778475;;;;
17466;;;;;;;;NMEA message parser not found for RMB.
17467;;;;;;;;Failed to parse: GGA.. Meters expected in GGA message.
17468;GSA;;;;;;;
17469;GSV;;;;;;;
17470;GSV;;;;;;;
17471;;;;;;;;NMEA message parser not found for GRM.
17472;RMC;12/26/2016 10:22:39 PM;49.2174025666667;16.6077779666667;;;;
17473;;;;;;;;NMEA message parser not found for RMB.
17474;;;;;;;;Failed to parse: GGA.. Meters expected in GGA message.
17475;GSA;;;;;;;
17476;GSV;;;;;;;
17477;GSV;;;;;;;
17478;;;;;;;;NMEA message parser not found for GRM.
17479;RMC;12/26/2016 10:22:40 PM;49.2174099166667;16.6077711833333;;;;
17480;;;;;;;;NMEA message parser not found for RMB.
17481;;;;;;;;Failed to parse: GGA.. Meters expected in GGA message.
17482;GSA;;;;;;;
17483;GSV;;;;;;;
17484;GSV;;;;;;;
17485;;;;;;;;NMEA message parser not found for GRM.
17486;RMC;12/26/2016 10:22:41 PM;49.2174172833333;16.6077644;;;;
17487;;;;;;;;NMEA message parser not found for RMB.
17488;;;;;;;;Failed to parse: GGA.. Meters expected in GGA message.
17489;GSA;;;;;;;
17490;GSV;;;;;;;
17491;GSV;;;;;;;
17492;;;;;;;;NMEA message parser not found for GRM.
17493;RMC;12/26/2016 10:22:42 PM;49.21742465;16.6077576166667;;;;
17494;;;;;;;;NMEA message parser not found for RMB.
17495;;;;;;;;Failed to parse: GGA.. Meters expected in GGA message.
17496;GSA;;;;;;;
17497;GSV;;;;;;;
17498;GSV;;;;;;;
17499;;;;;;;;NMEA message parser not found for GRM.
17500;RMC;12/26/2016 10:22:43 PM;49.217432;16.6077508333333;;;;
17501;;;;;;;;NMEA message parser not found for RMB.
17502;;;;;;;;Failed to parse: GGA.. Meters expected in GGA message.
17503;GSA;;;;;;;
17504;GSV;;;;;;;
17505;GSV;;;;;;;
17506;;;;;;;;NMEA message parser not found for GRM.
17507;RMC;12/26/2016 10:22:44 PM;49.2174393666667;16.60774405;;;;
17508;;;;;;;;NMEA message parser not found for RMB.
17509;;;;;;;;Failed to parse: GGA.. Meters expected in GGA message.
17510;GSA;;;;;;;
17511;GSV;;;;;;;
17512;GSV;;;;;;;
17513;;;;;;;;NMEA message parser not found for GRM.
17514;RMC;12/26/2016 10:22:45 PM;49.2174467333333;16.6077372666667;;;;
17515;;;;;;;;NMEA message parser not found for RMB.
17516;;;;;;;;Failed to parse: GGA.. Meters expected in GGA message.
17517;GSA;;;;;;;
17518;GSV;;;;;;;
17519;GSV;;;;;;;
17520;;;;;;;;NMEA message parser not found for GRM.
17521;RMC;12/26/2016 10:22:46 PM;49.2174540833333;16.6077304833333;;;;
17522;;;;;;;;NMEA message parser not found for RMB.
17523;;;;;;;;Failed to parse: GGA.. Meters expected in GGA message.
17524;GSA;;;;;;;
17525;GSV;;;;;;;
17526;GSV;;;;;;;
17527;;;;;;;;NMEA message parser not found for GRM.
17528;RMC;12/26/2016 10:22:47 PM;49.21746145;16.6077237;;;;
17529;;;;;;;;NMEA message parser not found for RMB.
17530;;;;;;;;Failed to parse: GGA.. Meters expected in GGA message.
17531;GSA;;;;;;;
17532;GSV;;;;;;;
17533;GSV;;;;;;;
17534;;;;;;;;NMEA message parser not found for GRM.
17535;RMC;12/26/2016 10:22:48 PM;49.2174688166667;16.6077169166667;;;;
17536;;;;;;;;NMEA message parser not found for RMB.
17537;;;;;;;;Failed to parse: GGA.. Meters expected in GGA message.
17538;GSA;;;;;;;
17539;GSV;;;;;;;
17540;GSV;;;;;;;
17541;;;;;;;;NMEA message parser not found for GRM.
17542;RMC;12/26/2016 10:22:49 PM;49.2174761666667;16.6077101333333;;;;
17543;;;;;;;;NMEA message parser not found for RMB.
17544;;;;;;;;Failed to parse: GGA.. Meters expected in GGA message.
17545;GSA;;;;;;;
17546;GSV;;;;;;;
17547;GSV;;;;;;;
17548;;;;;;;;NMEA message parser not found for GRM.
17549;RMC;12/26/2016 10:22:50 PM;49.2174835333333;16.60770335;;;;
17550;;;;;;;;NMEA message parser not found for RMB.
17551;;;;;;;;Failed to parse: GGA.. Meters expected in GGA message.
17552;GSA;;;;;;;
17553;GSV;;;;;;;
17554;GSV;;;;;;;
17555;;;;;;;;NMEA message parser not found for GRM.
17556;RMC;12/26/2016 10:22:51 PM;49.2174905;16.6076961666667;;;;
17557;;;;;;;;NMEA message parser not found for RMB.
17558;;;;;;;;Failed to parse: GGA.. Meters expected in GGA message.
17559;GSA;;;;;;;
17560;GSV;;;;;;;
17561;GSV;;;;;;;
17562;;;;;;;;NMEA message parser not found for GRM.
17563;RMC;12/26/2016 10:22:52 PM;49.2174973666667;16.6076888833333;;;;
17564;;;;;;;;NMEA message parser not found for RMB.
17565;;;;;;;;Failed to parse: GGA.. Meters expected in GGA message.
17566;GSA;;;;;;;
17567;GSV;;;;;;;
17568;GSV;;;;;;;
17569;;;;;;;;NMEA message parser not found for GRM.
17570;RMC;12/26/2016 10:22:53 PM;49.21750425;16.6076816166667;;;;
17571;;;;;;;;NMEA message parser not found for RMB.
17572;;;;;;;;Failed to parse: GGA.. Meters expected in GGA message.
17573;GSA;;;;;;;
17574;GSV;;;;;;;
17575;GSV;;;;;;;
17576;;;;;;;;NMEA message parser not found for GRM.
17577;RMC;12/26/2016 10:22:54 PM;49.2175111166667;16.6076743333333;;;;
17578;;;;;;;;NMEA message parser not found for RMB.
17579;;;;;;;;Failed to parse: GGA.. Meters expected in GGA message.
17580;GSA;;;;;;;
17581;GSV;;;;;;;
17582;GSV;;;;;;;
17583;;;;;;;;NMEA message parser not found for GRM.
17584;RMC;12/26/2016 10:22:55 PM;49.2175179833333;16.60766705;;;;
17585;;;;;;;;NMEA message parser not found for RMB.
17586;;;;;;;;Failed to parse: GGA.. Meters expected in GGA message.
17587;GSA;;;;;;;
17588;GSV;;;;;;;
17589;GSV;;;;;;;
17590;;;;;;;;NMEA message parser not found for GRM.
17591;RMC;12/26/2016 10:22:56 PM;49.21752485;16.6076597666667;;;;
17592;;;;;;;;NMEA message parser not found for RMB.
17593;;;;;;;;Failed to parse: GGA.. Meters expected in GGA message.
17594;GSA;;;;;;;
17595;GSV;;;;;;;
17596;GSV;;;;;;;
17597;;;;;;;;NMEA message parser not found for GRM.
17598;RMC;12/26/2016 10:22:57 PM;49.2175317333333;16.6076524833333;;;;
17599;;;;;;;;NMEA message parser not found for RMB.
17600;;;;;;;;Failed to parse: GGA.. Meters expected in GGA message.
17601;GSA;;;;;;;
17602;GSV;;;;;;;
17603;GSV;;;;;;;
17604;;;;;;;;NMEA message parser not found for GRM.
17605;RMC;12/26/2016 10:22:58 PM;49.2175386;16.6076452166667;;;;
17606;;;;;;;;NMEA message parser not found for RMB.
17607;;;;;;;;Failed to parse: GGA.. Meters expected in GGA message.
17608;GSA;;;;;;;
17609;GSV;;;;;;;
17610;GSV;;;;;;;
17611;;;;;;;;NMEA message parser not found for GRM.
17612;RMC;12/26/2016 10:22:59 PM;49.2175454666667;16.6076379333333;;;;
17613;;;;;;;;NMEA message parser not found for RMB.
17614;;;;;;;;Failed to parse: GGA.. Meters expected in GGA message.
17615;GSA;;;;;;;
17616;GSV;;;;;;;
17617;GSV;;;;;;;
17618;;;;;;;;NMEA message parser not found for GRM.
17619;RMC;12/26/2016 10:23:00 PM;49.2175523333333;16.60763065;;;;
17620;;;;;;;;NMEA message parser not found for RMB.
17621;;;;;;;;Failed to parse: GGA.. Meters expected in GGA message.
17622;GSA;;;;;;;
17623;GSV;;;;;;;
17624;GSV;;;;;;;
17625;;;;;;;;NMEA message parser not found for GRM.
17626;RMC;12/26/2016 10:23:01 PM;49.2175592166667;16.6076233666667;;;;
17627;;;;;;;;NMEA message parser not found for RMB.
17628;;;;;;;;Failed to parse: GGA.. Meters expected in GGA message.
17629;GSA;;;;;;;
17630;GSV;;;;;;;
17631;GSV;;;;;;;
17632;;;;;;;;NMEA message parser not found for GRM.
17633;RMC;12/26/2016 10:23:02 PM;49.2175660833333;16.6076161;;;;
17634;;;;;;;;NMEA message parser not found for RMB.
17635;;;;;;;;Failed to parse: GGA.. Meters expected in GGA message.
17636;GSA;;;;;;;
17637;GSV;;;;;;;
17638;GSV;;;;;;;
17639;;;;;;;;NMEA message parser not found for GRM.
17640;RMC;12/26/2016 10:23:03 PM;49.21757295;16.6076088166667;;;;
17641;;;;;;;;NMEA message parser not found for RMB.
17642;;;;;;;;Failed to parse: GGA.. Meters expected in GGA message.
17643;GSA;;;;;;;
17644;GSV;;;;;;;
17645;GSV;;;;;;;
17646;;;;;;;;NMEA message parser not found for GRM.
17647;RMC;12/26/2016 10:23:04 PM;49.2175798166667;16.6076015333333;;;;
17648;;;;;;;;NMEA message parser not found for RMB.
17649;;;;;;;;Failed to parse: GGA.. Meters expected in GGA message.
17650;GSA;;;;;;;
17651;GSV;;;;;;;
17652;GSV;;;;;;;
17653;;;;;;;;NMEA message parser not found for GRM.
17654;RMC;12/26/2016 10:23:05 PM;49.2175867;16.60759425;;;;
17655;;;;;;;;NMEA message parser not found for RMB.
17656;;;;;;;;Failed to parse: GGA.. Meters expected in GGA message.
17657;GSA;;;;;;;
17658;GSV;;;;;;;
17659;GSV;;;;;;;
17660;;;;;;;;NMEA message parser not found for GRM.
17661;RMC;12/26/2016 10:23:06 PM;49.2175935666667;16.6075869666667;;;;
17662;;;;;;;;NMEA message parser not found for RMB.
17663;;;;;;;;Failed to parse: GGA.. Meters expected in GGA message.
17664;GSA;;;;;;;
17665;GSV;;;;;;;
17666;GSV;;;;;;;
17667;;;;;;;;NMEA message parser not found for GRM.
17668;RMC;12/26/2016 10:23:07 PM;49.2176004333333;16.6075797;;;;
17669;;;;;;;;NMEA message parser not found for RMB.
17670;;;;;;;;Failed to parse: GGA.. Meters expected in GGA message.
17671;GSA;;;;;;;
17672;GSV;;;;;;;
17673;GSV;;;;;;;
17674;;;;;;;;NMEA message parser not found for GRM.
17675;RMC;12/26/2016 10:23:08 PM;49.2176073;16.6075724166667;;;;
17676;;;;;;;;NMEA message parser not found for RMB.
17677;;;;;;;;Failed to parse: GGA.. Meters expected in GGA message.
17678;GSA;;;;;;;
17679;GSV;;;;;;;
17680;GSV;;;;;;;
17681;;;;;;;;NMEA message parser not found for GRM.
17682;RMC;12/26/2016 10:23:09 PM;49.2176141833333;16.6075651333333;;;;
17683;;;;;;;;NMEA message parser not found for RMB.
17684;;;;;;;;Failed to parse: GGA.. Meters expected in GGA message.
17685;GSA;;;;;;;
17686;GSV;;;;;;;
17687;GSV;;;;;;;
17688;;;;;;;;NMEA message parser not found for GRM.
17689;RMC;12/26/2016 10:23:10 PM;49.21762105;16.60755785;;;;
17690;;;;;;;;NMEA message parser not found for RMB.
17691;;;;;;;;Failed to parse: GGA.. Meters expected in GGA message.
17692;GSA;;;;;;;
17693;GSV;;;;;;;
17694;GSV;;;;;;;
17695;;;;;;;;NMEA message parser not found for GRM.
17696;RMC;12/26/2016 10:23:11 PM;49.2176279166667;16.6075505833333;;;;
17697;;;;;;;;NMEA message parser not found for RMB.
17698;;;;;;;;Failed to parse: GGA.. Meters expected in GGA message.
17699;GSA;;;;;;;
17700;GSV;;;;;;;
17701;GSV;;;;;;;
17702;;;;;;;;NMEA message parser not found for GRM.
17703;RMC;12/26/2016 10:23:12 PM;49.2176347833333;16.6075433;;;;
17704;;;;;;;;NMEA message parser not found for RMB.
17705;;;;;;;;Failed to parse: GGA.. Meters expected in GGA message.
17706;GSA;;;;;;;
17707;GSV;;;;;;;
17708;GSV;;;;;;;
17709;;;;;;;;NMEA message parser not found for GRM.
17710;RMC;12/26/2016 10:23:13 PM;49.2176416666667;16.6075360166667;;;;
17711;;;;;;;;NMEA message parser not found for RMB.
17712;;;;;;;;Failed to parse: GGA.. Meters expected in GGA message.
17713;GSA;;;;;;;
17714;GSV;;;;;;;
17715;GSV;;;;;;;
17716;;;;;;;;NMEA message parser not found for GRM.
17717;RMC;12/26/2016 10:23:14 PM;49.2176485333333;16.6075287333333;;;;
17718;;;;;;;;NMEA message parser not found for RMB.
17719;;;;;;;;Failed to parse: GGA.. Meters expected in GGA message.
17720;GSA;;;;;;;
17721;GSV;;;;;;;
17722;GSV;;;;;;;
17723;;;;;;;;NMEA message parser not found for GRM.
17724;RMC;12/26/2016 10:23:15 PM;49.2176514833333;16.60752085;;;;
17725;;;;;;;;NMEA message parser not found for RMB.
17726;;;;;;;;Failed to parse: GGA.. Meters expected in GGA message.
17727;GSA;;;;;;;
17728;GSV;;;;;;;
17729;GSV;;;;;;;
17730;;;;;;;;NMEA message parser not found for GRM.
17731;RMC;12/26/2016 10:23:16 PM;49.21764715;16.6075118166667;;;;
17732;;;;;;;;NMEA message parser not found for RMB.
17733;;;;;;;;Failed to parse: GGA.. Meters expected in GGA message.
17734;GSA;;;;;;;
17735;GSV;;;;;;;
17736;GSV;;;;;;;
17737;;;;;;;;NMEA message parser not found for GRM.
17738;RMC;12/26/2016 10:23:17 PM;49.2176428166667;16.6075028;;;;
17739;;;;;;;;NMEA message parser not found for RMB.
17740;;;;;;;;Failed to parse: GGA.. Meters expected in GGA message.
17741;GSA;;;;;;;
17742;GSV;;;;;;;
17743;GSV;;;;;;;
17744;;;;;;;;NMEA message parser not found for GRM.
17745;RMC;12/26/2016 10:23:18 PM;49.2176384833333;16.6074937833333;;;;
17746;;;;;;;;NMEA message parser not found for RMB.
17747;;;;;;;;Failed to parse: GGA.. Meters expected in GGA message.
17748;GSA;;;;;;;
17749;GSV;;;;;;;
17750;GSV;;;;;;;
17751;;;;;;;;NMEA message parser not found for GRM.
17752;RMC;12/26/2016 10:23:19 PM;49.21763415;16.60748475;;;;
17753;;;;;;;;NMEA message parser not found for RMB.
17754;;;;;;;;Failed to parse: GGA.. Meters expected in GGA message.
17755;GSA;;;;;;;
17756;GSV;;;;;;;
17757;GSV;;;;;;;
17758;;;;;;;;NMEA message parser not found for GRM.
17759;RMC;12/26/2016 10:23:20 PM;49.2176298166667;16.6074757333333;;;;
17760;;;;;;;;NMEA message parser not found for RMB.
17761;;;;;;;;Failed to parse: GGA.. Meters expected in GGA message.
17762;GSA;;;;;;;
17763;GSV;;;;;;;
17764;GSV;;;;;;;
17765;;;;;;;;NMEA message parser not found for GRM.
17766;RMC;12/26/2016 10:23:21 PM;49.2176254833333;16.6074667166667;;;;
17767;;;;;;;;NMEA message parser not found for RMB.
17768;;;;;;;;Failed to parse: GGA.. Meters expected in GGA message.
17769;GSA;;;;;;;
17770;GSV;;;;;;;
17771;GSV;;;;;;;
17772;;;;;;;;NMEA message parser not found for GRM.
17773;RMC;12/26/2016 10:23:22 PM;49.21762115;16.6074576833333;;;;
17774;;;;;;;;NMEA message parser not found for RMB.
17775;;;;;;;;Failed to parse: GGA.. Meters expected in GGA message.
17776;GSA;;;;;;;
17777;GSV;;;;;;;
17778;GSV;;;;;;;
17779;;;;;;;;NMEA message parser not found for GRM.
17780;RMC;12/26/2016 10:23:23 PM;49.2176168166667;16.6074486666667;;;;
17781;;;;;;;;NMEA message parser not found for RMB.
17782;;;;;;;;Failed to parse: GGA.. Meters expected in GGA message.
17783;GSA;;;;;;;
17784;GSV;;;;;;;
17785;GSV;;;;;;;
17786;;;;;;;;NMEA message parser not found for GRM.
17787;RMC;12/26/2016 10:23:24 PM;49.2176124833333;16.6074396333333;;;;
17788;;;;;;;;NMEA message parser not found for RMB.
17789;;;;;;;;Failed to parse: GGA.. Meters expected in GGA message.
17790;GSA;;;;;;;
17791;GSV;;;;;;;
17792;GSV;;;;;;;
17793;;;;;;;;NMEA message parser not found for GRM.
17794;RMC;12/26/2016 10:23:25 PM;49.21760815;16.6074306166667;;;;
17795;;;;;;;;NMEA message parser not found for RMB.
17796;;;;;;;;Failed to parse: GGA.. Meters expected in GGA message.
17797;GSA;;;;;;;
17798;GSV;;;;;;;
17799;GSV;;;;;;;
17800;;;;;;;;NMEA message parser not found for GRM.
17801;RMC;12/26/2016 10:23:26 PM;49.2176038166667;16.6074216;;;;
17802;;;;;;;;NMEA message parser not found for RMB.
17803;;;;;;;;Failed to parse: GGA.. Meters expected in GGA message.
17804;GSA;;;;;;;
17805;GSV;;;;;;;
17806;GSV;;;;;;;
17807;;;;;;;;NMEA message parser not found for GRM.
17808;RMC;12/26/2016 10:23:27 PM;49.2175994833333;16.6074125666667;;;;
17809;;;;;;;;NMEA message parser not found for RMB.
17810;;;;;;;;Failed to parse: GGA.. Meters expected in GGA message.
17811;GSA;;;;;;;
17812;GSV;;;;;;;
17813;GSV;;;;;;;
17814;;;;;;;;NMEA message parser not found for GRM.
17815;RMC;12/26/2016 10:23:28 PM;49.21759515;16.60740355;;;;
17816;;;;;;;;NMEA message parser not found for RMB.
17817;;;;;;;;Failed to parse: GGA.. Meters expected in GGA message.
17818;GSA;;;;;;;
17819;GSV;;;;;;;
17820;GSV;;;;;;;
17821;;;;;;;;NMEA message parser not found for GRM.
17822;RMC;12/26/2016 10:23:29 PM;49.2175909;16.6073944833333;;;;
17823;;;;;;;;NMEA message parser not found for RMB.
17824;;;;;;;;Failed to parse: GGA.. Meters expected in GGA message.
17825;GSA;;;;;;;
17826;GSV;;;;;;;
17827;GSV;;;;;;;
17828;;;;;;;;NMEA message parser not found for GRM.
17829;RMC;12/26/2016 10:23:30 PM;49.21758685;16.6073853333333;;;;
17830;;;;;;;;NMEA message parser not found for RMB.
17831;;;;;;;;Failed to parse: GGA.. Meters expected in GGA message.
17832;GSA;;;;;;;
17833;GSV;;;;;;;
17834;GSV;;;;;;;
17835;;;;;;;;NMEA message parser not found for GRM.
17836;RMC;12/26/2016 10:23:31 PM;49.2175828166667;16.6073761666667;;;;
17837;;;;;;;;NMEA message parser not found for RMB.
17838;;;;;;;;Failed to parse: GGA.. Meters expected in GGA message.
17839;GSA;;;;;;;
17840;GSV;;;;;;;
17841;GSV;;;;;;;
17842;;;;;;;;NMEA message parser not found for GRM.
17843;RMC;12/26/2016 10:23:32 PM;49.2175787833333;16.607367;;;;
17844;;;;;;;;NMEA message parser not found for RMB.
17845;;;;;;;;Failed to parse: GGA.. Meters expected in GGA message.
17846;GSA;;;;;;;
17847;GSV;;;;;;;
17848;GSV;;;;;;;
17849;;;;;;;;NMEA message parser not found for GRM.
17850;RMC;12/26/2016 10:23:33 PM;49.2175747333333;16.60735785;;;;
17851;;;;;;;;NMEA message parser not found for RMB.
17852;;;;;;;;Failed to parse: GGA.. Meters expected in GGA message.
17853;GSA;;;;;;;
17854;GSV;;;;;;;
17855;GSV;;;;;;;
17856;;;;;;;;NMEA message parser not found for GRM.
17857;RMC;12/26/2016 10:23:34 PM;49.2175707;16.6073486833333;;;;
17858;;;;;;;;NMEA message parser not found for RMB.
17859;;;;;;;;Failed to parse: GGA.. Meters expected in GGA message.
17860;GSA;;;;;;;
17861;GSV;;;;;;;
17862;GSV;;;;;;;
17863;;;;;;;;NMEA message parser not found for GRM.
17864;RMC;12/26/2016 10:23:35 PM;49.2175666666667;16.6073395333333;;;;
17865;;;;;;;;NMEA message parser not found for RMB.
17866;;;;;;;;Failed to parse: GGA.. Meters expected in GGA message.
17867;GSA;;;;;;;
17868;GSV;;;;;;;
17869;GSV;;;;;;;
17870;;;;;;;;NMEA message parser not found for GRM.
17871;RMC;12/26/2016 10:23:36 PM;49.2175626333333;16.6073303666667;;;;
17872;;;;;;;;NMEA message parser not found for RMB.
17873;;;;;;;;Failed to parse: GGA.. Meters expected in GGA message.
17874;GSA;;;;;;;
17875;GSV;;;;;;;
17876;GSV;;;;;;;
17877;;;;;;;;NMEA message parser not found for GRM.
17878;RMC;12/26/2016 10:23:37 PM;49.2175585833333;16.6073212166667;;;;
17879;;;;;;;;NMEA message parser not found for RMB.
17880;;;;;;;;Failed to parse: GGA.. Meters expected in GGA message.
17881;GSA;;;;;;;
17882;GSV;;;;;;;
17883;GSV;;;;;;;
17884;;;;;;;;NMEA message parser not found for GRM.
17885;RMC;12/26/2016 10:23:38 PM;49.21755455;16.60731205;;;;
17886;;;;;;;;NMEA message parser not found for RMB.
17887;;;;;;;;Failed to parse: GGA.. Meters expected in GGA message.
17888;GSA;;;;;;;
17889;GSV;;;;;;;
17890;GSV;;;;;;;
17891;;;;;;;;NMEA message parser not found for GRM.
17892;RMC;12/26/2016 10:23:39 PM;49.2175505166667;16.6073029;;;;
17893;;;;;;;;NMEA message parser not found for RMB.
17894;;;;;;;;Failed to parse: GGA.. Meters expected in GGA message.
17895;GSA;;;;;;;
17896;GSV;;;;;;;
17897;GSV;;;;;;;
17898;;;;;;;;NMEA message parser not found for GRM.
17899;RMC;12/26/2016 10:23:40 PM;49.2175464833333;16.6072937333333;;;;
17900;;;;;;;;NMEA message parser not found for RMB.
17901;;;;;;;;Failed to parse: GGA.. Meters expected in GGA message.
17902;GSA;;;;;;;
17903;GSV;;;;;;;
17904;GSV;;;;;;;
17905;;;;;;;;NMEA message parser not found for GRM.
17906;RMC;12/26/2016 10:23:41 PM;49.2175424333333;16.6072845666667;;;;
17907;;;;;;;;NMEA message parser not found for RMB.
17908;;;;;;;;Failed to parse: GGA.. Meters expected in GGA message.
17909;GSA;;;;;;;
17910;GSV;;;;;;;
17911;GSV;;;;;;;
17912;;;;;;;;NMEA message parser not found for GRM.
17913;RMC;12/26/2016 10:23:42 PM;49.2175384;16.6072754166667;;;;
17914;;;;;;;;NMEA message parser not found for RMB.
17915;;;;;;;;Failed to parse: GGA.. Meters expected in GGA message.
17916;GSA;;;;;;;
17917;GSV;;;;;;;
17918;GSV;;;;;;;
17919;;;;;;;;NMEA message parser not found for GRM.
17920;RMC;12/26/2016 10:23:43 PM;49.2175343666667;16.60726625;;;;
17921;;;;;;;;NMEA message parser not found for RMB.
17922;;;;;;;;Failed to parse: GGA.. Meters expected in GGA message.
17923;GSA;;;;;;;
17924;GSV;;;;;;;
17925;GSV;;;;;;;
17926;;;;;;;;NMEA message parser not found for GRM.
17927;RMC;12/26/2016 10:23:44 PM;49.2175303166667;16.6072571;;;;
17928;;;;;;;;NMEA message parser not found for RMB.
17929;;;;;;;;Failed to parse: GGA.. Meters expected in GGA message.
17930;GSA;;;;;;;
17931;GSV;;;;;;;
17932;GSV;;;;;;;
17933;;;;;;;;NMEA message parser not found for GRM.
17934;RMC;12/26/2016 10:23:45 PM;49.2175262833333;16.6072479333333;;;;
17935;;;;;;;;NMEA message parser not found for RMB.
17936;;;;;;;;Failed to parse: GGA.. Meters expected in GGA message.
17937;GSA;;;;;;;
17938;GSV;;;;;;;
17939;GSV;;;;;;;
17940;;;;;;;;NMEA message parser not found for GRM.
17941;RMC;12/26/2016 10:23:46 PM;49.21752225;16.6072387833333;;;;
17942;;;;;;;;NMEA message parser not found for RMB.
17943;;;;;;;;Failed to parse: GGA.. Meters expected in GGA message.
17944;GSA;;;;;;;
17945;GSV;;;;;;;
17946;GSV;;;;;;;
17947;;;;;;;;NMEA message parser not found for GRM.
17948;RMC;12/26/2016 10:23:47 PM;49.2175182166667;16.6072296166667;;;;
17949;;;;;;;;NMEA message parser not found for RMB.
17950;;;;;;;;Failed to parse: GGA.. Meters expected in GGA message.
17951;GSA;;;;;;;
17952;GSV;;;;;;;
17953;GSV;;;;;;;
17954;;;;;;;;NMEA message parser not found for GRM.
17955;RMC;12/26/2016 10:23:48 PM;49.2175141666667;16.60722045;;;;
17956;;;;;;;;NMEA message parser not found for RMB.
17957;;;;;;;;Failed to parse: GGA.. Meters expected in GGA message.
17958;GSA;;;;;;;
17959;GSV;;;;;;;
17960;GSV;;;;;;;
17961;;;;;;;;NMEA message parser not found for GRM.
17962;RMC;12/26/2016 10:23:49 PM;49.2175101333333;16.6072113;;;;
17963;;;;;;;;NMEA message parser not found for RMB.
17964;;;;;;;;Failed to parse: GGA.. Meters expected in GGA message.
17965;GSA;;;;;;;
17966;GSV;;;;;;;
17967;GSV;;;;;;;
17968;;;;;;;;NMEA message parser not found for GRM.
17969;RMC;12/26/2016 10:23:50 PM;49.2175061;16.6072021333333;;;;
17970;;;;;;;;NMEA message parser not found for RMB.
17971;;;;;;;;Failed to parse: GGA.. Meters expected in GGA message.
17972;GSA;;;;;;;
17973;GSV;;;;;;;
17974;GSV;;;;;;;
17975;;;;;;;;NMEA message parser not found for GRM.
17976;RMC;12/26/2016 10:23:51 PM;49.2175020666667;16.6071929833333;;;;
17977;;;;;;;;NMEA message parser not found for RMB.
17978;;;;;;;;Failed to parse: GGA.. Meters expected in GGA message.
17979;GSA;;;;;;;
17980;GSV;;;;;;;
17981;GSV;;;;;;;
17982;;;;;;;;NMEA message parser not found for GRM.
17983;RMC;12/26/2016 10:23:52 PM;49.2174980166667;16.6071838166667;;;;
17984;;;;;;;;NMEA message parser not found for RMB.
17985;;;;;;;;Failed to parse: GGA.. Meters expected in GGA message.
17986;GSA;;;;;;;
17987;GSV;;;;;;;
17988;GSV;;;;;;;
17989;;;;;;;;NMEA message parser not found for GRM.
17990;RMC;12/26/2016 10:23:53 PM;49.2174939833333;16.6071746666667;;;;
17991;;;;;;;;NMEA message parser not found for RMB.
17992;;;;;;;;Failed to parse: GGA.. Meters expected in GGA message.
17993;GSA;;;;;;;
17994;GSV;;;;;;;
17995;GSV;;;;;;;
17996;;;;;;;;NMEA message parser not found for GRM.
17997;RMC;12/26/2016 10:23:54 PM;49.21748995;16.6071655;;;;
17998;;;;;;;;NMEA message parser not found for RMB.
17999;;;;;;;;Failed to parse: GGA.. Meters expected in GGA message.
18000;GSA;;;;;;;
18001;GSV;;;;;;;
18002;GSV;;;;;;;
18003;;;;;;;;NMEA message parser not found for GRM.
18004;RMC;12/26/2016 10:23:55 PM;49.2174859;16.6071563333333;;;;
18005;;;;;;;;NMEA message parser not found for RMB.
18006;;;;;;;;Failed to parse: GGA.. Meters expected in GGA message.
18007;GSA;;;;;;;
18008;GSV;;;;;;;
18009;GSV;;;;;;;
18010;;;;;;;;NMEA message parser not found for GRM.
18011;RMC;12/26/2016 10:23:56 PM;49.2174818666667;16.6071471833333;;;;
18012;;;;;;;;NMEA message parser not found for RMB.
18013;;;;;;;;Failed to parse: GGA.. Meters expected in GGA message.
18014;GSA;;;;;;;
18015;GSV;;;;;;;
18016;GSV;;;;;;;
18017;;;;;;;;NMEA message parser not found for GRM.
18018;RMC;12/26/2016 10:23:57 PM;49.2174778333333;16.6071380166667;;;;
18019;;;;;;;;NMEA message parser not found for RMB.
18020;;;;;;;;Failed to parse: GGA.. Meters expected in GGA message.
18021;GSA;;;;;;;
18022;GSV;;;;;;;
18023;GSV;;;;;;;
18024;;;;;;;;NMEA message parser not found for GRM.
18025;RMC;12/26/2016 10:23:58 PM;49.2174738;16.6071288666667;;;;
18026;;;;;;;;NMEA message parser not found for RMB.
18027;;;;;;;;Failed to parse: GGA.. Meters expected in GGA message.
18028;GSA;;;;;;;
18029;GSV;;;;;;;
18030;GSV;;;;;;;
18031;;;;;;;;NMEA message parser not found for GRM.
18032;RMC;12/26/2016 10:23:59 PM;49.21746975;16.6071197;;;;
18033;;;;;;;;NMEA message parser not found for RMB.
18034;;;;;;;;Failed to parse: GGA.. Meters expected in GGA message.
18035;GSA;;;;;;;
18036;GSV;;;;;;;
18037;GSV;;;;;;;
18038;;;;;;;;NMEA message parser not found for GRM.
18039;RMC;12/26/2016 10:24:00 PM;49.2174657166667;16.60711055;;;;
18040;;;;;;;;NMEA message parser not found for RMB.
18041;;;;;;;;Failed to parse: GGA.. Meters expected in GGA message.
18042;GSA;;;;;;;
18043;GSV;;;;;;;
18044;GSV;;;;;;;
18045;;;;;;;;NMEA message parser not found for GRM.
18046;RMC;12/26/2016 10:24:01 PM;49.2174616833333;16.6071013833333;;;;
18047;;;;;;;;NMEA message parser not found for RMB.
18048;;;;;;;;Failed to parse: GGA.. Meters expected in GGA message.
18049;GSA;;;;;;;
18050;GSV;;;;;;;
18051;GSV;;;;;;;
18052;;;;;;;;NMEA message parser not found for GRM.
18053;RMC;12/26/2016 10:24:02 PM;49.21745765;16.6070922166667;;;;
18054;;;;;;;;NMEA message parser not found for RMB.
18055;;;;;;;;Failed to parse: GGA.. Meters expected in GGA message.
18056;GSA;;;;;;;
18057;GSV;;;;;;;
18058;GSV;;;;;;;
18059;;;;;;;;NMEA message parser not found for GRM.
18060;RMC;12/26/2016 10:24:03 PM;49.2174536;16.6070830666667;;;;
18061;;;;;;;;NMEA message parser not found for RMB.
18062;;;;;;;;Failed to parse: GGA.. Meters expected in GGA message.
18063;GSA;;;;;;;
18064;GSV;;;;;;;
18065;GSV;;;;;;;
18066;;;;;;;;NMEA message parser not found for GRM.
18067;RMC;12/26/2016 10:24:04 PM;49.2174495666667;16.6070739;;;;
18068;;;;;;;;NMEA message parser not found for RMB.
18069;;;;;;;;Failed to parse: GGA.. Meters expected in GGA message.
18070;GSA;;;;;;;
18071;GSV;;;;;;;
18072;GSV;;;;;;;
18073;;;;;;;;NMEA message parser not found for GRM.
18074;RMC;12/26/2016 10:24:05 PM;49.2174455333333;16.60706475;;;;
18075;;;;;;;;NMEA message parser not found for RMB.
18076;;;;;;;;Failed to parse: GGA.. Meters expected in GGA message.
18077;GSA;;;;;;;
18078;GSV;;;;;;;
18079;GSV;;;;;;;
18080;;;;;;;;NMEA message parser not found for GRM.
18081;RMC;12/26/2016 10:24:06 PM;49.2174414833333;16.6070555833333;;;;
18082;;;;;;;;NMEA message parser not found for RMB.
18083;;;;;;;;Failed to parse: GGA.. Meters expected in GGA message.
18084;GSA;;;;;;;
18085;GSV;;;;;;;
18086;GSV;;;;;;;
18087;;;;;;;;NMEA message parser not found for GRM.
18088;RMC;12/26/2016 10:24:07 PM;49.21743745;16.6070464333333;;;;
18089;;;;;;;;NMEA message parser not found for RMB.
18090;;;;;;;;Failed to parse: GGA.. Meters expected in GGA message.
18091;GSA;;;;;;;
18092;GSV;;;;;;;
18093;GSV;;;;;;;
18094;;;;;;;;NMEA message parser not found for GRM.
18095;RMC;12/26/2016 10:24:08 PM;49.2174334166667;16.6070372666667;;;;
18096;;;;;;;;NMEA message parser not found for RMB.
18097;;;;;;;;Failed to parse: GGA.. Meters expected in GGA message.
18098;GSA;;;;;;;
18099;GSV;;;;;;;
18100;GSV;;;;;;;
18101;;;;;;;;NMEA message parser not found for GRM.
18102;RMC;12/26/2016 10:24:09 PM;49.2174293833333;16.6070281;;;;
18103;;;;;;;;NMEA message parser not found for RMB.
18104;;;;;;;;Failed to parse: GGA.. Meters expected in GGA message.
18105;GSA;;;;;;;
18106;GSV;;;;;;;
18107;GSV;;;;;;;
18108;;;;;;;;NMEA message parser not found for GRM.
18109;RMC;12/26/2016 10:24:10 PM;49.2174253333333;16.60701895;;;;
18110;;;;;;;;NMEA message parser not found for RMB.
18111;;;;;;;;Failed to parse: GGA.. Meters expected in GGA message.
18112;GSA;;;;;;;
18113;GSV;;;;;;;
18114;GSV;;;;;;;
18115;;;;;;;;NMEA message parser not found for GRM.
18116;RMC;12/26/2016 10:24:11 PM;49.2174213;16.6070097833333;;;;
18117;;;;;;;;NMEA message parser not found for RMB.
18118;;;;;;;;Failed to parse: GGA.. Meters expected in GGA message.
18119;GSA;;;;;;;
18120;GSV;;;;;;;
18121;GSV;;;;;;;
18122;;;;;;;;NMEA message parser not found for GRM.
18123;RMC;12/26/2016 10:24:12 PM;49.2174172666667;16.6070006333333;;;;
18124;;;;;;;;NMEA message parser not found for RMB.
18125;;;;;;;;Failed to parse: GGA.. Meters expected in GGA message.
18126;GSA;;;;;;;
18127;GSV;;;;;;;
18128;GSV;;;;;;;
18129;;;;;;;;NMEA message parser not found for GRM.
18130;RMC;12/26/2016 10:24:13 PM;49.2174132333333;16.6069914666667;;;;
18131;;;;;;;;NMEA message parser not found for RMB.
18132;;;;;;;;Failed to parse: GGA.. Meters expected in GGA message.
18133;GSA;;;;;;;
18134;GSV;;;;;;;
18135;GSV;;;;;;;
18136;;;;;;;;NMEA message parser not found for GRM.
18137;RMC;12/26/2016 10:24:14 PM;49.2174091833333;16.6069823166667;;;;
18138;;;;;;;;NMEA message parser not found for RMB.
18139;;;;;;;;Failed to parse: GGA.. Meters expected in GGA message.
18140;GSA;;;;;;;
18141;GSV;;;;;;;
18142;GSV;;;;;;;
18143;;;;;;;;NMEA message parser not found for GRM.
18144;RMC;12/26/2016 10:24:15 PM;49.21740515;16.60697315;;;;
18145;;;;;;;;NMEA message parser not found for RMB.
18146;;;;;;;;Failed to parse: GGA.. Meters expected in GGA message.
18147;GSA;;;;;;;
18148;GSV;;;;;;;
18149;GSV;;;;;;;
18150;;;;;;;;NMEA message parser not found for GRM.
18151;RMC;12/26/2016 10:24:16 PM;49.2174011166667;16.6069639833333;;;;
18152;;;;;;;;NMEA message parser not found for RMB.
18153;;;;;;;;Failed to parse: GGA.. Meters expected in GGA message.
18154;GSA;;;;;;;
18155;GSV;;;;;;;
18156;GSV;;;;;;;
18157;;;;;;;;NMEA message parser not found for GRM.
18158;RMC;12/26/2016 10:24:17 PM;49.2173970666667;16.6069548333333;;;;
18159;;;;;;;;NMEA message parser not found for RMB.
18160;;;;;;;;Failed to parse: GGA.. Meters expected in GGA message.
18161;GSA;;;;;;;
18162;GSV;;;;;;;
18163;GSV;;;;;;;
18164;;;;;;;;NMEA message parser not found for GRM.
18165;RMC;12/26/2016 10:24:18 PM;49.2173930333333;16.6069456666667;;;;
18166;;;;;;;;NMEA message parser not found for RMB.
18167;;;;;;;;Failed to parse: GGA.. Meters expected in GGA message.
18168;GSA;;;;;;;
18169;GSV;;;;;;;
18170;GSV;;;;;;;
18171;;;;;;;;NMEA message parser not found for GRM.
18172;RMC;12/26/2016 10:24:19 PM;49.217389;16.6069365166667;;;;
18173;;;;;;;;NMEA message parser not found for RMB.
18174;;;;;;;;Failed to parse: GGA.. Meters expected in GGA message.
18175;GSA;;;;;;;
18176;GSV;;;;;;;
18177;GSV;;;;;;;
18178;;;;;;;;NMEA message parser not found for GRM.
18179;RMC;12/26/2016 10:24:20 PM;49.2173849666667;16.60692735;;;;
18180;;;;;;;;NMEA message parser not found for RMB.
18181;;;;;;;;Failed to parse: GGA.. Meters expected in GGA message.
18182;GSA;;;;;;;
18183;GSV;;;;;;;
18184;GSV;;;;;;;
18185;;;;;;;;NMEA message parser not found for GRM.
18186;RMC;12/26/2016 10:24:21 PM;49.2173809166667;16.6069182;;;;
18187;;;;;;;;NMEA message parser not found for RMB.
18188;;;;;;;;Failed to parse: GGA.. Meters expected in GGA message.
18189;GSA;;;;;;;
18190;GSV;;;;;;;
18191;GSV;;;;;;;
18192;;;;;;;;NMEA message parser not found for GRM.
18193;RMC;12/26/2016 10:24:22 PM;49.2173768833333;16.6069090333333;;;;
18194;;;;;;;;NMEA message parser not found for RMB.
18195;;;;;;;;Failed to parse: GGA.. Meters expected in GGA message.
18196;GSA;;;;;;;
18197;GSV;;;;;;;
18198;GSV;;;;;;;
18199;;;;;;;;NMEA message parser not found for GRM.
18200;RMC;12/26/2016 10:24:23 PM;49.21737285;16.6068998833333;;;;
18201;;;;;;;;NMEA message parser not found for RMB.
18202;;;;;;;;Failed to parse: GGA.. Meters expected in GGA message.
18203;GSA;;;;;;;
18204;GSV;;;;;;;
18205;GSV;;;;;;;
18206;;;;;;;;NMEA message parser not found for GRM.
18207;RMC;12/26/2016 10:24:24 PM;49.2173688;16.6068907166667;;;;
18208;;;;;;;;NMEA message parser not found for RMB.
18209;;;;;;;;Failed to parse: GGA.. Meters expected in GGA message.
18210;GSA;;;;;;;
18211;GSV;;;;;;;
18212;GSV;;;;;;;
18213;;;;;;;;NMEA message parser not found for GRM.
18214;RMC;12/26/2016 10:24:25 PM;49.2173647666667;16.60688155;;;;
18215;;;;;;;;NMEA message parser not found for RMB.
18216;;;;;;;;Failed to parse: GGA.. Meters expected in GGA message.
18217;GSA;;;;;;;
18218;GSV;;;;;;;
18219;GSV;;;;;;;
18220;;;;;;;;NMEA message parser not found for GRM.
18221;RMC;12/26/2016 10:24:26 PM;49.2173607333333;16.6068724;;;;
18222;;;;;;;;NMEA message parser not found for RMB.
18223;;;;;;;;Failed to parse: GGA.. Meters expected in GGA message.
18224;GSA;;;;;;;
18225;GSV;;;;;;;
18226;GSV;;;;;;;
18227;;;;;;;;NMEA message parser not found for GRM.
18228;RMC;12/26/2016 10:24:27 PM;49.2173567;16.6068632333333;;;;
18229;;;;;;;;NMEA message parser not found for RMB.
18230;;;;;;;;Failed to parse: GGA.. Meters expected in GGA message.
18231;GSA;;;;;;;
18232;GSV;;;;;;;
18233;GSV;;;;;;;
18234;;;;;;;;NMEA message parser not found for GRM.
18235;RMC;12/26/2016 10:24:28 PM;49.21735265;16.6068540833333;;;;
18236;;;;;;;;NMEA message parser not found for RMB.
18237;;;;;;;;Failed to parse: GGA.. Meters expected in GGA message.
18238;GSA;;;;;;;
18239;GSV;;;;;;;
18240;GSV;;;;;;;
18241;;;;;;;;NMEA message parser not found for GRM.
18242;RMC;12/26/2016 10:24:29 PM;49.2173486166667;16.6068449166667;;;;
18243;;;;;;;;NMEA message parser not found for RMB.
18244;;;;;;;;Failed to parse: GGA.. Meters expected in GGA message.
18245;GSA;;;;;;;
18246;GSV;;;;;;;
18247;GSV;;;;;;;
18248;;;;;;;;NMEA message parser not found for GRM.
18249;RMC;12/26/2016 10:24:30 PM;49.2173445833333;16.6068357666667;;;;
18250;;;;;;;;NMEA message parser not found for RMB.
18251;;;;;;;;Failed to parse: GGA.. Meters expected in GGA message.
18252;GSA;;;;;;;
18253;GSV;;;;;;;
18254;GSV;;;;;;;
18255;;;;;;;;NMEA message parser not found for GRM.
18256;RMC;12/26/2016 10:24:31 PM;49.21734055;16.6068266;;;;
18257;;;;;;;;NMEA message parser not found for RMB.
18258;;;;;;;;Failed to parse: GGA.. Meters expected in GGA message.
18259;GSA;;;;;;;
18260;GSV;;;;;;;
18261;GSV;;;;;;;
18262;;;;;;;;NMEA message parser not found for GRM.
18263;RMC;12/26/2016 10:24:32 PM;49.2173365;16.6068174333333;;;;
18264;;;;;;;;NMEA message parser not found for RMB.
18265;;;;;;;;Failed to parse: GGA.. Meters expected in GGA message.
18266;GSA;;;;;;;
18267;GSV;;;;;;;
18268;GSV;;;;;;;
18269;;;;;;;;NMEA message parser not found for GRM.
18270;RMC;12/26/2016 10:24:33 PM;49.2173324666667;16.6068082833333;;;;
18271;;;;;;;;NMEA message parser not found for RMB.
18272;;;;;;;;Failed to parse: GGA.. Meters expected in GGA message.
18273;GSA;;;;;;;
18274;GSV;;;;;;;
18275;GSV;;;;;;;
18276;;;;;;;;NMEA message parser not found for GRM.
18277;RMC;12/26/2016 10:24:34 PM;49.2173284333333;16.6067991166667;;;;
18278;;;;;;;;NMEA message parser not found for RMB.
18279;;;;;;;;Failed to parse: GGA.. Meters expected in GGA message.
18280;GSA;;;;;;;
18281;GSV;;;;;;;
18282;GSV;;;;;;;
18283;;;;;;;;NMEA message parser not found for GRM.
18284;RMC;12/26/2016 10:24:35 PM;49.2173243833333;16.6067899666667;;;;
18285;;;;;;;;NMEA message parser not found for RMB.
18286;;;;;;;;Failed to parse: GGA.. Meters expected in GGA message.
18287;GSA;;;;;;;
18288;GSV;;;;;;;
18289;GSV;;;;;;;
18290;;;;;;;;NMEA message parser not found for GRM.
18291;RMC;12/26/2016 10:24:36 PM;49.21732035;16.6067808;;;;
18292;;;;;;;;NMEA message parser not found for RMB.
18293;;;;;;;;Failed to parse: GGA.. Meters expected in GGA message.
18294;GSA;;;;;;;
18295;GSV;;;;;;;
18296;GSV;;;;;;;
18297;;;;;;;;NMEA message parser not found for GRM.
18298;RMC;12/26/2016 10:24:37 PM;49.2173163833333;16.6067716166667;;;;
18299;;;;;;;;NMEA message parser not found for RMB.
18300;;;;;;;;Failed to parse: GGA.. Meters expected in GGA message.
18301;GSA;;;;;;;
18302;GSV;;;;;;;
18303;GSV;;;;;;;
18304;;;;;;;;NMEA message parser not found for GRM.
18305;RMC;12/26/2016 10:24:38 PM;49.2173124166667;16.6067624166667;;;;
18306;;;;;;;;NMEA message parser not found for RMB.
18307;;;;;;;;Failed to parse: GGA.. Meters expected in GGA message.
18308;GSA;;;;;;;
18309;GSV;;;;;;;
18310;GSV;;;;;;;
18311;;;;;;;;NMEA message parser not found for GRM.
18312;RMC;12/26/2016 10:24:39 PM;49.21730845;16.6067532333333;;;;
18313;;;;;;;;NMEA message parser not found for RMB.
18314;;;;;;;;Failed to parse: GGA.. Meters expected in GGA message.
18315;GSA;;;;;;;
18316;GSV;;;;;;;
18317;GSV;;;;;;;
18318;;;;;;;;NMEA message parser not found for GRM.
18319;RMC;12/26/2016 10:24:40 PM;49.2173044833333;16.60674405;;;;
18320;;;;;;;;NMEA message parser not found for RMB.
18321;;;;;;;;Failed to parse: GGA.. Meters expected in GGA message.
18322;GSA;;;;;;;
18323;GSV;;;;;;;
18324;GSV;;;;;;;
18325;;;;;;;;NMEA message parser not found for GRM.
18326;RMC;12/26/2016 10:24:41 PM;49.2173005166667;16.60673485;;;;
18327;;;;;;;;NMEA message parser not found for RMB.
18328;;;;;;;;Failed to parse: GGA.. Meters expected in GGA message.
18329;GSA;;;;;;;
18330;GSV;;;;;;;
18331;GSV;;;;;;;
18332;;;;;;;;NMEA message parser not found for GRM.
18333;RMC;12/26/2016 10:24:42 PM;49.21729655;16.6067256666667;;;;
18334;;;;;;;;NMEA message parser not found for RMB.
18335;;;;;;;;Failed to parse: GGA.. Meters expected in GGA message.
18336;GSA;;;;;;;
18337;GSV;;;;;;;
18338;GSV;;;;;;;
18339;;;;;;;;NMEA message parser not found for GRM.
18340;RMC;12/26/2016 10:24:43 PM;49.2172925833333;16.6067164666667;;;;
18341;;;;;;;;NMEA message parser not found for RMB.
18342;;;;;;;;Failed to parse: GGA.. Meters expected in GGA message.
18343;GSA;;;;;;;
18344;GSV;;;;;;;
18345;GSV;;;;;;;
18346;;;;;;;;NMEA message parser not found for GRM.
18347;RMC;12/26/2016 10:24:44 PM;49.2172886166667;16.6067072833333;;;;
18348;;;;;;;;NMEA message parser not found for RMB.
18349;;;;;;;;Failed to parse: GGA.. Meters expected in GGA message.
18350;GSA;;;;;;;
18351;GSV;;;;;;;
18352;GSV;;;;;;;
18353;;;;;;;;NMEA message parser not found for GRM.
18354;RMC;12/26/2016 10:24:45 PM;49.21728465;16.6066980833333;;;;
18355;;;;;;;;NMEA message parser not found for RMB.
18356;;;;;;;;Failed to parse: GGA.. Meters expected in GGA message.
18357;GSA;;;;;;;
18358;GSV;;;;;;;
18359;GSV;;;;;;;
18360;;;;;;;;NMEA message parser not found for GRM.
18361;RMC;12/26/2016 10:24:46 PM;49.2172806833333;16.6066889;;;;
18362;;;;;;;;NMEA message parser not found for RMB.
18363;;;;;;;;Failed to parse: GGA.. Meters expected in GGA message.
18364;GSA;;;;;;;
18365;GSV;;;;;;;
18366;GSV;;;;;;;
18367;;;;;;;;NMEA message parser not found for GRM.
18368;RMC;12/26/2016 10:24:47 PM;49.2172767166667;16.6066797166667;;;;
18369;;;;;;;;NMEA message parser not found for RMB.
18370;;;;;;;;Failed to parse: GGA.. Meters expected in GGA message.
18371;GSA;;;;;;;
18372;GSV;;;;;;;
18373;GSV;;;;;;;
18374;;;;;;;;NMEA message parser not found for GRM.
18375;RMC;12/26/2016 10:24:48 PM;49.21727275;16.6066705166667;;;;
18376;;;;;;;;NMEA message parser not found for RMB.
18377;;;;;;;;Failed to parse: GGA.. Meters expected in GGA message.
18378;GSA;;;;;;;
18379;GSV;;;;;;;
18380;GSV;;;;;;;
18381;;;;;;;;NMEA message parser not found for GRM.
18382;RMC;12/26/2016 10:24:49 PM;49.2172687833333;16.6066613333333;;;;
18383;;;;;;;;NMEA message parser not found for RMB.
18384;;;;;;;;Failed to parse: GGA.. Meters expected in GGA message.
18385;GSA;;;;;;;
18386;GSV;;;;;;;
18387;GSV;;;;;;;
18388;;;;;;;;NMEA message parser not found for GRM.
18389;RMC;12/26/2016 10:24:50 PM;49.2172648166667;16.6066521333333;;;;
18390;;;;;;;;NMEA message parser not found for RMB.
18391;;;;;;;;Failed to parse: GGA.. Meters expected in GGA message.
18392;GSA;;;;;;;
18393;GSV;;;;;;;
18394;GSV;;;;;;;
18395;;;;;;;;NMEA message parser not found for GRM.
18396;RMC;12/26/2016 10:24:51 PM;49.21726085;16.60664295;;;;
18397;;;;;;;;NMEA message parser not found for RMB.
18398;;;;;;;;Failed to parse: GGA.. Meters expected in GGA message.
18399;GSA;;;;;;;
18400;GSV;;;;;;;
18401;GSV;;;;;;;
18402;;;;;;;;NMEA message parser not found for GRM.
18403;RMC;12/26/2016 10:24:52 PM;49.2172568833333;16.60663375;;;;
18404;;;;;;;;NMEA message parser not found for RMB.
18405;;;;;;;;Failed to parse: GGA.. Meters expected in GGA message.
18406;GSA;;;;;;;
18407;GSV;;;;;;;
18408;GSV;;;;;;;
18409;;;;;;;;NMEA message parser not found for GRM.
18410;RMC;12/26/2016 10:24:53 PM;49.2172529166667;16.6066245666667;;;;
18411;;;;;;;;NMEA message parser not found for RMB.
18412;;;;;;;;Failed to parse: GGA.. Meters expected in GGA message.
18413;GSA;;;;;;;
18414;GSV;;;;;;;
18415;GSV;;;;;;;
18416;;;;;;;;NMEA message parser not found for GRM.
18417;RMC;12/26/2016 10:24:54 PM;49.21724895;16.6066153833333;;;;
18418;;;;;;;;NMEA message parser not found for RMB.
18419;;;;;;;;Failed to parse: GGA.. Meters expected in GGA message.
18420;GSA;;;;;;;
18421;GSV;;;;;;;
18422;GSV;;;;;;;
18423;;;;;;;;NMEA message parser not found for GRM.
18424;RMC;12/26/2016 10:24:55 PM;49.2172449833333;16.6066061833333;;;;
18425;;;;;;;;NMEA message parser not found for RMB.
18426;;;;;;;;Failed to parse: GGA.. Meters expected in GGA message.
18427;GSA;;;;;;;
18428;GSV;;;;;;;
18429;GSV;;;;;;;
18430;;;;;;;;NMEA message parser not found for GRM.
18431;RMC;12/26/2016 10:24:56 PM;49.2172410166667;16.606597;;;;
18432;;;;;;;;NMEA message parser not found for RMB.
18433;;;;;;;;Failed to parse: GGA.. Meters expected in GGA message.
18434;GSA;;;;;;;
18435;GSV;;;;;;;
18436;GSV;;;;;;;
18437;;;;;;;;NMEA message parser not found for GRM.
18438;RMC;12/26/2016 10:24:57 PM;49.21723705;16.6065878;;;;
18439;;;;;;;;NMEA message parser not found for RMB.
18440;;;;;;;;Failed to parse: GGA.. Meters expected in GGA message.
18441;GSA;;;;;;;
18442;GSV;;;;;;;
18443;GSV;;;;;;;
18444;;;;;;;;NMEA message parser not found for GRM.
18445;RMC;12/26/2016 10:24:58 PM;49.2172330833333;16.6065786166667;;;;
18446;;;;;;;;NMEA message parser not found for RMB.
18447;;;;;;;;Failed to parse: GGA.. Meters expected in GGA message.
18448;GSA;;;;;;;
18449;GSV;;;;;;;
18450;GSV;;;;;;;
18451;;;;;;;;NMEA message parser not found for GRM.
18452;RMC;12/26/2016 10:24:59 PM;49.2172291166667;16.6065694166667;;;;
18453;;;;;;;;NMEA message parser not found for RMB.
18454;;;;;;;;Failed to parse: GGA.. Meters expected in GGA message.
18455;GSA;;;;;;;
18456;GSV;;;;;;;
18457;GSV;;;;;;;
18458;;;;;;;;NMEA message parser not found for GRM.
18459;RMC;12/26/2016 10:25:00 PM;49.21722515;16.6065602333333;;;;
18460;;;;;;;;NMEA message parser not found for RMB.
18461;;;;;;;;Failed to parse: GGA.. Meters expected in GGA message.
18462;GSA;;;;;;;
18463;GSV;;;;;;;
18464;GSV;;;;;;;
18465;;;;;;;;NMEA message parser not found for GRM.
18466;RMC;12/26/2016 10:25:01 PM;49.2172211833333;16.60655105;;;;
18467;;;;;;;;NMEA message parser not found for RMB.
18468;;;;;;;;Failed to parse: GGA.. Meters expected in GGA message.
18469;GSA;;;;;;;
18470;GSV;;;;;;;
18471;GSV;;;;;;;
18472;;;;;;;;NMEA message parser not found for GRM.
18473;RMC;12/26/2016 10:25:02 PM;49.2172172166667;16.60654185;;;;
18474;;;;;;;;NMEA message parser not found for RMB.
18475;;;;;;;;Failed to parse: GGA.. Meters expected in GGA message.
18476;GSA;;;;;;;
18477;GSV;;;;;;;
18478;GSV;;;;;;;
18479;;;;;;;;NMEA message parser not found for GRM.
18480;RMC;12/26/2016 10:25:03 PM;49.21721325;16.6065326666667;;;;
18481;;;;;;;;NMEA message parser not found for RMB.
18482;;;;;;;;Failed to parse: GGA.. Meters expected in GGA message.
18483;GSA;;;;;;;
18484;GSV;;;;;;;
18485;GSV;;;;;;;
18486;;;;;;;;NMEA message parser not found for GRM.
18487;RMC;12/26/2016 10:25:04 PM;49.2172092833333;16.6065234666667;;;;
18488;;;;;;;;NMEA message parser not found for RMB.
18489;;;;;;;;Failed to parse: GGA.. Meters expected in GGA message.
18490;GSA;;;;;;;
18491;GSV;;;;;;;
18492;GSV;;;;;;;
18493;;;;;;;;NMEA message parser not found for GRM.
18494;RMC;12/26/2016 10:25:05 PM;49.2172053166667;16.6065142833333;;;;
18495;;;;;;;;NMEA message parser not found for RMB.
18496;;;;;;;;Failed to parse: GGA.. Meters expected in GGA message.
18497;GSA;;;;;;;
18498;GSV;;;;;;;
18499;GSV;;;;;;;
18500;;;;;;;;NMEA message parser not found for GRM.
18501;RMC;12/26/2016 10:25:06 PM;49.21720135;16.6065050833333;;;;
18502;;;;;;;;NMEA message parser not found for RMB.
18503;;;;;;;;Failed to parse: GGA.. Meters expected in GGA message.
18504;GSA;;;;;;;
18505;GSV;;;;;;;
18506;GSV;;;;;;;
18507;;;;;;;;NMEA message parser not found for GRM.
18508;RMC;12/26/2016 10:25:07 PM;49.2171973833333;16.6064959;;;;
18509;;;;;;;;NMEA message parser not found for RMB.
18510;;;;;;;;Failed to parse: GGA.. Meters expected in GGA message.
18511;GSA;;;;;;;
18512;GSV;;;;;;;
18513;GSV;;;;;;;
18514;;;;;;;;NMEA message parser not found for GRM.
18515;RMC;12/26/2016 10:25:08 PM;49.2171934166667;16.6064867166667;;;;
18516;;;;;;;;NMEA message parser not found for RMB.
18517;;;;;;;;Failed to parse: GGA.. Meters expected in GGA message.
18518;GSA;;;;;;;
18519;GSV;;;;;;;
18520;GSV;;;;;;;
18521;;;;;;;;NMEA message parser not found for GRM.
18522;RMC;12/26/2016 10:25:09 PM;49.21718945;16.6064775166667;;;;
18523;;;;;;;;NMEA message parser not found for RMB.
18524;;;;;;;;Failed to parse: GGA.. Meters expected in GGA message.
18525;GSA;;;;;;;
18526;GSV;;;;;;;
18527;GSV;;;;;;;
18528;;;;;;;;NMEA message parser not found for GRM.
18529;RMC;12/26/2016 10:25:10 PM;49.2171854833333;16.6064683333333;;;;
18530;;;;;;;;NMEA message parser not found for RMB.
18531;;;;;;;;Failed to parse: GGA.. Meters expected in GGA message.
18532;GSA;;;;;;;
18533;GSV;;;;;;;
18534;GSV;;;;;;;
18535;;;;;;;;NMEA message parser not found for GRM.
18536;RMC;12/26/2016 10:25:11 PM;49.2171815166667;16.6064591333333;;;;
18537;;;;;;;;NMEA message parser not found for RMB.
18538;;;;;;;;Failed to parse: GGA.. Meters expected in GGA message.
18539;GSA;;;;;;;
18540;GSV;;;;;;;
18541;GSV;;;;;;;
18542;;;;;;;;NMEA message parser not found for GRM.
18543;RMC;12/26/2016 10:25:12 PM;49.2171782666667;16.6064498833333;;;;
18544;;;;;;;;NMEA message parser not found for RMB.
18545;;;;;;;;Failed to parse: GGA.. Meters expected in GGA message.
18546;GSA;;;;;;;
18547;GSV;;;;;;;
18548;GSV;;;;;;;
18549;;;;;;;;NMEA message parser not found for GRM.
18550;RMC;12/26/2016 10:25:13 PM;49.2171805333333;16.6064401333333;;;;
18551;;;;;;;;NMEA message parser not found for RMB.
18552;;;;;;;;Failed to parse: GGA.. Meters expected in GGA message.
18553;GSA;;;;;;;
18554;GSV;;;;;;;
18555;GSV;;;;;;;
18556;;;;;;;;NMEA message parser not found for GRM.
18557;RMC;12/26/2016 10:25:14 PM;49.2171828;16.6064303833333;;;;
18558;;;;;;;;NMEA message parser not found for RMB.
18559;;;;;;;;Failed to parse: GGA.. Meters expected in GGA message.
18560;GSA;;;;;;;
18561;GSV;;;;;;;
18562;GSV;;;;;;;
18563;;;;;;;;NMEA message parser not found for GRM.
18564;RMC;12/26/2016 10:25:15 PM;49.2171850666667;16.6064206333333;;;;
18565;;;;;;;;NMEA message parser not found for RMB.
18566;;;;;;;;Failed to parse: GGA.. Meters expected in GGA message.
18567;GSA;;;;;;;
18568;GSV;;;;;;;
18569;GSV;;;;;;;
18570;;;;;;;;NMEA message parser not found for GRM.
18571;RMC;12/26/2016 10:25:16 PM;49.2171873333333;16.6064108833333;;;;
18572;;;;;;;;NMEA message parser not found for RMB.
18573;;;;;;;;Failed to parse: GGA.. Meters expected in GGA message.
18574;GSA;;;;;;;
18575;GSV;;;;;;;
18576;GSV;;;;;;;
18577;;;;;;;;NMEA message parser not found for GRM.
18578;RMC;12/26/2016 10:25:17 PM;49.2171896166667;16.6064011333333;;;;
18579;;;;;;;;NMEA message parser not found for RMB.
18580;;;;;;;;Failed to parse: GGA.. Meters expected in GGA message.
18581;GSA;;;;;;;
18582;GSV;;;;;;;
18583;GSV;;;;;;;
18584;;;;;;;;NMEA message parser not found for GRM.
18585;RMC;12/26/2016 10:25:18 PM;49.2171918833333;16.6063913833333;;;;
18586;;;;;;;;NMEA message parser not found for RMB.
18587;;;;;;;;Failed to parse: GGA.. Meters expected in GGA message.
18588;GSA;;;;;;;
18589;GSV;;;;;;;
18590;GSV;;;;;;;
18591;;;;;;;;NMEA message parser not found for GRM.
18592;RMC;12/26/2016 10:25:19 PM;49.21719415;16.6063816333333;;;;
18593;;;;;;;;NMEA message parser not found for RMB.
18594;;;;;;;;Failed to parse: GGA.. Meters expected in GGA message.
18595;GSA;;;;;;;
18596;GSV;;;;;;;
18597;GSV;;;;;;;
18598;;;;;;;;NMEA message parser not found for GRM.
18599;RMC;12/26/2016 10:25:20 PM;49.2171964166667;16.6063718833333;;;;
18600;;;;;;;;NMEA message parser not found for RMB.
18601;;;;;;;;Failed to parse: GGA.. Meters expected in GGA message.
18602;GSA;;;;;;;
18603;GSV;;;;;;;
18604;GSV;;;;;;;
18605;;;;;;;;NMEA message parser not found for GRM.
18606;RMC;12/26/2016 10:25:21 PM;49.2171987;16.6063621333333;;;;
18607;;;;;;;;NMEA message parser not found for RMB.
18608;;;;;;;;Failed to parse: GGA.. Meters expected in GGA message.
18609;GSA;;;;;;;
18610;GSV;;;;;;;
18611;GSV;;;;;;;
18612;;;;;;;;NMEA message parser not found for GRM.
18613;RMC;12/26/2016 10:25:22 PM;49.2172009666667;16.6063523833333;;;;
18614;;;;;;;;NMEA message parser not found for RMB.
18615;;;;;;;;Failed to parse: GGA.. Meters expected in GGA message.
18616;GSA;;;;;;;
18617;GSV;;;;;;;
18618;GSV;;;;;;;
18619;;;;;;;;NMEA message parser not found for GRM.
18620;RMC;12/26/2016 10:25:23 PM;49.2172032333333;16.60634265;;;;
18621;;;;;;;;NMEA message parser not found for RMB.
18622;;;;;;;;Failed to parse: GGA.. Meters expected in GGA message.
18623;GSA;;;;;;;
18624;GSV;;;;;;;
18625;GSV;;;;;;;
18626;;;;;;;;NMEA message parser not found for GRM.
18627;RMC;12/26/2016 10:25:24 PM;49.2172055;16.6063329;;;;
18628;;;;;;;;NMEA message parser not found for RMB.
18629;;;;;;;;Failed to parse: GGA.. Meters expected in GGA message.
18630;GSA;;;;;;;
18631;GSV;;;;;;;
18632;GSV;;;;;;;
18633;;;;;;;;NMEA message parser not found for GRM.
18634;RMC;12/26/2016 10:25:25 PM;49.2172077666667;16.60632315;;;;
18635;;;;;;;;NMEA message parser not found for RMB.
18636;;;;;;;;Failed to parse: GGA.. Meters expected in GGA message.
18637;GSA;;;;;;;
18638;GSV;;;;;;;
18639;GSV;;;;;;;
18640;;;;;;;;NMEA message parser not found for GRM.
18641;RMC;12/26/2016 10:25:26 PM;49.21721005;16.6063134;;;;
18642;;;;;;;;NMEA message parser not found for RMB.
18643;;;;;;;;Failed to parse: GGA.. Meters expected in GGA message.
18644;GSA;;;;;;;
18645;GSV;;;;;;;
18646;GSV;;;;;;;
18647;;;;;;;;NMEA message parser not found for GRM.
18648;RMC;12/26/2016 10:25:27 PM;49.2172116166667;16.6063036666667;;;;
18649;;;;;;;;NMEA message parser not found for RMB.
18650;;;;;;;;Failed to parse: GGA.. Meters expected in GGA message.
18651;GSA;;;;;;;
18652;GSV;;;;;;;
18653;GSV;;;;;;;
18654;;;;;;;;NMEA message parser not found for GRM.
18655;RMC;12/26/2016 10:25:28 PM;49.21720885;16.6062940333333;;;;
18656;;;;;;;;NMEA message parser not found for RMB.
18657;;;;;;;;Failed to parse: GGA.. Meters expected in GGA message.
18658;GSA;;;;;;;
18659;GSV;;;;;;;
18660;GSV;;;;;;;
18661;;;;;;;;NMEA message parser not found for GRM.
18662;RMC;12/26/2016 10:25:29 PM;49.2172061;16.6062844166667;;;;
18663;;;;;;;;NMEA message parser not found for RMB.
18664;;;;;;;;Failed to parse: GGA.. Meters expected in GGA message.
18665;GSA;;;;;;;
18666;GSV;;;;;;;
18667;GSV;;;;;;;
18668;;;;;;;;NMEA message parser not found for GRM.
18669;RMC;12/26/2016 10:25:30 PM;49.2172033333333;16.6062748;;;;
18670;;;;;;;;NMEA message parser not found for RMB.
18671;;;;;;;;Failed to parse: GGA.. Meters expected in GGA message.
18672;GSA;;;;;;;
18673;GSV;;;;;;;
18674;GSV;;;;;;;
18675;;;;;;;;NMEA message parser not found for GRM.
18676;RMC;12/26/2016 10:25:31 PM;49.2172005833333;16.6062651666667;;;;
18677;;;;;;;;NMEA message parser not found for RMB.
18678;;;;;;;;Failed to parse: GGA.. Meters expected in GGA message.
18679;GSA;;;;;;;
18680;GSV;;;;;;;
18681;GSV;;;;;;;
18682;;;;;;;;NMEA message parser not found for GRM.
18683;RMC;12/26/2016 10:25:32 PM;49.2171978166667;16.60625555;;;;
18684;;;;;;;;NMEA message parser not found for RMB.
18685;;;;;;;;Failed to parse: GGA.. Meters expected in GGA message.
18686;GSA;;;;;;;
18687;GSV;;;;;;;
18688;GSV;;;;;;;
18689;;;;;;;;NMEA message parser not found for GRM.
18690;RMC;12/26/2016 10:25:33 PM;49.2171950666667;16.6062459333333;;;;
18691;;;;;;;;NMEA message parser not found for RMB.
18692;;;;;;;;Failed to parse: GGA.. Meters expected in GGA message.
18693;GSA;;;;;;;
18694;GSV;;;;;;;
18695;GSV;;;;;;;
18696;;;;;;;;NMEA message parser not found for GRM.
18697;RMC;12/26/2016 10:25:34 PM;49.2171923;16.6062363;;;;
18698;;;;;;;;NMEA message parser not found for RMB.
18699;;;;;;;;Failed to parse: GGA.. Meters expected in GGA message.
18700;GSA;;;;;;;
18701;GSV;;;;;;;
18702;GSV;;;;;;;
18703;;;;;;;;NMEA message parser not found for GRM.
18704;RMC;12/26/2016 10:25:35 PM;49.21718955;16.6062266833333;;;;
18705;;;;;;;;NMEA message parser not found for RMB.
18706;;;;;;;;Failed to parse: GGA.. Meters expected in GGA message.
18707;GSA;;;;;;;
18708;GSV;;;;;;;
18709;GSV;;;;;;;
18710;;;;;;;;NMEA message parser not found for GRM.
18711;RMC;12/26/2016 10:25:36 PM;49.2171867833333;16.6062170666667;;;;
18712;;;;;;;;NMEA message parser not found for RMB.
18713;;;;;;;;Failed to parse: GGA.. Meters expected in GGA message.
18714;GSA;;;;;;;
18715;GSV;;;;;;;
18716;GSV;;;;;;;
18717;;;;;;;;NMEA message parser not found for GRM.
18718;RMC;12/26/2016 10:25:37 PM;49.2171840166667;16.6062074333333;;;;
18719;;;;;;;;NMEA message parser not found for RMB.
18720;;;;;;;;Failed to parse: GGA.. Meters expected in GGA message.
18721;GSA;;;;;;;
18722;GSV;;;;;;;
18723;GSV;;;;;;;
18724;;;;;;;;NMEA message parser not found for GRM.
18725;RMC;12/26/2016 10:25:38 PM;49.2171812666667;16.6061978166667;;;;
18726;;;;;;;;NMEA message parser not found for RMB.
18727;;;;;;;;Failed to parse: GGA.. Meters expected in GGA message.
18728;GSA;;;;;;;
18729;GSV;;;;;;;
18730;GSV;;;;;;;
18731;;;;;;;;NMEA message parser not found for GRM.
18732;RMC;12/26/2016 10:25:39 PM;49.2171785;16.6061882;;;;
18733;;;;;;;;NMEA message parser not found for RMB.
18734;;;;;;;;Failed to parse: GGA.. Meters expected in GGA message.
18735;GSA;;;;;;;
18736;GSV;;;;;;;
18737;GSV;;;;;;;
18738;;;;;;;;NMEA message parser not found for GRM.
18739;RMC;12/26/2016 10:25:40 PM;49.21717575;16.6061785666667;;;;
18740;;;;;;;;NMEA message parser not found for RMB.
18741;;;;;;;;Failed to parse: GGA.. Meters expected in GGA message.
18742;GSA;;;;;;;
18743;GSV;;;;;;;
18744;GSV;;;;;;;
18745;;;;;;;;NMEA message parser not found for GRM.
18746;RMC;12/26/2016 10:25:41 PM;49.2171729833333;16.60616895;;;;
18747;;;;;;;;NMEA message parser not found for RMB.
18748;;;;;;;;Failed to parse: GGA.. Meters expected in GGA message.
18749;GSA;;;;;;;
18750;GSV;;;;;;;
18751;GSV;;;;;;;
18752;;;;;;;;NMEA message parser not found for GRM.
18753;RMC;12/26/2016 10:25:42 PM;49.2171702333333;16.6061593333333;;;;
18754;;;;;;;;NMEA message parser not found for RMB.
18755;;;;;;;;Failed to parse: GGA.. Meters expected in GGA message.
18756;GSA;;;;;;;
18757;GSV;;;;;;;
18758;GSV;;;;;;;
18759;;;;;;;;NMEA message parser not found for GRM.
18760;RMC;12/26/2016 10:25:43 PM;49.2171674666667;16.6061497;;;;
18761;;;;;;;;NMEA message parser not found for RMB.
18762;;;;;;;;Failed to parse: GGA.. Meters expected in GGA message.
18763;GSA;;;;;;;
18764;GSV;;;;;;;
18765;GSV;;;;;;;
18766;;;;;;;;NMEA message parser not found for GRM.
18767;RMC;12/26/2016 10:25:44 PM;49.2171647166667;16.6061400833333;;;;
18768;;;;;;;;NMEA message parser not found for RMB.
18769;;;;;;;;Failed to parse: GGA.. Meters expected in GGA message.
18770;GSA;;;;;;;
18771;GSV;;;;;;;
18772;GSV;;;;;;;
18773;;;;;;;;NMEA message parser not found for GRM.
18774;RMC;12/26/2016 10:25:45 PM;49.21716195;16.6061304666667;;;;
18775;;;;;;;;NMEA message parser not found for RMB.
18776;;;;;;;;Failed to parse: GGA.. Meters expected in GGA message.
18777;GSA;;;;;;;
18778;GSV;;;;;;;
18779;GSV;;;;;;;
18780;;;;;;;;NMEA message parser not found for GRM.
18781;RMC;12/26/2016 10:25:46 PM;49.2171591833333;16.60612085;;;;
18782;;;;;;;;NMEA message parser not found for RMB.
18783;;;;;;;;Failed to parse: GGA.. Meters expected in GGA message.
18784;GSA;;;;;;;
18785;GSV;;;;;;;
18786;GSV;;;;;;;
18787;;;;;;;;NMEA message parser not found for GRM.
18788;RMC;12/26/2016 10:25:47 PM;49.2171564333333;16.6061112166667;;;;
18789;;;;;;;;NMEA message parser not found for RMB.
18790;;;;;;;;Failed to parse: GGA.. Meters expected in GGA message.
18791;GSA;;;;;;;
18792;GSV;;;;;;;
18793;GSV;;;;;;;
18794;;;;;;;;NMEA message parser not found for GRM.
18795;RMC;12/26/2016 10:25:48 PM;49.2171536666667;16.6061016;;;;
18796;;;;;;;;NMEA message parser not found for RMB.
18797;;;;;;;;Failed to parse: GGA.. Meters expected in GGA message.
18798;GSA;;;;;;;
18799;GSV;;;;;;;
18800;GSV;;;;;;;
18801;;;;;;;;NMEA message parser not found for GRM.
18802;RMC;12/26/2016 10:25:49 PM;49.2171509166667;16.6060919833333;;;;
18803;;;;;;;;NMEA message parser not found for RMB.
18804;;;;;;;;Failed to parse: GGA.. Meters expected in GGA message.
18805;GSA;;;;;;;
18806;GSV;;;;;;;
18807;GSV;;;;;;;
18808;;;;;;;;NMEA message parser not found for GRM.
18809;RMC;12/26/2016 10:25:50 PM;49.21714815;16.60608235;;;;
18810;;;;;;;;NMEA message parser not found for RMB.
18811;;;;;;;;Failed to parse: GGA.. Meters expected in GGA message.
18812;GSA;;;;;;;
18813;GSV;;;;;;;
18814;GSV;;;;;;;
18815;;;;;;;;NMEA message parser not found for GRM.
18816;RMC;12/26/2016 10:25:51 PM;49.2171454;16.6060727333333;;;;
18817;;;;;;;;NMEA message parser not found for RMB.
18818;;;;;;;;Failed to parse: GGA.. Meters expected in GGA message.
18819;GSA;;;;;;;
18820;GSV;;;;;;;
18821;GSV;;;;;;;
18822;;;;;;;;NMEA message parser not found for GRM.
18823;RMC;12/26/2016 10:25:52 PM;49.2171426333333;16.6060631166667;;;;
18824;;;;;;;;NMEA message parser not found for RMB.
18825;;;;;;;;Failed to parse: GGA.. Meters expected in GGA message.
18826;GSA;;;;;;;
18827;GSV;;;;;;;
18828;GSV;;;;;;;
18829;;;;;;;;NMEA message parser not found for GRM.
18830;RMC;12/26/2016 10:25:53 PM;49.2171398666667;16.6060534833333;;;;
18831;;;;;;;;NMEA message parser not found for RMB.
18832;;;;;;;;Failed to parse: GGA.. Meters expected in GGA message.
18833;GSA;;;;;;;
18834;GSV;;;;;;;
18835;GSV;;;;;;;
18836;;;;;;;;NMEA message parser not found for GRM.
18837;RMC;12/26/2016 10:25:54 PM;49.2171371166667;16.6060438666667;;;;
18838;;;;;;;;NMEA message parser not found for RMB.
18839;;;;;;;;Failed to parse: GGA.. Meters expected in GGA message.
18840;GSA;;;;;;;
18841;GSV;;;;;;;
18842;GSV;;;;;;;
18843;;;;;;;;NMEA message parser not found for GRM.
18844;RMC;12/26/2016 10:25:55 PM;49.21713435;16.60603425;;;;
18845;;;;;;;;NMEA message parser not found for RMB.
18846;;;;;;;;Failed to parse: GGA.. Meters expected in GGA message.
18847;GSA;;;;;;;
18848;GSV;;;;;;;
18849;GSV;;;;;;;
18850;;;;;;;;NMEA message parser not found for GRM.
18851;RMC;12/26/2016 10:25:56 PM;49.2171316666667;16.6060246;;;;
18852;;;;;;;;NMEA message parser not found for RMB.
18853;;;;;;;;Failed to parse: GGA.. Meters expected in GGA message.
18854;GSA;;;;;;;
18855;GSV;;;;;;;
18856;GSV;;;;;;;
18857;;;;;;;;NMEA message parser not found for GRM.
18858;RMC;12/26/2016 10:25:57 PM;49.2171289666667;16.6060149666667;;;;
18859;;;;;;;;NMEA message parser not found for RMB.
18860;;;;;;;;Failed to parse: GGA.. Meters expected in GGA message.
18861;GSA;;;;;;;
18862;GSV;;;;;;;
18863;GSV;;;;;;;
18864;;;;;;;;NMEA message parser not found for GRM.
18865;RMC;12/26/2016 10:25:58 PM;49.2171262833333;16.6060053166667;;;;
18866;;;;;;;;NMEA message parser not found for RMB.
18867;;;;;;;;Failed to parse: GGA.. Meters expected in GGA message.
18868;GSA;;;;;;;
18869;GSV;;;;;;;
18870;GSV;;;;;;;
18871;;;;;;;;NMEA message parser not found for GRM.
18872;RMC;12/26/2016 10:25:59 PM;49.2171236;16.6059956833333;;;;
18873;;;;;;;;NMEA message parser not found for RMB.
18874;;;;;;;;Failed to parse: GGA.. Meters expected in GGA message.
18875;GSA;;;;;;;
18876;GSV;;;;;;;
18877;GSV;;;;;;;
18878;;;;;;;;NMEA message parser not found for GRM.
18879;RMC;12/26/2016 10:26:00 PM;49.2171209;16.6059860333333;;;;
18880;;;;;;;;NMEA message parser not found for RMB.
18881;;;;;;;;Failed to parse: GGA.. Meters expected in GGA message.
18882;GSA;;;;;;;
18883;GSV;;;;;;;
18884;GSV;;;;;;;
18885;;;;;;;;NMEA message parser not found for GRM.
18886;RMC;12/26/2016 10:26:01 PM;49.2171182166667;16.6059763833333;;;;
18887;;;;;;;;NMEA message parser not found for RMB.
18888;;;;;;;;Failed to parse: GGA.. Meters expected in GGA message.
18889;GSA;;;;;;;
18890;GSV;;;;;;;
18891;GSV;;;;;;;
18892;;;;;;;;NMEA message parser not found for GRM.
18893;RMC;12/26/2016 10:26:02 PM;49.2171155333333;16.60596675;;;;
18894;;;;;;;;NMEA message parser not found for RMB.
18895;;;;;;;;Failed to parse: GGA.. Meters expected in GGA message.
18896;GSA;;;;;;;
18897;GSV;;;;;;;
18898;GSV;;;;;;;
18899;;;;;;;;NMEA message parser not found for GRM.
18900;RMC;12/26/2016 10:26:03 PM;49.2171128333333;16.6059571;;;;
18901;;;;;;;;NMEA message parser not found for RMB.
18902;;;;;;;;Failed to parse: GGA.. Meters expected in GGA message.
18903;GSA;;;;;;;
18904;GSV;;;;;;;
18905;GSV;;;;;;;
18906;;;;;;;;NMEA message parser not found for GRM.
18907;RMC;12/26/2016 10:26:04 PM;49.21711015;16.6059474666667;;;;
18908;;;;;;;;NMEA message parser not found for RMB.
18909;;;;;;;;Failed to parse: GGA.. Meters expected in GGA message.
18910;GSA;;;;;;;
18911;GSV;;;;;;;
18912;GSV;;;;;;;
18913;;;;;;;;NMEA message parser not found for GRM.
18914;RMC;12/26/2016 10:26:05 PM;49.2171074666667;16.6059378166667;;;;
18915;;;;;;;;NMEA message parser not found for RMB.
18916;;;;;;;;Failed to parse: GGA.. Meters expected in GGA message.
18917;GSA;;;;;;;
18918;GSV;;;;;;;
18919;GSV;;;;;;;
18920;;;;;;;;NMEA message parser not found for GRM.
18921;RMC;12/26/2016 10:26:06 PM;49.2171047666667;16.6059281833333;;;;
18922;;;;;;;;NMEA message parser not found for RMB.
18923;;;;;;;;Failed to parse: GGA.. Meters expected in GGA message.
18924;GSA;;;;;;;
18925;GSV;;;;;;;
18926;GSV;;;;;;;
18927;;;;;;;;NMEA message parser not found for GRM.
18928;RMC;12/26/2016 10:26:07 PM;49.2171020833333;16.6059185333333;;;;
18929;;;;;;;;NMEA message parser not found for RMB.
18930;;;;;;;;Failed to parse: GGA.. Meters expected in GGA message.
18931;GSA;;;;;;;
18932;GSV;;;;;;;
18933;GSV;;;;;;;
18934;;;;;;;;NMEA message parser not found for GRM.
18935;RMC;12/26/2016 10:26:08 PM;49.2170994;16.6059089;;;;
18936;;;;;;;;NMEA message parser not found for RMB.
18937;;;;;;;;Failed to parse: GGA.. Meters expected in GGA message.
18938;GSA;;;;;;;
18939;GSV;;;;;;;
18940;GSV;;;;;;;
18941;;;;;;;;NMEA message parser not found for GRM.
18942;RMC;12/26/2016 10:26:09 PM;49.2170967;16.60589925;;;;
18943;;;;;;;;NMEA message parser not found for RMB.
18944;;;;;;;;Failed to parse: GGA.. Meters expected in GGA message.
18945;GSA;;;;;;;
18946;GSV;;;;;;;
18947;GSV;;;;;;;
18948;;;;;;;;NMEA message parser not found for GRM.
18949;RMC;12/26/2016 10:26:10 PM;49.2170940166667;16.6058896166667;;;;
18950;;;;;;;;NMEA message parser not found for RMB.
18951;;;;;;;;Failed to parse: GGA.. Meters expected in GGA message.
18952;GSA;;;;;;;
18953;GSV;;;;;;;
18954;GSV;;;;;;;
18955;;;;;;;;NMEA message parser not found for GRM.
18956;RMC;12/26/2016 10:26:11 PM;49.2170913333333;16.6058799666667;;;;
18957;;;;;;;;NMEA message parser not found for RMB.
18958;;;;;;;;Failed to parse: GGA.. Meters expected in GGA message.
18959;GSA;;;;;;;
18960;GSV;;;;;;;
18961;GSV;;;;;;;
18962;;;;;;;;NMEA message parser not found for GRM.
18963;RMC;12/26/2016 10:26:12 PM;49.2170886333333;16.6058703333333;;;;
18964;;;;;;;;NMEA message parser not found for RMB.
18965;;;;;;;;Failed to parse: GGA.. Meters expected in GGA message.
18966;GSA;;;;;;;
18967;GSV;;;;;;;
18968;GSV;;;;;;;
18969;;;;;;;;NMEA message parser not found for GRM.
18970;RMC;12/26/2016 10:26:13 PM;49.21708595;16.6058606833333;;;;
18971;;;;;;;;NMEA message parser not found for RMB.
18972;;;;;;;;Failed to parse: GGA.. Meters expected in GGA message.
18973;GSA;;;;;;;
18974;GSV;;;;;;;
18975;GSV;;;;;;;
18976;;;;;;;;NMEA message parser not found for GRM.
18977;RMC;12/26/2016 10:26:14 PM;49.2170832666667;16.60585105;;;;
18978;;;;;;;;NMEA message parser not found for RMB.
18979;;;;;;;;Failed to parse: GGA.. Meters expected in GGA message.
18980;GSA;;;;;;;
18981;GSV;;;;;;;
18982;GSV;;;;;;;
18983;;;;;;;;NMEA message parser not found for GRM.
18984;RMC;12/26/2016 10:26:15 PM;49.2170805666667;16.6058414;;;;
18985;;;;;;;;NMEA message parser not found for RMB.
18986;;;;;;;;Failed to parse: GGA.. Meters expected in GGA message.
18987;GSA;;;;;;;
18988;GSV;;;;;;;
18989;GSV;;;;;;;
18990;;;;;;;;NMEA message parser not found for GRM.
18991;RMC;12/26/2016 10:26:16 PM;49.2170778833333;16.6058317666667;;;;
18992;;;;;;;;NMEA message parser not found for RMB.
18993;;;;;;;;Failed to parse: GGA.. Meters expected in GGA message.
18994;GSA;;;;;;;
18995;GSV;;;;;;;
18996;GSV;;;;;;;
18997;;;;;;;;NMEA message parser not found for GRM.
18998;RMC;12/26/2016 10:26:17 PM;49.2170751666667;16.6058221333333;;;;
18999;;;;;;;;NMEA message parser not found for RMB.
19000;;;;;;;;Failed to parse: GGA.. Meters expected in GGA message.
19001;GSA;;;;;;;
19002;GSV;;;;;;;
19003;GSV;;;;;;;
19004;;;;;;;;NMEA message parser not found for GRM.
19005;RMC;12/26/2016 10:26:18 PM;49.21707235;16.6058125166667;;;;
19006;;;;;;;;NMEA message parser not found for RMB.
19007;;;;;;;;Failed to parse: GGA.. Meters expected in GGA message.
19008;GSA;;;;;;;
19009;GSV;;;;;;;
19010;GSV;;;;;;;
19011;;;;;;;;NMEA message parser not found for GRM.
19012;RMC;12/26/2016 10:26:19 PM;49.2170695333333;16.6058029166667;;;;
19013;;;;;;;;NMEA message parser not found for RMB.
19014;;;;;;;;Failed to parse: GGA.. Meters expected in GGA message.
19015;GSA;;;;;;;
19016;GSV;;;;;;;
19017;GSV;;;;;;;
19018;;;;;;;;NMEA message parser not found for GRM.
19019;RMC;12/26/2016 10:26:20 PM;49.2170667333333;16.6057933;;;;
19020;;;;;;;;NMEA message parser not found for RMB.
19021;;;;;;;;Failed to parse: GGA.. Meters expected in GGA message.
19022;GSA;;;;;;;
19023;GSV;;;;;;;
19024;GSV;;;;;;;
19025;;;;;;;;NMEA message parser not found for GRM.
19026;RMC;12/26/2016 10:26:21 PM;49.2170639166667;16.6057837;;;;
19027;;;;;;;;NMEA message parser not found for RMB.
19028;;;;;;;;Failed to parse: GGA.. Meters expected in GGA message.
19029;GSA;;;;;;;
19030;GSV;;;;;;;
19031;GSV;;;;;;;
19032;;;;;;;;NMEA message parser not found for GRM.
19033;RMC;12/26/2016 10:26:22 PM;49.2170611166667;16.6057740833333;;;;
19034;;;;;;;;NMEA message parser not found for RMB.
19035;;;;;;;;Failed to parse: GGA.. Meters expected in GGA message.
19036;GSA;;;;;;;
19037;GSV;;;;;;;
19038;GSV;;;;;;;
19039;;;;;;;;NMEA message parser not found for GRM.
19040;RMC;12/26/2016 10:26:23 PM;49.2170583;16.6057644833333;;;;
19041;;;;;;;;NMEA message parser not found for RMB.
19042;;;;;;;;Failed to parse: GGA.. Meters expected in GGA message.
19043;GSA;;;;;;;
19044;GSV;;;;;;;
19045;GSV;;;;;;;
19046;;;;;;;;NMEA message parser not found for GRM.
19047;RMC;12/26/2016 10:26:24 PM;49.2170555;16.6057548666667;;;;
19048;;;;;;;;NMEA message parser not found for RMB.
19049;;;;;;;;Failed to parse: GGA.. Meters expected in GGA message.
19050;GSA;;;;;;;
19051;GSV;;;;;;;
19052;GSV;;;;;;;
19053;;;;;;;;NMEA message parser not found for GRM.
19054;RMC;12/26/2016 10:26:25 PM;49.2170526833333;16.6057452666667;;;;
19055;;;;;;;;NMEA message parser not found for RMB.
19056;;;;;;;;Failed to parse: GGA.. Meters expected in GGA message.
19057;GSA;;;;;;;
19058;GSV;;;;;;;
19059;GSV;;;;;;;
19060;;;;;;;;NMEA message parser not found for GRM.
19061;RMC;12/26/2016 10:26:26 PM;49.2170498833333;16.60573565;;;;
19062;;;;;;;;NMEA message parser not found for RMB.
19063;;;;;;;;Failed to parse: GGA.. Meters expected in GGA message.
19064;GSA;;;;;;;
19065;GSV;;;;;;;
19066;GSV;;;;;;;
19067;;;;;;;;NMEA message parser not found for GRM.
19068;RMC;12/26/2016 10:26:27 PM;49.2170470666667;16.60572605;;;;
19069;;;;;;;;NMEA message parser not found for RMB.
19070;;;;;;;;Failed to parse: GGA.. Meters expected in GGA message.
19071;GSA;;;;;;;
19072;GSV;;;;;;;
19073;GSV;;;;;;;
19074;;;;;;;;NMEA message parser not found for GRM.
19075;RMC;12/26/2016 10:26:28 PM;49.21704425;16.60571645;;;;
19076;;;;;;;;NMEA message parser not found for RMB.
19077;;;;;;;;Failed to parse: GGA.. Meters expected in GGA message.
19078;GSA;;;;;;;
19079;GSV;;;;;;;
19080;GSV;;;;;;;
19081;;;;;;;;NMEA message parser not found for GRM.
19082;RMC;12/26/2016 10:26:29 PM;49.21704145;16.6057068333333;;;;
19083;;;;;;;;NMEA message parser not found for RMB.
19084;;;;;;;;Failed to parse: GGA.. Meters expected in GGA message.
19085;GSA;;;;;;;
19086;GSV;;;;;;;
19087;GSV;;;;;;;
19088;;;;;;;;NMEA message parser not found for GRM.
19089;RMC;12/26/2016 10:26:30 PM;49.2170386333333;16.6056972333333;;;;
19090;;;;;;;;NMEA message parser not found for RMB.
19091;;;;;;;;Failed to parse: GGA.. Meters expected in GGA message.
19092;GSA;;;;;;;
19093;GSV;;;;;;;
19094;GSV;;;;;;;
19095;;;;;;;;NMEA message parser not found for GRM.
19096;RMC;12/26/2016 10:26:31 PM;49.2170358333333;16.6056876166667;;;;
19097;;;;;;;;NMEA message parser not found for RMB.
19098;;;;;;;;Failed to parse: GGA.. Meters expected in GGA message.
19099;GSA;;;;;;;
19100;GSV;;;;;;;
19101;GSV;;;;;;;
19102;;;;;;;;NMEA message parser not found for GRM.
19103;RMC;12/26/2016 10:26:32 PM;49.2170330166667;16.6056780166667;;;;
19104;;;;;;;;NMEA message parser not found for RMB.
19105;;;;;;;;Failed to parse: GGA.. Meters expected in GGA message.
19106;GSA;;;;;;;
19107;GSV;;;;;;;
19108;GSV;;;;;;;
19109;;;;;;;;NMEA message parser not found for GRM.
19110;RMC;12/26/2016 10:26:33 PM;49.2170302166667;16.6056684;;;;
19111;;;;;;;;NMEA message parser not found for RMB.
19112;;;;;;;;Failed to parse: GGA.. Meters expected in GGA message.
19113;GSA;;;;;;;
19114;GSV;;;;;;;
19115;GSV;;;;;;;
19116;;;;;;;;NMEA message parser not found for GRM.
19117;RMC;12/26/2016 10:26:34 PM;49.2170274;16.6056588;;;;
19118;;;;;;;;NMEA message parser not found for RMB.
19119;;;;;;;;Failed to parse: GGA.. Meters expected in GGA message.
19120;GSA;;;;;;;
19121;GSV;;;;;;;
19122;GSV;;;;;;;
19123;;;;;;;;NMEA message parser not found for GRM.
19124;RMC;12/26/2016 10:26:35 PM;49.2170245833333;16.6056491833333;;;;
19125;;;;;;;;NMEA message parser not found for RMB.
19126;;;;;;;;Failed to parse: GGA.. Meters expected in GGA message.
19127;GSA;;;;;;;
19128;GSV;;;;;;;
19129;GSV;;;;;;;
19130;;;;;;;;NMEA message parser not found for GRM.
19131;RMC;12/26/2016 10:26:36 PM;49.2170217833333;16.6056395833333;;;;
19132;;;;;;;;NMEA message parser not found for RMB.
19133;;;;;;;;Failed to parse: GGA.. Meters expected in GGA message.
19134;GSA;;;;;;;
19135;GSV;;;;;;;
19136;GSV;;;;;;;
19137;;;;;;;;NMEA message parser not found for GRM.
19138;RMC;12/26/2016 10:26:37 PM;49.2170189666667;16.6056299666667;;;;
19139;;;;;;;;NMEA message parser not found for RMB.
19140;;;;;;;;Failed to parse: GGA.. Meters expected in GGA message.
19141;GSA;;;;;;;
19142;GSV;;;;;;;
19143;GSV;;;;;;;
19144;;;;;;;;NMEA message parser not found for GRM.
19145;RMC;12/26/2016 10:26:38 PM;49.2170161666667;16.6056203666667;;;;
19146;;;;;;;;NMEA message parser not found for RMB.
19147;;;;;;;;Failed to parse: GGA.. Meters expected in GGA message.
19148;GSA;;;;;;;
19149;GSV;;;;;;;
19150;GSV;;;;;;;
19151;;;;;;;;NMEA message parser not found for GRM.
19152;RMC;12/26/2016 10:26:39 PM;49.21701335;16.60561075;;;;
19153;;;;;;;;NMEA message parser not found for RMB.
19154;;;;;;;;Failed to parse: GGA.. Meters expected in GGA message.
19155;GSA;;;;;;;
19156;GSV;;;;;;;
19157;GSV;;;;;;;
19158;;;;;;;;NMEA message parser not found for GRM.
19159;RMC;12/26/2016 10:26:40 PM;49.21701055;16.60560115;;;;
19160;;;;;;;;NMEA message parser not found for RMB.
19161;;;;;;;;Failed to parse: GGA.. Meters expected in GGA message.
19162;GSA;;;;;;;
19163;GSV;;;;;;;
19164;GSV;;;;;;;
19165;;;;;;;;NMEA message parser not found for GRM.
19166;RMC;12/26/2016 10:26:41 PM;49.2170077333333;16.60559155;;;;
19167;;;;;;;;NMEA message parser not found for RMB.
19168;;;;;;;;Failed to parse: GGA.. Meters expected in GGA message.
19169;GSA;;;;;;;
19170;GSV;;;;;;;
19171;GSV;;;;;;;
19172;;;;;;;;NMEA message parser not found for GRM.
19173;RMC;12/26/2016 10:26:42 PM;49.2170049333333;16.6055819333333;;;;
19174;;;;;;;;NMEA message parser not found for RMB.
19175;;;;;;;;Failed to parse: GGA.. Meters expected in GGA message.
19176;GSA;;;;;;;
19177;GSV;;;;;;;
19178;GSV;;;;;;;
19179;;;;;;;;NMEA message parser not found for GRM.
19180;RMC;12/26/2016 10:26:43 PM;49.2170021166667;16.6055723333333;;;;
19181;;;;;;;;NMEA message parser not found for RMB.
19182;;;;;;;;Failed to parse: GGA.. Meters expected in GGA message.
19183;GSA;;;;;;;
19184;GSV;;;;;;;
19185;GSV;;;;;;;
19186;;;;;;;;NMEA message parser not found for GRM.
19187;RMC;12/26/2016 10:26:44 PM;49.2169993;16.6055627166667;;;;
19188;;;;;;;;NMEA message parser not found for RMB.
19189;;;;;;;;Failed to parse: GGA.. Meters expected in GGA message.
19190;GSA;;;;;;;
19191;GSV;;;;;;;
19192;GSV;;;;;;;
19193;;;;;;;;NMEA message parser not found for GRM.
19194;RMC;12/26/2016 10:26:45 PM;49.2169965;16.6055531166667;;;;
19195;;;;;;;;NMEA message parser not found for RMB.
19196;;;;;;;;Failed to parse: GGA.. Meters expected in GGA message.
19197;GSA;;;;;;;
19198;GSV;;;;;;;
19199;GSV;;;;;;;
19200;;;;;;;;NMEA message parser not found for GRM.
19201;RMC;12/26/2016 10:26:46 PM;49.2169936833333;16.6055435;;;;
19202;;;;;;;;NMEA message parser not found for RMB.
19203;;;;;;;;Failed to parse: GGA.. Meters expected in GGA message.
19204;GSA;;;;;;;
19205;GSV;;;;;;;
19206;GSV;;;;;;;
19207;;;;;;;;NMEA message parser not found for GRM.
19208;RMC;12/26/2016 10:26:47 PM;49.2169908833333;16.6055339;;;;
19209;;;;;;;;NMEA message parser not found for RMB.
19210;;;;;;;;Failed to parse: GGA.. Meters expected in GGA message.
19211;GSA;;;;;;;
19212;GSV;;;;;;;
19213;GSV;;;;;;;
19214;;;;;;;;NMEA message parser not found for GRM.
19215;RMC;12/26/2016 10:26:48 PM;49.2169880666667;16.6055242833333;;;;
19216;;;;;;;;NMEA message parser not found for RMB.
19217;;;;;;;;Failed to parse: GGA.. Meters expected in GGA message.
19218;GSA;;;;;;;
19219;GSV;;;;;;;
19220;GSV;;;;;;;
19221;;;;;;;;NMEA message parser not found for GRM.
19222;RMC;12/26/2016 10:26:49 PM;49.2169852666667;16.6055146833333;;;;
19223;;;;;;;;NMEA message parser not found for RMB.
19224;;;;;;;;Failed to parse: GGA.. Meters expected in GGA message.
19225;GSA;;;;;;;
19226;GSV;;;;;;;
19227;GSV;;;;;;;
19228;;;;;;;;NMEA message parser not found for GRM.
19229;RMC;12/26/2016 10:26:50 PM;49.21698245;16.6055050666667;;;;
19230;;;;;;;;NMEA message parser not found for RMB.
19231;;;;;;;;Failed to parse: GGA.. Meters expected in GGA message.
19232;GSA;;;;;;;
19233;GSV;;;;;;;
19234;GSV;;;;;;;
19235;;;;;;;;NMEA message parser not found for GRM.
19236;RMC;12/26/2016 10:26:51 PM;49.2169796333333;16.6054954666667;;;;
19237;;;;;;;;NMEA message parser not found for RMB.
19238;;;;;;;;Failed to parse: GGA.. Meters expected in GGA message.
19239;GSA;;;;;;;
19240;GSV;;;;;;;
19241;GSV;;;;;;;
19242;;;;;;;;NMEA message parser not found for GRM.
19243;RMC;12/26/2016 10:26:52 PM;49.2169768333333;16.60548585;;;;
19244;;;;;;;;NMEA message parser not found for RMB.
19245;;;;;;;;Failed to parse: GGA.. Meters expected in GGA message.
19246;GSA;;;;;;;
19247;GSV;;;;;;;
19248;GSV;;;;;;;
19249;;;;;;;;NMEA message parser not found for GRM.
19250;RMC;12/26/2016 10:26:53 PM;49.2169740166667;16.60547625;;;;
19251;;;;;;;;NMEA message parser not found for RMB.
19252;;;;;;;;Failed to parse: GGA.. Meters expected in GGA message.
19253;GSA;;;;;;;
19254;GSV;;;;;;;
19255;GSV;;;;;;;
19256;;;;;;;;NMEA message parser not found for GRM.
19257;RMC;12/26/2016 10:26:54 PM;49.2169712166667;16.60546665;;;;
19258;;;;;;;;NMEA message parser not found for RMB.
19259;;;;;;;;Failed to parse: GGA.. Meters expected in GGA message.
19260;GSA;;;;;;;
19261;GSV;;;;;;;
19262;GSV;;;;;;;
19263;;;;;;;;NMEA message parser not found for GRM.
19264;RMC;12/26/2016 10:26:55 PM;49.2169684;16.6054570333333;;;;
19265;;;;;;;;NMEA message parser not found for RMB.
19266;;;;;;;;Failed to parse: GGA.. Meters expected in GGA message.
19267;GSA;;;;;;;
19268;GSV;;;;;;;
19269;GSV;;;;;;;
19270;;;;;;;;NMEA message parser not found for GRM.
19271;RMC;12/26/2016 10:26:56 PM;49.2169656;16.6054474333333;;;;
19272;;;;;;;;NMEA message parser not found for RMB.
19273;;;;;;;;Failed to parse: GGA.. Meters expected in GGA message.
19274;GSA;;;;;;;
19275;GSV;;;;;;;
19276;GSV;;;;;;;
19277;;;;;;;;NMEA message parser not found for GRM.
19278;RMC;12/26/2016 10:26:57 PM;49.2169627833333;16.6054378166667;;;;
19279;;;;;;;;NMEA message parser not found for RMB.
19280;;;;;;;;Failed to parse: GGA.. Meters expected in GGA message.
19281;GSA;;;;;;;
19282;GSV;;;;;;;
19283;GSV;;;;;;;
19284;;;;;;;;NMEA message parser not found for GRM.
19285;RMC;12/26/2016 10:26:58 PM;49.2169599666667;16.6054282166667;;;;
19286;;;;;;;;NMEA message parser not found for RMB.
19287;;;;;;;;Failed to parse: GGA.. Meters expected in GGA message.
19288;GSA;;;;;;;
19289;GSV;;;;;;;
19290;GSV;;;;;;;
19291;;;;;;;;NMEA message parser not found for GRM.
19292;RMC;12/26/2016 10:26:59 PM;49.2169571666667;16.6054186;;;;
19293;;;;;;;;NMEA message parser not found for RMB.
19294;;;;;;;;Failed to parse: GGA.. Meters expected in GGA message.
19295;GSA;;;;;;;
19296;GSV;;;;;;;
19297;GSV;;;;;;;
19298;;;;;;;;NMEA message parser not found for GRM.
19299;RMC;12/26/2016 10:27:00 PM;49.21695435;16.605409;;;;
19300;;;;;;;;NMEA message parser not found for RMB.
19301;;;;;;;;Failed to parse: GGA.. Meters expected in GGA message.
19302;GSA;;;;;;;
19303;GSV;;;;;;;
19304;GSV;;;;;;;
19305;;;;;;;;NMEA message parser not found for GRM.
19306;RMC;12/26/2016 10:27:01 PM;49.21695155;16.6053993833333;;;;
19307;;;;;;;;NMEA message parser not found for RMB.
19308;;;;;;;;Failed to parse: GGA.. Meters expected in GGA message.
19309;GSA;;;;;;;
19310;GSV;;;;;;;
19311;GSV;;;;;;;
19312;;;;;;;;NMEA message parser not found for GRM.
19313;RMC;12/26/2016 10:27:02 PM;49.2169487333333;16.6053897833333;;;;
19314;;;;;;;;NMEA message parser not found for RMB.
19315;;;;;;;;Failed to parse: GGA.. Meters expected in GGA message.
19316;GSA;;;;;;;
19317;GSV;;;;;;;
19318;GSV;;;;;;;
19319;;;;;;;;NMEA message parser not found for GRM.
19320;RMC;12/26/2016 10:27:03 PM;49.2169459333333;16.6053801666667;;;;
19321;;;;;;;;NMEA message parser not found for RMB.
19322;;;;;;;;Failed to parse: GGA.. Meters expected in GGA message.
19323;GSA;;;;;;;
19324;GSV;;;;;;;
19325;GSV;;;;;;;
19326;;;;;;;;NMEA message parser not found for GRM.
19327;RMC;12/26/2016 10:27:04 PM;49.2169409333333;16.6053716666667;;;;
19328;;;;;;;;NMEA message parser not found for RMB.
19329;;;;;;;;Failed to parse: GGA.. Meters expected in GGA message.
19330;GSA;;;;;;;
19331;GSV;;;;;;;
19332;GSV;;;;;;;
19333;;;;;;;;NMEA message parser not found for GRM.
19334;RMC;12/26/2016 10:27:05 PM;49.2169348833333;16.6053637;;;;
19335;;;;;;;;NMEA message parser not found for RMB.
19336;;;;;;;;Failed to parse: GGA.. Meters expected in GGA message.
19337;GSA;;;;;;;
19338;GSV;;;;;;;
19339;GSV;;;;;;;
19340;;;;;;;;NMEA message parser not found for GRM.
19341;RMC;12/26/2016 10:27:06 PM;49.2169288166667;16.6053557333333;;;;
19342;;;;;;;;NMEA message parser not found for RMB.
19343;;;;;;;;Failed to parse: GGA.. Meters expected in GGA message.
19344;GSA;;;;;;;
19345;GSV;;;;;;;
19346;GSV;;;;;;;
19347;;;;;;;;NMEA message parser not found for GRM.
19348;RMC;12/26/2016 10:27:07 PM;49.21692275;16.6053477666667;;;;
19349;;;;;;;;NMEA message parser not found for RMB.
19350;;;;;;;;Failed to parse: GGA.. Meters expected in GGA message.
19351;GSA;;;;;;;
19352;GSV;;;;;;;
19353;GSV;;;;;;;
19354;;;;;;;;NMEA message parser not found for GRM.
19355;RMC;12/26/2016 10:27:08 PM;49.2169167;16.6053398;;;;
19356;;;;;;;;NMEA message parser not found for RMB.
19357;;;;;;;;Failed to parse: GGA.. Meters expected in GGA message.
19358;GSA;;;;;;;
19359;GSV;;;;;;;
19360;GSV;;;;;;;
19361;;;;;;;;NMEA message parser not found for GRM.
19362;RMC;12/26/2016 10:27:09 PM;49.2169106333333;16.6053318333333;;;;
19363;;;;;;;;NMEA message parser not found for RMB.
19364;;;;;;;;Failed to parse: GGA.. Meters expected in GGA message.
19365;GSA;;;;;;;
19366;GSV;;;;;;;
19367;GSV;;;;;;;
19368;;;;;;;;NMEA message parser not found for GRM.
19369;RMC;12/26/2016 10:27:10 PM;49.2169045666667;16.6053238666667;;;;
19370;;;;;;;;NMEA message parser not found for RMB.
19371;;;;;;;;Failed to parse: GGA.. Meters expected in GGA message.
19372;GSA;;;;;;;
19373;GSV;;;;;;;
19374;GSV;;;;;;;
19375;;;;;;;;NMEA message parser not found for GRM.
19376;RMC;12/26/2016 10:27:11 PM;49.2168985166667;16.6053159;;;;
19377;;;;;;;;NMEA message parser not found for RMB.
19378;;;;;;;;Failed to parse: GGA.. Meters expected in GGA message.
19379;GSA;;;;;;;
19380;GSV;;;;;;;
19381;GSV;;;;;;;
19382;;;;;;;;NMEA message parser not found for GRM.
19383;RMC;12/26/2016 10:27:12 PM;49.21689245;16.6053079333333;;;;
19384;;;;;;;;NMEA message parser not found for RMB.
19385;;;;;;;;Failed to parse: GGA.. Meters expected in GGA message.
19386;GSA;;;;;;;
19387;GSV;;;;;;;
19388;GSV;;;;;;;
19389;;;;;;;;NMEA message parser not found for GRM.
19390;RMC;12/26/2016 10:27:13 PM;49.2168863833333;16.6052999666667;;;;
19391;;;;;;;;NMEA message parser not found for RMB.
19392;;;;;;;;Failed to parse: GGA.. Meters expected in GGA message.
19393;GSA;;;;;;;
19394;GSV;;;;;;;
19395;GSV;;;;;;;
19396;;;;;;;;NMEA message parser not found for GRM.
19397;RMC;12/26/2016 10:27:14 PM;49.2168803166667;16.605292;;;;
19398;;;;;;;;NMEA message parser not found for RMB.
19399;;;;;;;;Failed to parse: GGA.. Meters expected in GGA message.
19400;GSA;;;;;;;
19401;GSV;;;;;;;
19402;GSV;;;;;;;
19403;;;;;;;;NMEA message parser not found for GRM.
19404;RMC;12/26/2016 10:27:15 PM;49.2168742666667;16.6052840333333;;;;
19405;;;;;;;;NMEA message parser not found for RMB.
19406;;;;;;;;Failed to parse: GGA.. Meters expected in GGA message.
19407;GSA;;;;;;;
19408;GSV;;;;;;;
19409;GSV;;;;;;;
19410;;;;;;;;NMEA message parser not found for GRM.
19411;RMC;12/26/2016 10:27:16 PM;49.2168682;16.6052760666667;;;;
19412;;;;;;;;NMEA message parser not found for RMB.
19413;;;;;;;;Failed to parse: GGA.. Meters expected in GGA message.
19414;GSA;;;;;;;
19415;GSV;;;;;;;
19416;GSV;;;;;;;
19417;;;;;;;;NMEA message parser not found for GRM.
19418;RMC;12/26/2016 10:27:17 PM;49.2168621333333;16.6052681;;;;
19419;;;;;;;;NMEA message parser not found for RMB.
19420;;;;;;;;Failed to parse: GGA.. Meters expected in GGA message.
19421;GSA;;;;;;;
19422;GSV;;;;;;;
19423;GSV;;;;;;;
19424;;;;;;;;NMEA message parser not found for GRM.
19425;RMC;12/26/2016 10:27:18 PM;49.2168560833333;16.6052601333333;;;;
19426;;;;;;;;NMEA message parser not found for RMB.
19427;;;;;;;;Failed to parse: GGA.. Meters expected in GGA message.
19428;GSA;;;;;;;
19429;GSV;;;;;;;
19430;GSV;;;;;;;
19431;;;;;;;;NMEA message parser not found for GRM.
19432;RMC;12/26/2016 10:27:19 PM;49.2168500166667;16.6052521833333;;;;
19433;;;;;;;;NMEA message parser not found for RMB.
19434;;;;;;;;Failed to parse: GGA.. Meters expected in GGA message.
19435;GSA;;;;;;;
19436;GSV;;;;;;;
19437;GSV;;;;;;;
19438;;;;;;;;NMEA message parser not found for GRM.
19439;RMC;12/26/2016 10:27:20 PM;49.21684395;16.6052442166667;;;;
19440;;;;;;;;NMEA message parser not found for RMB.
19441;;;;;;;;Failed to parse: GGA.. Meters expected in GGA message.
19442;GSA;;;;;;;
19443;GSV;;;;;;;
19444;GSV;;;;;;;
19445;;;;;;;;NMEA message parser not found for GRM.
19446;RMC;12/26/2016 10:27:21 PM;49.2168379;16.60523625;;;;
19447;;;;;;;;NMEA message parser not found for RMB.
19448;;;;;;;;Failed to parse: GGA.. Meters expected in GGA message.
19449;GSA;;;;;;;
19450;GSV;;;;;;;
19451;GSV;;;;;;;
19452;;;;;;;;NMEA message parser not found for GRM.
19453;RMC;12/26/2016 10:27:22 PM;49.2168318333333;16.6052282833333;;;;
19454;;;;;;;;NMEA message parser not found for RMB.
19455;;;;;;;;Failed to parse: GGA.. Meters expected in GGA message.
19456;GSA;;;;;;;
19457;GSV;;;;;;;
19458;GSV;;;;;;;
19459;;;;;;;;NMEA message parser not found for GRM.
19460;RMC;12/26/2016 10:27:23 PM;49.2168257666667;16.6052203166667;;;;
19461;;;;;;;;NMEA message parser not found for RMB.
19462;;;;;;;;Failed to parse: GGA.. Meters expected in GGA message.
19463;GSA;;;;;;;
19464;GSV;;;;;;;
19465;GSV;;;;;;;
19466;;;;;;;;NMEA message parser not found for GRM.
19467;RMC;12/26/2016 10:27:24 PM;49.2168197166667;16.60521235;;;;
19468;;;;;;;;NMEA message parser not found for RMB.
19469;;;;;;;;Failed to parse: GGA.. Meters expected in GGA message.
19470;GSA;;;;;;;
19471;GSV;;;;;;;
19472;GSV;;;;;;;
19473;;;;;;;;NMEA message parser not found for GRM.
19474;RMC;12/26/2016 10:27:25 PM;49.21681365;16.6052043833333;;;;
19475;;;;;;;;NMEA message parser not found for RMB.
19476;;;;;;;;Failed to parse: GGA.. Meters expected in GGA message.
19477;GSA;;;;;;;
19478;GSV;;;;;;;
19479;GSV;;;;;;;
19480;;;;;;;;NMEA message parser not found for GRM.
19481;RMC;12/26/2016 10:27:26 PM;49.2168075833333;16.6051964166667;;;;
19482;;;;;;;;NMEA message parser not found for RMB.
19483;;;;;;;;Failed to parse: GGA.. Meters expected in GGA message.
19484;GSA;;;;;;;
19485;GSV;;;;;;;
19486;GSV;;;;;;;
19487;;;;;;;;NMEA message parser not found for GRM.
19488;RMC;12/26/2016 10:27:27 PM;49.2168015166667;16.60518845;;;;
19489;;;;;;;;NMEA message parser not found for RMB.
19490;;;;;;;;Failed to parse: GGA.. Meters expected in GGA message.
19491;GSA;;;;;;;
19492;GSV;;;;;;;
19493;GSV;;;;;;;
19494;;;;;;;;NMEA message parser not found for GRM.
19495;RMC;12/26/2016 10:27:28 PM;49.2167954666667;16.6051804833333;;;;
19496;;;;;;;;NMEA message parser not found for RMB.
19497;;;;;;;;Failed to parse: GGA.. Meters expected in GGA message.
19498;GSA;;;;;;;
19499;GSV;;;;;;;
19500;GSV;;;;;;;
19501;;;;;;;;NMEA message parser not found for GRM.
19502;RMC;12/26/2016 10:27:29 PM;49.2167894;16.6051725166667;;;;
19503;;;;;;;;NMEA message parser not found for RMB.
19504;;;;;;;;Failed to parse: GGA.. Meters expected in GGA message.
19505;GSA;;;;;;;
19506;GSV;;;;;;;
19507;GSV;;;;;;;
19508;;;;;;;;NMEA message parser not found for GRM.
19509;RMC;12/26/2016 10:27:30 PM;49.2167833333333;16.60516455;;;;
19510;;;;;;;;NMEA message parser not found for RMB.
19511;;;;;;;;Failed to parse: GGA.. Meters expected in GGA message.
19512;GSA;;;;;;;
19513;GSV;;;;;;;
19514;GSV;;;;;;;
19515;;;;;;;;NMEA message parser not found for GRM.
19516;RMC;12/26/2016 10:27:31 PM;49.2167772833333;16.6051565833333;;;;
19517;;;;;;;;NMEA message parser not found for RMB.
19518;;;;;;;;Failed to parse: GGA.. Meters expected in GGA message.
19519;GSA;;;;;;;
19520;GSV;;;;;;;
19521;GSV;;;;;;;
19522;;;;;;;;NMEA message parser not found for GRM.
19523;RMC;12/26/2016 10:27:32 PM;49.2167712166667;16.6051486166667;;;;
19524;;;;;;;;NMEA message parser not found for RMB.
19525;;;;;;;;Failed to parse: GGA.. Meters expected in GGA message.
19526;GSA;;;;;;;
19527;GSV;;;;;;;
19528;GSV;;;;;;;
19529;;;;;;;;NMEA message parser not found for GRM.
19530;RMC;12/26/2016 10:27:33 PM;49.21676515;16.60514065;;;;
19531;;;;;;;;NMEA message parser not found for RMB.
19532;;;;;;;;Failed to parse: GGA.. Meters expected in GGA message.
19533;GSA;;;;;;;
19534;GSV;;;;;;;
19535;GSV;;;;;;;
19536;;;;;;;;NMEA message parser not found for GRM.
19537;RMC;12/26/2016 10:27:34 PM;49.2167591;16.6051326833333;;;;
19538;;;;;;;;NMEA message parser not found for RMB.
19539;;;;;;;;Failed to parse: GGA.. Meters expected in GGA message.
19540;GSA;;;;;;;
19541;GSV;;;;;;;
19542;GSV;;;;;;;
19543;;;;;;;;NMEA message parser not found for GRM.
19544;RMC;12/26/2016 10:27:35 PM;49.2167530333333;16.6051247166667;;;;
19545;;;;;;;;NMEA message parser not found for RMB.
19546;;;;;;;;Failed to parse: GGA.. Meters expected in GGA message.
19547;GSA;;;;;;;
19548;GSV;;;;;;;
19549;GSV;;;;;;;
19550;;;;;;;;NMEA message parser not found for GRM.
19551;RMC;12/26/2016 10:27:36 PM;49.2167469666667;16.60511675;;;;
19552;;;;;;;;NMEA message parser not found for RMB.
19553;;;;;;;;Failed to parse: GGA.. Meters expected in GGA message.
19554;GSA;;;;;;;
19555;GSV;;;;;;;
19556;GSV;;;;;;;
19557;;;;;;;;NMEA message parser not found for GRM.
19558;RMC;12/26/2016 10:27:37 PM;49.2167409;16.6051087833333;;;;
19559;;;;;;;;NMEA message parser not found for RMB.
19560;;;;;;;;Failed to parse: GGA.. Meters expected in GGA message.
19561;GSA;;;;;;;
19562;GSV;;;;;;;
19563;GSV;;;;;;;
19564;;;;;;;;NMEA message parser not found for GRM.
19565;RMC;12/26/2016 10:27:38 PM;49.21673485;16.6051008166667;;;;
19566;;;;;;;;NMEA message parser not found for RMB.
19567;;;;;;;;Failed to parse: GGA.. Meters expected in GGA message.
19568;GSA;;;;;;;
19569;GSV;;;;;;;
19570;GSV;;;;;;;
19571;;;;;;;;NMEA message parser not found for GRM.
19572;RMC;12/26/2016 10:27:39 PM;49.2167287833333;16.60509285;;;;
19573;;;;;;;;NMEA message parser not found for RMB.
19574;;;;;;;;Failed to parse: GGA.. Meters expected in GGA message.
19575;GSA;;;;;;;
19576;GSV;;;;;;;
19577;GSV;;;;;;;
19578;;;;;;;;NMEA message parser not found for GRM.
19579;RMC;12/26/2016 10:27:40 PM;49.2167227166667;16.6050848833333;;;;
19580;;;;;;;;NMEA message parser not found for RMB.
19581;;;;;;;;Failed to parse: GGA.. Meters expected in GGA message.
19582;GSA;;;;;;;
19583;GSV;;;;;;;
19584;GSV;;;;;;;
19585;;;;;;;;NMEA message parser not found for GRM.
19586;RMC;12/26/2016 10:27:41 PM;49.2167166666667;16.6050769166667;;;;
19587;;;;;;;;NMEA message parser not found for RMB.
19588;;;;;;;;Failed to parse: GGA.. Meters expected in GGA message.
19589;GSA;;;;;;;
19590;GSV;;;;;;;
19591;GSV;;;;;;;
19592;;;;;;;;NMEA message parser not found for GRM.
19593;RMC;12/26/2016 10:27:42 PM;49.2167106;16.60506895;;;;
19594;;;;;;;;NMEA message parser not found for RMB.
19595;;;;;;;;Failed to parse: GGA.. Meters expected in GGA message.
19596;GSA;;;;;;;
19597;GSV;;;;;;;
19598;GSV;;;;;;;
19599;;;;;;;;NMEA message parser not found for GRM.
19600;RMC;12/26/2016 10:27:43 PM;49.2167045333333;16.6050609833333;;;;
19601;;;;;;;;NMEA message parser not found for RMB.
19602;;;;;;;;Failed to parse: GGA.. Meters expected in GGA message.
19603;GSA;;;;;;;
19604;GSV;;;;;;;
19605;GSV;;;;;;;
19606;;;;;;;;NMEA message parser not found for GRM.
19607;RMC;12/26/2016 10:27:44 PM;49.2166984833333;16.6050530333333;;;;
19608;;;;;;;;NMEA message parser not found for RMB.
19609;;;;;;;;Failed to parse: GGA.. Meters expected in GGA message.
19610;GSA;;;;;;;
19611;GSV;;;;;;;
19612;GSV;;;;;;;
19613;;;;;;;;NMEA message parser not found for GRM.
19614;RMC;12/26/2016 10:27:45 PM;49.2166924166667;16.6050450666667;;;;
19615;;;;;;;;NMEA message parser not found for RMB.
19616;;;;;;;;Failed to parse: GGA.. Meters expected in GGA message.
19617;GSA;;;;;;;
19618;GSV;;;;;;;
19619;GSV;;;;;;;
19620;;;;;;;;NMEA message parser not found for GRM.
19621;RMC;12/26/2016 10:27:46 PM;49.21668635;16.6050371;;;;
19622;;;;;;;;NMEA message parser not found for RMB.
19623;;;;;;;;Failed to parse: GGA.. Meters expected in GGA message.
19624;GSA;;;;;;;
19625;GSV;;;;;;;
19626;GSV;;;;;;;
19627;;;;;;;;NMEA message parser not found for GRM.
19628;RMC;12/26/2016 10:27:47 PM;49.2166789166667;16.6050305666667;;;;
19629;;;;;;;;NMEA message parser not found for RMB.
19630;;;;;;;;Failed to parse: GGA.. Meters expected in GGA message.
19631;GSA;;;;;;;
19632;GSV;;;;;;;
19633;GSV;;;;;;;
19634;;;;;;;;NMEA message parser not found for GRM.
19635;RMC;12/26/2016 10:27:48 PM;49.2166706333333;16.6050249666667;;;;
19636;;;;;;;;NMEA message parser not found for RMB.
19637;;;;;;;;Failed to parse: GGA.. Meters expected in GGA message.
19638;GSA;;;;;;;
19639;GSV;;;;;;;
19640;GSV;;;;;;;
19641;;;;;;;;NMEA message parser not found for GRM.
19642;RMC;12/26/2016 10:27:49 PM;49.2166623333333;16.6050193666667;;;;
19643;;;;;;;;NMEA message parser not found for RMB.
19644;;;;;;;;Failed to parse: GGA.. Meters expected in GGA message.
19645;GSA;;;;;;;
19646;GSV;;;;;;;
19647;GSV;;;;;;;
19648;;;;;;;;NMEA message parser not found for GRM.
19649;RMC;12/26/2016 10:27:50 PM;49.2166540333333;16.6050137666667;;;;
19650;;;;;;;;NMEA message parser not found for RMB.
19651;;;;;;;;Failed to parse: GGA.. Meters expected in GGA message.
19652;GSA;;;;;;;
19653;GSV;;;;;;;
19654;GSV;;;;;;;
19655;;;;;;;;NMEA message parser not found for GRM.
19656;RMC;12/26/2016 10:27:51 PM;49.2166457333333;16.6050081666667;;;;
19657;;;;;;;;NMEA message parser not found for RMB.
19658;;;;;;;;Failed to parse: GGA.. Meters expected in GGA message.
19659;GSA;;;;;;;
19660;GSV;;;;;;;
19661;GSV;;;;;;;
19662;;;;;;;;NMEA message parser not found for GRM.
19663;RMC;12/26/2016 10:27:52 PM;49.2166374333333;16.6050025666667;;;;
19664;;;;;;;;NMEA message parser not found for RMB.
19665;;;;;;;;Failed to parse: GGA.. Meters expected in GGA message.
19666;GSA;;;;;;;
19667;GSV;;;;;;;
19668;GSV;;;;;;;
19669;;;;;;;;NMEA message parser not found for GRM.
19670;RMC;12/26/2016 10:27:53 PM;49.21662915;16.6049969666667;;;;
19671;;;;;;;;NMEA message parser not found for RMB.
19672;;;;;;;;Failed to parse: GGA.. Meters expected in GGA message.
19673;GSA;;;;;;;
19674;GSV;;;;;;;
19675;GSV;;;;;;;
19676;;;;;;;;NMEA message parser not found for GRM.
19677;RMC;12/26/2016 10:27:54 PM;49.21662085;16.6049913666667;;;;
19678;;;;;;;;NMEA message parser not found for RMB.
19679;;;;;;;;Failed to parse: GGA.. Meters expected in GGA message.
19680;GSA;;;;;;;
19681;GSV;;;;;;;
19682;GSV;;;;;;;
19683;;;;;;;;NMEA message parser not found for GRM.
19684;RMC;12/26/2016 10:27:55 PM;49.21661255;16.6049857666667;;;;
19685;;;;;;;;NMEA message parser not found for RMB.
19686;;;;;;;;Failed to parse: GGA.. Meters expected in GGA message.
19687;GSA;;;;;;;
19688;GSV;;;;;;;
19689;GSV;;;;;;;
19690;;;;;;;;NMEA message parser not found for GRM.
19691;RMC;12/26/2016 10:27:56 PM;49.21660425;16.6049801666667;;;;
19692;;;;;;;;NMEA message parser not found for RMB.
19693;;;;;;;;Failed to parse: GGA.. Meters expected in GGA message.
19694;GSA;;;;;;;
19695;GSV;;;;;;;
19696;GSV;;;;;;;
19697;;;;;;;;NMEA message parser not found for GRM.
19698;RMC;12/26/2016 10:27:57 PM;49.2166031;16.6049703333333;;;;
19699;;;;;;;;NMEA message parser not found for RMB.
19700;;;;;;;;Failed to parse: GGA.. Meters expected in GGA message.
19701;GSA;;;;;;;
19702;GSV;;;;;;;
19703;GSV;;;;;;;
19704;;;;;;;;NMEA message parser not found for GRM.
19705;RMC;12/26/2016 10:27:58 PM;49.2166021833333;16.6049603666667;;;;
19706;;;;;;;;NMEA message parser not found for RMB.
19707;;;;;;;;Failed to parse: GGA.. Meters expected in GGA message.
19708;GSA;;;;;;;
19709;GSV;;;;;;;
19710;GSV;;;;;;;
19711;;;;;;;;NMEA message parser not found for GRM.
19712;RMC;12/26/2016 10:27:59 PM;49.2166012666667;16.6049504;;;;
19713;;;;;;;;NMEA message parser not found for RMB.
19714;;;;;;;;Failed to parse: GGA.. Meters expected in GGA message.
19715;GSA;;;;;;;
19716;GSV;;;;;;;
19717;GSV;;;;;;;
19718;;;;;;;;NMEA message parser not found for GRM.
19719;RMC;12/26/2016 10:28:00 PM;49.21660035;16.6049404333333;;;;
19720;;;;;;;;NMEA message parser not found for RMB.
19721;;;;;;;;Failed to parse: GGA.. Meters expected in GGA message.
19722;GSA;;;;;;;
19723;GSV;;;;;;;
19724;GSV;;;;;;;
19725;;;;;;;;NMEA message parser not found for GRM.
19726;RMC;12/26/2016 10:28:01 PM;49.2165994166667;16.6049304666667;;;;
19727;;;;;;;;NMEA message parser not found for RMB.
19728;;;;;;;;Failed to parse: GGA.. Meters expected in GGA message.
19729;GSA;;;;;;;
19730;GSV;;;;;;;
19731;GSV;;;;;;;
19732;;;;;;;;NMEA message parser not found for GRM.
19733;RMC;12/26/2016 10:28:02 PM;49.2165985;16.6049205;;;;
19734;;;;;;;;NMEA message parser not found for RMB.
19735;;;;;;;;Failed to parse: GGA.. Meters expected in GGA message.
19736;GSA;;;;;;;
19737;GSV;;;;;;;
19738;GSV;;;;;;;
19739;;;;;;;;NMEA message parser not found for GRM.
19740;RMC;12/26/2016 10:28:03 PM;49.2165975833333;16.6049105333333;;;;
19741;;;;;;;;NMEA message parser not found for RMB.
19742;;;;;;;;Failed to parse: GGA.. Meters expected in GGA message.
19743;GSA;;;;;;;
19744;GSV;;;;;;;
19745;GSV;;;;;;;
19746;;;;;;;;NMEA message parser not found for GRM.
19747;RMC;12/26/2016 10:28:04 PM;49.2165966666667;16.6049005666667;;;;
19748;;;;;;;;NMEA message parser not found for RMB.
19749;;;;;;;;Failed to parse: GGA.. Meters expected in GGA message.
19750;GSA;;;;;;;
19751;GSV;;;;;;;
19752;GSV;;;;;;;
19753;;;;;;;;NMEA message parser not found for GRM.
19754;RMC;12/26/2016 10:28:05 PM;49.2165957333333;16.6048906;;;;
19755;;;;;;;;NMEA message parser not found for RMB.
19756;;;;;;;;Failed to parse: GGA.. Meters expected in GGA message.
19757;GSA;;;;;;;
19758;GSV;;;;;;;
19759;GSV;;;;;;;
19760;;;;;;;;NMEA message parser not found for GRM.
19761;RMC;12/26/2016 10:28:06 PM;49.2165948166667;16.6048806333333;;;;
19762;;;;;;;;NMEA message parser not found for RMB.
19763;;;;;;;;Failed to parse: GGA.. Meters expected in GGA message.
19764;GSA;;;;;;;
19765;GSV;;;;;;;
19766;GSV;;;;;;;
19767;;;;;;;;NMEA message parser not found for GRM.
19768;RMC;12/26/2016 10:28:07 PM;49.2165939;16.6048706666667;;;;
19769;;;;;;;;NMEA message parser not found for RMB.
19770;;;;;;;;Failed to parse: GGA.. Meters expected in GGA message.
19771;GSA;;;;;;;
19772;GSV;;;;;;;
19773;GSV;;;;;;;
19774;;;;;;;;NMEA message parser not found for GRM.
19775;RMC;12/26/2016 10:28:08 PM;49.2165929833333;16.6048607;;;;
19776;;;;;;;;NMEA message parser not found for RMB.
19777;;;;;;;;Failed to parse: GGA.. Meters expected in GGA message.
19778;GSA;;;;;;;
19779;GSV;;;;;;;
19780;GSV;;;;;;;
19781;;;;;;;;NMEA message parser not found for GRM.
19782;RMC;12/26/2016 10:28:09 PM;49.21659205;16.6048507333333;;;;
19783;;;;;;;;NMEA message parser not found for RMB.
19784;;;;;;;;Failed to parse: GGA.. Meters expected in GGA message.
19785;GSA;;;;;;;
19786;GSV;;;;;;;
19787;GSV;;;;;;;
19788;;;;;;;;NMEA message parser not found for GRM.
19789;RMC;12/26/2016 10:28:10 PM;49.2165911333333;16.6048407666667;;;;
19790;;;;;;;;NMEA message parser not found for RMB.
19791;;;;;;;;Failed to parse: GGA.. Meters expected in GGA message.
19792;GSA;;;;;;;
19793;GSV;;;;;;;
19794;GSV;;;;;;;
19795;;;;;;;;NMEA message parser not found for GRM.
19796;RMC;12/26/2016 10:28:11 PM;49.2165902166667;16.6048307833333;;;;
19797;;;;;;;;NMEA message parser not found for RMB.
19798;;;;;;;;Failed to parse: GGA.. Meters expected in GGA message.
19799;GSA;;;;;;;
19800;GSV;;;;;;;
19801;GSV;;;;;;;
19802;;;;;;;;NMEA message parser not found for GRM.
19803;RMC;12/26/2016 10:28:12 PM;49.2165893;16.6048208166667;;;;
19804;;;;;;;;NMEA message parser not found for RMB.
19805;;;;;;;;Failed to parse: GGA.. Meters expected in GGA message.
19806;GSA;;;;;;;
19807;GSV;;;;;;;
19808;GSV;;;;;;;
19809;;;;;;;;NMEA message parser not found for GRM.
19810;RMC;12/26/2016 10:28:13 PM;49.2165883666667;16.60481085;;;;
19811;;;;;;;;NMEA message parser not found for RMB.
19812;;;;;;;;Failed to parse: GGA.. Meters expected in GGA message.
19813;GSA;;;;;;;
19814;GSV;;;;;;;
19815;GSV;;;;;;;
19816;;;;;;;;NMEA message parser not found for GRM.
19817;RMC;12/26/2016 10:28:14 PM;49.21658745;16.6048008833333;;;;
19818;;;;;;;;NMEA message parser not found for RMB.
19819;;;;;;;;Failed to parse: GGA.. Meters expected in GGA message.
19820;GSA;;;;;;;
19821;GSV;;;;;;;
19822;GSV;;;;;;;
19823;;;;;;;;NMEA message parser not found for GRM.
19824;RMC;12/26/2016 10:28:15 PM;49.2165849666667;16.6047913166667;;;;
19825;;;;;;;;NMEA message parser not found for RMB.
19826;;;;;;;;Failed to parse: GGA.. Meters expected in GGA message.
19827;GSA;;;;;;;
19828;GSV;;;;;;;
19829;GSV;;;;;;;
19830;;;;;;;;NMEA message parser not found for GRM.
19831;RMC;12/26/2016 10:28:16 PM;49.2165809666667;16.60478215;;;;
19832;;;;;;;;NMEA message parser not found for RMB.
19833;;;;;;;;Failed to parse: GGA.. Meters expected in GGA message.
19834;GSA;;;;;;;
19835;GSV;;;;;;;
19836;GSV;;;;;;;
19837;;;;;;;;NMEA message parser not found for GRM.
19838;RMC;12/26/2016 10:28:17 PM;49.2165769666667;16.6047729666667;;;;
19839;;;;;;;;NMEA message parser not found for RMB.
19840;;;;;;;;Failed to parse: GGA.. Meters expected in GGA message.
19841;GSA;;;;;;;
19842;GSV;;;;;;;
19843;GSV;;;;;;;
19844;;;;;;;;NMEA message parser not found for GRM.
19845;RMC;12/26/2016 10:28:18 PM;49.2165729666667;16.6047638;;;;
19846;;;;;;;;NMEA message parser not found for RMB.
19847;;;;;;;;Failed to parse: GGA.. Meters expected in GGA message.
19848;GSA;;;;;;;
19849;GSV;;;;;;;
19850;GSV;;;;;;;
19851;;;;;;;;NMEA message parser not found for GRM.
19852;RMC;12/26/2016 10:28:19 PM;49.21656895;16.6047546166667;;;;
19853;;;;;;;;NMEA message parser not found for RMB.
19854;;;;;;;;Failed to parse: GGA.. Meters expected in GGA message.
19855;GSA;;;;;;;
19856;GSV;;;;;;;
19857;GSV;;;;;;;
19858;;;;;;;;NMEA message parser not found for GRM.
19859;RMC;12/26/2016 10:28:20 PM;49.21656495;16.60474545;;;;
19860;;;;;;;;NMEA message parser not found for RMB.
19861;;;;;;;;Failed to parse: GGA.. Meters expected in GGA message.
19862;GSA;;;;;;;
19863;GSV;;;;;;;
19864;GSV;;;;;;;
19865;;;;;;;;NMEA message parser not found for GRM.
19866;RMC;12/26/2016 10:28:21 PM;49.21656095;16.6047362666667;;;;
19867;;;;;;;;NMEA message parser not found for RMB.
19868;;;;;;;;Failed to parse: GGA.. Meters expected in GGA message.
19869;GSA;;;;;;;
19870;GSV;;;;;;;
19871;GSV;;;;;;;
19872;;;;;;;;NMEA message parser not found for GRM.
19873;RMC;12/26/2016 10:28:22 PM;49.21655695;16.6047271;;;;
19874;;;;;;;;NMEA message parser not found for RMB.
19875;;;;;;;;Failed to parse: GGA.. Meters expected in GGA message.
19876;GSA;;;;;;;
19877;GSV;;;;;;;
19878;GSV;;;;;;;
19879;;;;;;;;NMEA message parser not found for GRM.
19880;RMC;12/26/2016 10:28:23 PM;49.21655295;16.6047179166667;;;;
19881;;;;;;;;NMEA message parser not found for RMB.
19882;;;;;;;;Failed to parse: GGA.. Meters expected in GGA message.
19883;GSA;;;;;;;
19884;GSV;;;;;;;
19885;GSV;;;;;;;
19886;;;;;;;;NMEA message parser not found for GRM.
19887;RMC;12/26/2016 10:28:24 PM;49.21654895;16.60470875;;;;
19888;;;;;;;;NMEA message parser not found for RMB.
19889;;;;;;;;Failed to parse: GGA.. Meters expected in GGA message.
19890;GSA;;;;;;;
19891;GSV;;;;;;;
19892;GSV;;;;;;;
19893;;;;;;;;NMEA message parser not found for GRM.
19894;RMC;12/26/2016 10:28:25 PM;49.21654495;16.6046995666667;;;;
19895;;;;;;;;NMEA message parser not found for RMB.
19896;;;;;;;;Failed to parse: GGA.. Meters expected in GGA message.
19897;GSA;;;;;;;
19898;GSV;;;;;;;
19899;GSV;;;;;;;
19900;;;;;;;;NMEA message parser not found for GRM.
19901;RMC;12/26/2016 10:28:26 PM;49.21654095;16.6046903833333;;;;
19902;;;;;;;;NMEA message parser not found for RMB.
19903;;;;;;;;Failed to parse: GGA.. Meters expected in GGA message.
19904;GSA;;;;;;;
19905;GSV;;;;;;;
19906;GSV;;;;;;;
19907;;;;;;;;NMEA message parser not found for GRM.
19908;RMC;12/26/2016 10:28:27 PM;49.21653695;16.6046812166667;;;;
19909;;;;;;;;NMEA message parser not found for RMB.
19910;;;;;;;;Failed to parse: GGA.. Meters expected in GGA message.
19911;GSA;;;;;;;
19912;GSV;;;;;;;
19913;GSV;;;;;;;
19914;;;;;;;;NMEA message parser not found for GRM.
19915;RMC;12/26/2016 10:28:28 PM;49.21653295;16.6046720333333;;;;
19916;;;;;;;;NMEA message parser not found for RMB.
19917;;;;;;;;Failed to parse: GGA.. Meters expected in GGA message.
19918;GSA;;;;;;;
19919;GSV;;;;;;;
19920;GSV;;;;;;;
19921;;;;;;;;NMEA message parser not found for GRM.
19922;RMC;12/26/2016 10:28:29 PM;49.21652895;16.6046628666667;;;;
19923;;;;;;;;NMEA message parser not found for RMB.
19924;;;;;;;;Failed to parse: GGA.. Meters expected in GGA message.
19925;GSA;;;;;;;
19926;GSV;;;;;;;
19927;GSV;;;;;;;
19928;;;;;;;;NMEA message parser not found for GRM.
19929;RMC;12/26/2016 10:28:30 PM;49.21652495;16.6046536833333;;;;
19930;;;;;;;;NMEA message parser not found for RMB.
19931;;;;;;;;Failed to parse: GGA.. Meters expected in GGA message.
19932;GSA;;;;;;;
19933;GSV;;;;;;;
19934;GSV;;;;;;;
19935;;;;;;;;NMEA message parser not found for GRM.
19936;RMC;12/26/2016 10:28:31 PM;49.21652095;16.6046445166667;;;;
19937;;;;;;;;NMEA message parser not found for RMB.
19938;;;;;;;;Failed to parse: GGA.. Meters expected in GGA message.
19939;GSA;;;;;;;
19940;GSV;;;;;;;
19941;GSV;;;;;;;
19942;;;;;;;;NMEA message parser not found for GRM.
19943;RMC;12/26/2016 10:28:32 PM;49.21651695;16.6046353333333;;;;
19944;;;;;;;;NMEA message parser not found for RMB.
19945;;;;;;;;Failed to parse: GGA.. Meters expected in GGA message.
19946;GSA;;;;;;;
19947;GSV;;;;;;;
19948;GSV;;;;;;;
19949;;;;;;;;NMEA message parser not found for GRM.
19950;RMC;12/26/2016 10:28:33 PM;49.21651295;16.6046261666667;;;;
19951;;;;;;;;NMEA message parser not found for RMB.
19952;;;;;;;;Failed to parse: GGA.. Meters expected in GGA message.
19953;GSA;;;;;;;
19954;GSV;;;;;;;
19955;GSV;;;;;;;
19956;;;;;;;;NMEA message parser not found for GRM.
19957;RMC;12/26/2016 10:28:34 PM;49.21650895;16.6046169833333;;;;
19958;;;;;;;;NMEA message parser not found for RMB.
19959;;;;;;;;Failed to parse: GGA.. Meters expected in GGA message.
19960;GSA;;;;;;;
19961;GSV;;;;;;;
19962;GSV;;;;;;;
19963;;;;;;;;NMEA message parser not found for GRM.
19964;RMC;12/26/2016 10:28:35 PM;49.21650495;16.6046078166667;;;;
19965;;;;;;;;NMEA message parser not found for RMB.
19966;;;;;;;;Failed to parse: GGA.. Meters expected in GGA message.
19967;GSA;;;;;;;
19968;GSV;;;;;;;
19969;GSV;;;;;;;
19970;;;;;;;;NMEA message parser not found for GRM.
19971;RMC;12/26/2016 10:28:36 PM;49.21650095;16.6045986333333;;;;
19972;;;;;;;;NMEA message parser not found for RMB.
19973;;;;;;;;Failed to parse: GGA.. Meters expected in GGA message.
19974;GSA;;;;;;;
19975;GSV;;;;;;;
19976;GSV;;;;;;;
19977;;;;;;;;NMEA message parser not found for GRM.
19978;RMC;12/26/2016 10:28:37 PM;49.21649695;16.6045894666667;;;;
19979;;;;;;;;NMEA message parser not found for RMB.
19980;;;;;;;;Failed to parse: GGA.. Meters expected in GGA message.
19981;GSA;;;;;;;
19982;GSV;;;;;;;
19983;GSV;;;;;;;
19984;;;;;;;;NMEA message parser not found for GRM.
19985;RMC;12/26/2016 10:28:38 PM;49.2164898666667;16.6045846666667;;;;
19986;;;;;;;;NMEA message parser not found for RMB.
19987;;;;;;;;Failed to parse: GGA.. Meters expected in GGA message.
19988;GSA;;;;;;;
19989;GSV;;;;;;;
19990;GSV;;;;;;;
19991;;;;;;;;NMEA message parser not found for GRM.
19992;RMC;12/26/2016 10:28:39 PM;49.2164798833333;16.6045840166667;;;;
19993;;;;;;;;NMEA message parser not found for RMB.
19994;;;;;;;;Failed to parse: GGA.. Meters expected in GGA message.
19995;GSA;;;;;;;
19996;GSV;;;;;;;
19997;GSV;;;;;;;
19998;;;;;;;;NMEA message parser not found for GRM.
19999;RMC;12/26/2016 10:28:40 PM;49.2164698833333;16.6045833833333;;;;
20000;;;;;;;;NMEA message parser not found for RMB.
20001;;;;;;;;Failed to parse: GGA.. Meters expected in GGA message.
20002;GSA;;;;;;;
20003;GSV;;;;;;;
20004;GSV;;;;;;;
20005;;;;;;;;NMEA message parser not found for GRM.
20006;RMC;12/26/2016 10:28:41 PM;49.2164599;16.6045827333333;;;;
20007;;;;;;;;NMEA message parser not found for RMB.
20008;;;;;;;;Failed to parse: GGA.. Meters expected in GGA message.
20009;GSA;;;;;;;
20010;GSV;;;;;;;
20011;GSV;;;;;;;
20012;;;;;;;;NMEA message parser not found for GRM.
20013;RMC;12/26/2016 10:28:42 PM;49.2164499;16.6045820833333;;;;
20014;;;;;;;;NMEA message parser not found for RMB.
20015;;;;;;;;Failed to parse: GGA.. Meters expected in GGA message.
20016;GSA;;;;;;;
20017;GSV;;;;;;;
20018;GSV;;;;;;;
20019;;;;;;;;NMEA message parser not found for GRM.
20020;RMC;12/26/2016 10:28:43 PM;49.2164399166667;16.60458145;;;;
20021;;;;;;;;NMEA message parser not found for RMB.
20022;;;;;;;;Failed to parse: GGA.. Meters expected in GGA message.
20023;GSA;;;;;;;
20024;GSV;;;;;;;
20025;GSV;;;;;;;
20026;;;;;;;;NMEA message parser not found for GRM.
20027;RMC;12/26/2016 10:28:44 PM;49.2164299333333;16.6045808;;;;
20028;;;;;;;;NMEA message parser not found for RMB.
20029;;;;;;;;Failed to parse: GGA.. Meters expected in GGA message.
20030;GSA;;;;;;;
20031;GSV;;;;;;;
20032;GSV;;;;;;;
20033;;;;;;;;NMEA message parser not found for GRM.
20034;RMC;12/26/2016 10:28:45 PM;49.2164199333333;16.60458015;;;;
20035;;;;;;;;NMEA message parser not found for RMB.
20036;;;;;;;;Failed to parse: GGA.. Meters expected in GGA message.
20037;GSA;;;;;;;
20038;GSV;;;;;;;
20039;GSV;;;;;;;
20040;;;;;;;;NMEA message parser not found for GRM.
20041;RMC;12/26/2016 10:28:46 PM;49.21640995;16.6045795166667;;;;
20042;;;;;;;;NMEA message parser not found for RMB.
20043;;;;;;;;Failed to parse: GGA.. Meters expected in GGA message.
20044;GSA;;;;;;;
20045;GSV;;;;;;;
20046;GSV;;;;;;;
20047;;;;;;;;NMEA message parser not found for GRM.
20048;RMC;12/26/2016 10:28:47 PM;49.2163999666667;16.6045788666667;;;;
20049;;;;;;;;NMEA message parser not found for RMB.
20050;;;;;;;;Failed to parse: GGA.. Meters expected in GGA message.
20051;GSA;;;;;;;
20052;GSV;;;;;;;
20053;GSV;;;;;;;
20054;;;;;;;;NMEA message parser not found for GRM.
20055;RMC;12/26/2016 10:28:48 PM;49.2163899666667;16.6045782166667;;;;
20056;;;;;;;;NMEA message parser not found for RMB.
20057;;;;;;;;Failed to parse: GGA.. Meters expected in GGA message.
20058;GSA;;;;;;;
20059;GSV;;;;;;;
20060;GSV;;;;;;;
20061;;;;;;;;NMEA message parser not found for GRM.
20062;RMC;12/26/2016 10:28:49 PM;49.2163799833333;16.6045775833333;;;;
20063;;;;;;;;NMEA message parser not found for RMB.
20064;;;;;;;;Failed to parse: GGA.. Meters expected in GGA message.
20065;GSA;;;;;;;
20066;GSV;;;;;;;
20067;GSV;;;;;;;
20068;;;;;;;;NMEA message parser not found for GRM.
20069;RMC;12/26/2016 10:28:50 PM;49.2163706666667;16.60457605;;;;
20070;;;;;;;;NMEA message parser not found for RMB.
20071;;;;;;;;Failed to parse: GGA.. Meters expected in GGA message.
20072;GSA;;;;;;;
20073;GSV;;;;;;;
20074;GSV;;;;;;;
20075;;;;;;;;NMEA message parser not found for GRM.
20076;RMC;12/26/2016 10:28:51 PM;49.2163674;16.6045665833333;;;;
20077;;;;;;;;NMEA message parser not found for RMB.
20078;;;;;;;;Failed to parse: GGA.. Meters expected in GGA message.
20079;GSA;;;;;;;
20080;GSV;;;;;;;
20081;GSV;;;;;;;
20082;;;;;;;;NMEA message parser not found for GRM.
20083;RMC;12/26/2016 10:28:52 PM;49.2163641166667;16.6045571333333;;;;
20084;;;;;;;;NMEA message parser not found for RMB.
20085;;;;;;;;Failed to parse: GGA.. Meters expected in GGA message.
20086;GSA;;;;;;;
20087;GSV;;;;;;;
20088;GSV;;;;;;;
20089;;;;;;;;NMEA message parser not found for GRM.
20090;RMC;12/26/2016 10:28:53 PM;49.21636085;16.6045476666667;;;;
20091;;;;;;;;NMEA message parser not found for RMB.
20092;;;;;;;;Failed to parse: GGA.. Meters expected in GGA message.
20093;GSA;;;;;;;
20094;GSV;;;;;;;
20095;GSV;;;;;;;
20096;;;;;;;;NMEA message parser not found for GRM.
20097;RMC;12/26/2016 10:28:54 PM;49.2163575666667;16.6045382166667;;;;
20098;;;;;;;;NMEA message parser not found for RMB.
20099;;;;;;;;Failed to parse: GGA.. Meters expected in GGA message.
20100;GSA;;;;;;;
20101;GSV;;;;;;;
20102;GSV;;;;;;;
20103;;;;;;;;NMEA message parser not found for GRM.
20104;RMC;12/26/2016 10:28:55 PM;49.2163543;16.60452875;;;;
20105;;;;;;;;NMEA message parser not found for RMB.
20106;;;;;;;;Failed to parse: GGA.. Meters expected in GGA message.
20107;GSA;;;;;;;
20108;GSV;;;;;;;
20109;GSV;;;;;;;
20110;;;;;;;;NMEA message parser not found for GRM.
20111;RMC;12/26/2016 10:28:56 PM;49.2163510166667;16.6045192833333;;;;
20112;;;;;;;;NMEA message parser not found for RMB.
20113;;;;;;;;Failed to parse: GGA.. Meters expected in GGA message.
20114;GSA;;;;;;;
20115;GSV;;;;;;;
20116;GSV;;;;;;;
20117;;;;;;;;NMEA message parser not found for GRM.
20118;RMC;12/26/2016 10:28:57 PM;49.21634775;16.6045098333333;;;;
20119;;;;;;;;NMEA message parser not found for RMB.
20120;;;;;;;;Failed to parse: GGA.. Meters expected in GGA message.
20121;GSA;;;;;;;
20122;GSV;;;;;;;
20123;GSV;;;;;;;
20124;;;;;;;;NMEA message parser not found for GRM.
20125;RMC;12/26/2016 10:28:58 PM;49.2163444833333;16.6045003666667;;;;
20126;;;;;;;;NMEA message parser not found for RMB.
20127;;;;;;;;Failed to parse: GGA.. Meters expected in GGA message.
20128;GSA;;;;;;;
20129;GSV;;;;;;;
20130;GSV;;;;;;;
20131;;;;;;;;NMEA message parser not found for GRM.
20132;RMC;12/26/2016 10:28:59 PM;49.21634255;16.6044905666667;;;;
20133;;;;;;;;NMEA message parser not found for RMB.
20134;;;;;;;;Failed to parse: GGA.. Meters expected in GGA message.
20135;GSA;;;;;;;
20136;GSV;;;;;;;
20137;GSV;;;;;;;
20138;;;;;;;;NMEA message parser not found for GRM.
20139;RMC;12/26/2016 10:29:00 PM;49.2163408666667;16.6044807;;;;
20140;;;;;;;;NMEA message parser not found for RMB.
20141;;;;;;;;Failed to parse: GGA.. Meters expected in GGA message.
20142;GSA;;;;;;;
20143;GSV;;;;;;;
20144;GSV;;;;;;;
20145;;;;;;;;NMEA message parser not found for GRM.
20146;RMC;12/26/2016 10:29:01 PM;49.2163391666667;16.6044708333333;;;;
20147;;;;;;;;NMEA message parser not found for RMB.
20148;;;;;;;;Failed to parse: GGA.. Meters expected in GGA message.
20149;GSA;;;;;;;
20150;GSV;;;;;;;
20151;GSV;;;;;;;
20152;;;;;;;;NMEA message parser not found for GRM.
20153;RMC;12/26/2016 10:29:02 PM;49.2163374833333;16.6044609666667;;;;
20154;;;;;;;;NMEA message parser not found for RMB.
20155;;;;;;;;Failed to parse: GGA.. Meters expected in GGA message.
20156;GSA;;;;;;;
20157;GSV;;;;;;;
20158;GSV;;;;;;;
20159;;;;;;;;NMEA message parser not found for GRM.
20160;RMC;12/26/2016 10:29:03 PM;49.2163357833333;16.6044511;;;;
20161;;;;;;;;NMEA message parser not found for RMB.
20162;;;;;;;;Failed to parse: GGA.. Meters expected in GGA message.
20163;GSA;;;;;;;
20164;GSV;;;;;;;
20165;GSV;;;;;;;
20166;;;;;;;;NMEA message parser not found for GRM.
20167;RMC;12/26/2016 10:29:04 PM;49.2163341;16.6044412333333;;;;
20168;;;;;;;;NMEA message parser not found for RMB.
20169;;;;;;;;Failed to parse: GGA.. Meters expected in GGA message.
20170;GSA;;;;;;;
20171;GSV;;;;;;;
20172;GSV;;;;;;;
20173;;;;;;;;NMEA message parser not found for GRM.
20174;RMC;12/26/2016 10:29:05 PM;49.2163324;16.6044313666667;;;;
20175;;;;;;;;NMEA message parser not found for RMB.
20176;;;;;;;;Failed to parse: GGA.. Meters expected in GGA message.
20177;GSA;;;;;;;
20178;GSV;;;;;;;
20179;GSV;;;;;;;
20180;;;;;;;;NMEA message parser not found for GRM.
20181;RMC;12/26/2016 10:29:06 PM;49.2163307166667;16.6044215;;;;
20182;;;;;;;;NMEA message parser not found for RMB.
20183;;;;;;;;Failed to parse: GGA.. Meters expected in GGA message.
20184;GSA;;;;;;;
20185;GSV;;;;;;;
20186;GSV;;;;;;;
20187;;;;;;;;NMEA message parser not found for GRM.
20188;RMC;12/26/2016 10:29:07 PM;49.2163290166667;16.6044116333333;;;;
20189;;;;;;;;NMEA message parser not found for RMB.
20190;;;;;;;;Failed to parse: GGA.. Meters expected in GGA message.
20191;GSA;;;;;;;
20192;GSV;;;;;;;
20193;GSV;;;;;;;
20194;;;;;;;;NMEA message parser not found for GRM.
20195;RMC;12/26/2016 10:29:08 PM;49.2163273333333;16.6044017666667;;;;
20196;;;;;;;;NMEA message parser not found for RMB.
20197;;;;;;;;Failed to parse: GGA.. Meters expected in GGA message.
20198;GSA;;;;;;;
20199;GSV;;;;;;;
20200;GSV;;;;;;;
20201;;;;;;;;NMEA message parser not found for GRM.
20202;RMC;12/26/2016 10:29:09 PM;49.2163278833333;16.6043930166667;;;;
20203;;;;;;;;NMEA message parser not found for RMB.
20204;;;;;;;;Failed to parse: GGA.. Meters expected in GGA message.
20205;GSA;;;;;;;
20206;GSV;;;;;;;
20207;GSV;;;;;;;
20208;;;;;;;;NMEA message parser not found for GRM.
20209;RMC;12/26/2016 10:29:10 PM;49.2163367666667;16.6043884166667;;;;
20210;;;;;;;;NMEA message parser not found for RMB.
20211;;;;;;;;Failed to parse: GGA.. Meters expected in GGA message.
20212;GSA;;;;;;;
20213;GSV;;;;;;;
20214;GSV;;;;;;;
20215;;;;;;;;NMEA message parser not found for GRM.
20216;RMC;12/26/2016 10:29:11 PM;49.2163456666667;16.6043838;;;;
20217;;;;;;;;NMEA message parser not found for RMB.
20218;;;;;;;;Failed to parse: GGA.. Meters expected in GGA message.
20219;GSA;;;;;;;
20220;GSV;;;;;;;
20221;GSV;;;;;;;
20222;;;;;;;;NMEA message parser not found for GRM.
20223;RMC;12/26/2016 10:29:12 PM;49.21635455;16.6043792;;;;
20224;;;;;;;;NMEA message parser not found for RMB.
20225;;;;;;;;Failed to parse: GGA.. Meters expected in GGA message.
20226;GSA;;;;;;;
20227;GSV;;;;;;;
20228;GSV;;;;;;;
20229;;;;;;;;NMEA message parser not found for GRM.
20230;RMC;12/26/2016 10:29:13 PM;49.2163634333333;16.6043745833333;;;;
20231;;;;;;;;NMEA message parser not found for RMB.
20232;;;;;;;;Failed to parse: GGA.. Meters expected in GGA message.
20233;GSA;;;;;;;
20234;GSV;;;;;;;
20235;GSV;;;;;;;
20236;;;;;;;;NMEA message parser not found for GRM.
20237;RMC;12/26/2016 10:29:14 PM;49.2163723166667;16.6043699833333;;;;
20238;;;;;;;;NMEA message parser not found for RMB.
20239;;;;;;;;Failed to parse: GGA.. Meters expected in GGA message.
20240;GSA;;;;;;;
20241;GSV;;;;;;;
20242;GSV;;;;;;;
20243;;;;;;;;NMEA message parser not found for GRM.
20244;RMC;12/26/2016 10:29:15 PM;49.2163812;16.6043653666667;;;;
20245;;;;;;;;NMEA message parser not found for RMB.
20246;;;;;;;;Failed to parse: GGA.. Meters expected in GGA message.
20247;GSA;;;;;;;
20248;GSV;;;;;;;
20249;GSV;;;;;;;
20250;;;;;;;;NMEA message parser not found for GRM.
20251;RMC;12/26/2016 10:29:16 PM;49.2163901;16.6043607666667;;;;
20252;;;;;;;;NMEA message parser not found for RMB.
20253;;;;;;;;Failed to parse: GGA.. Meters expected in GGA message.
20254;GSA;;;;;;;
20255;GSV;;;;;;;
20256;GSV;;;;;;;
20257;;;;;;;;NMEA message parser not found for GRM.
20258;RMC;12/26/2016 10:29:17 PM;49.2163989833333;16.6043561666667;;;;
20259;;;;;;;;NMEA message parser not found for RMB.
20260;;;;;;;;Failed to parse: GGA.. Meters expected in GGA message.
20261;GSA;;;;;;;
20262;GSV;;;;;;;
20263;GSV;;;;;;;
20264;;;;;;;;NMEA message parser not found for GRM.
20265;RMC;12/26/2016 10:29:18 PM;49.2164074;16.6043511166667;;;;
20266;;;;;;;;NMEA message parser not found for RMB.
20267;;;;;;;;Failed to parse: GGA.. Meters expected in GGA message.
20268;GSA;;;;;;;
20269;GSV;;;;;;;
20270;GSV;;;;;;;
20271;;;;;;;;NMEA message parser not found for GRM.
20272;RMC;12/26/2016 10:29:19 PM;49.2164115333333;16.6043419833333;;;;
20273;;;;;;;;NMEA message parser not found for RMB.
20274;;;;;;;;Failed to parse: GGA.. Meters expected in GGA message.
20275;GSA;;;;;;;
20276;GSV;;;;;;;
20277;GSV;;;;;;;
20278;;;;;;;;NMEA message parser not found for GRM.
20279;RMC;12/26/2016 10:29:20 PM;49.21641565;16.6043328666667;;;;
20280;;;;;;;;NMEA message parser not found for RMB.
20281;;;;;;;;Failed to parse: GGA.. Meters expected in GGA message.
20282;GSA;;;;;;;
20283;GSV;;;;;;;
20284;GSV;;;;;;;
20285;;;;;;;;NMEA message parser not found for GRM.
20286;RMC;12/26/2016 10:29:21 PM;49.2164197666667;16.60432375;;;;
20287;;;;;;;;NMEA message parser not found for RMB.
20288;;;;;;;;Failed to parse: GGA.. Meters expected in GGA message.
20289;GSA;;;;;;;
20290;GSV;;;;;;;
20291;GSV;;;;;;;
20292;;;;;;;;NMEA message parser not found for GRM.
20293;RMC;12/26/2016 10:29:22 PM;49.2164239;16.6043146333333;;;;
20294;;;;;;;;NMEA message parser not found for RMB.
20295;;;;;;;;Failed to parse: GGA.. Meters expected in GGA message.
20296;GSA;;;;;;;
20297;GSV;;;;;;;
20298;GSV;;;;;;;
20299;;;;;;;;NMEA message parser not found for GRM.
20300;RMC;12/26/2016 10:29:23 PM;49.2164280166667;16.6043055;;;;
20301;;;;;;;;NMEA message parser not found for RMB.
20302;;;;;;;;Failed to parse: GGA.. Meters expected in GGA message.
20303;GSA;;;;;;;
20304;GSV;;;;;;;
20305;GSV;;;;;;;
20306;;;;;;;;NMEA message parser not found for GRM.
20307;RMC;12/26/2016 10:29:24 PM;49.21643215;16.6042963833333;;;;
20308;;;;;;;;NMEA message parser not found for RMB.
20309;;;;;;;;Failed to parse: GGA.. Meters expected in GGA message.
20310;GSA;;;;;;;
20311;GSV;;;;;;;
20312;GSV;;;;;;;
20313;;;;;;;;NMEA message parser not found for GRM.
20314;RMC;12/26/2016 10:29:25 PM;49.2164362666667;16.6042872666667;;;;
20315;;;;;;;;NMEA message parser not found for RMB.
20316;;;;;;;;Failed to parse: GGA.. Meters expected in GGA message.
20317;GSA;;;;;;;
20318;GSV;;;;;;;
20319;GSV;;;;;;;
20320;;;;;;;;NMEA message parser not found for GRM.
20321;RMC;12/26/2016 10:29:26 PM;49.2164404;16.60427815;;;;
20322;;;;;;;;NMEA message parser not found for RMB.
20323;;;;;;;;Failed to parse: GGA.. Meters expected in GGA message.
20324;GSA;;;;;;;
20325;GSV;;;;;;;
20326;GSV;;;;;;;
20327;;;;;;;;NMEA message parser not found for GRM.
20328;RMC;12/26/2016 10:29:27 PM;49.2164445166667;16.6042690166667;;;;
20329;;;;;;;;NMEA message parser not found for RMB.
20330;;;;;;;;Failed to parse: GGA.. Meters expected in GGA message.
20331;GSA;;;;;;;
20332;GSV;;;;;;;
20333;GSV;;;;;;;
20334;;;;;;;;NMEA message parser not found for GRM.
20335;RMC;12/26/2016 10:29:28 PM;49.21644865;16.6042599;;;;
20336;;;;;;;;NMEA message parser not found for RMB.
20337;;;;;;;;Failed to parse: GGA.. Meters expected in GGA message.
20338;GSA;;;;;;;
20339;GSV;;;;;;;
20340;GSV;;;;;;;
20341;;;;;;;;NMEA message parser not found for GRM.
20342;RMC;12/26/2016 10:29:29 PM;49.2164527666667;16.6042507833333;;;;
20343;;;;;;;;NMEA message parser not found for RMB.
20344;;;;;;;;Failed to parse: GGA.. Meters expected in GGA message.
20345;GSA;;;;;;;
20346;GSV;;;;;;;
20347;GSV;;;;;;;
20348;;;;;;;;NMEA message parser not found for GRM.
20349;RMC;12/26/2016 10:29:30 PM;49.2164569;16.6042416666667;;;;
20350;;;;;;;;NMEA message parser not found for RMB.
20351;;;;;;;;Failed to parse: GGA.. Meters expected in GGA message.
20352;GSA;;;;;;;
20353;GSV;;;;;;;
20354;GSV;;;;;;;
20355;;;;;;;;NMEA message parser not found for GRM.
20356;RMC;12/26/2016 10:29:31 PM;49.216459;16.6042321;;;;
20357;;;;;;;;NMEA message parser not found for RMB.
20358;;;;;;;;Failed to parse: GGA.. Meters expected in GGA message.
20359;GSA;;;;;;;
20360;GSV;;;;;;;
20361;GSV;;;;;;;
20362;;;;;;;;NMEA message parser not found for GRM.
20363;RMC;12/26/2016 10:29:32 PM;49.216459;16.6042221;;;;
20364;;;;;;;;NMEA message parser not found for RMB.
20365;;;;;;;;Failed to parse: GGA.. Meters expected in GGA message.
20366;GSA;;;;;;;
20367;GSV;;;;;;;
20368;GSV;;;;;;;
20369;;;;;;;;NMEA message parser not found for GRM.
20370;RMC;12/26/2016 10:29:33 PM;49.216459;16.6042120833333;;;;
20371;;;;;;;;NMEA message parser not found for RMB.
20372;;;;;;;;Failed to parse: GGA.. Meters expected in GGA message.
20373;GSA;;;;;;;
20374;GSV;;;;;;;
20375;GSV;;;;;;;
20376;;;;;;;;NMEA message parser not found for GRM.
20377;RMC;12/26/2016 10:29:34 PM;49.216459;16.6042020833333;;;;
20378;;;;;;;;NMEA message parser not found for RMB.
20379;;;;;;;;Failed to parse: GGA.. Meters expected in GGA message.
20380;GSA;;;;;;;
20381;GSV;;;;;;;
20382;GSV;;;;;;;
20383;;;;;;;;NMEA message parser not found for GRM.
20384;RMC;12/26/2016 10:29:35 PM;49.216459;16.6041920666667;;;;
20385;;;;;;;;NMEA message parser not found for RMB.
20386;;;;;;;;Failed to parse: GGA.. Meters expected in GGA message.
20387;GSA;;;;;;;
20388;GSV;;;;;;;
20389;GSV;;;;;;;
20390;;;;;;;;NMEA message parser not found for GRM.
20391;RMC;12/26/2016 10:29:36 PM;49.216459;16.60418205;;;;
20392;;;;;;;;NMEA message parser not found for RMB.
20393;;;;;;;;Failed to parse: GGA.. Meters expected in GGA message.
20394;GSA;;;;;;;
20395;GSV;;;;;;;
20396;GSV;;;;;;;
20397;;;;;;;;NMEA message parser not found for GRM.
20398;RMC;12/26/2016 10:29:37 PM;49.216459;16.60417205;;;;
20399;;;;;;;;NMEA message parser not found for RMB.
20400;;;;;;;;Failed to parse: GGA.. Meters expected in GGA message.
20401;GSA;;;;;;;
20402;GSV;;;;;;;
20403;GSV;;;;;;;
20404;;;;;;;;NMEA message parser not found for GRM.
20405;RMC;12/26/2016 10:29:38 PM;49.216459;16.6041620333333;;;;
20406;;;;;;;;NMEA message parser not found for RMB.
20407;;;;;;;;Failed to parse: GGA.. Meters expected in GGA message.
20408;GSA;;;;;;;
20409;GSV;;;;;;;
20410;GSV;;;;;;;
20411;;;;;;;;NMEA message parser not found for GRM.
20412;RMC;12/26/2016 10:29:39 PM;49.216459;16.6041520333333;;;;
20413;;;;;;;;NMEA message parser not found for RMB.
20414;;;;;;;;Failed to parse: GGA.. Meters expected in GGA message.
20415;GSA;;;;;;;
20416;GSV;;;;;;;
20417;GSV;;;;;;;
20418;;;;;;;;NMEA message parser not found for GRM.
20419;RMC;12/26/2016 10:29:40 PM;49.216459;16.6041420166667;;;;
20420;;;;;;;;NMEA message parser not found for RMB.
20421;;;;;;;;Failed to parse: GGA.. Meters expected in GGA message.
20422;GSA;;;;;;;
20423;GSV;;;;;;;
20424;GSV;;;;;;;
20425;;;;;;;;NMEA message parser not found for GRM.
20426;RMC;12/26/2016 10:29:41 PM;49.2164617833333;16.6041331333333;;;;
20427;;;;;;;;NMEA message parser not found for RMB.
20428;;;;;;;;Failed to parse: GGA.. Meters expected in GGA message.
20429;GSA;;;;;;;
20430;GSV;;;;;;;
20431;GSV;;;;;;;
20432;;;;;;;;NMEA message parser not found for GRM.
20433;RMC;12/26/2016 10:29:42 PM;49.2164687333333;16.6041259333333;;;;
20434;;;;;;;;NMEA message parser not found for RMB.
20435;;;;;;;;Failed to parse: GGA.. Meters expected in GGA message.
20436;GSA;;;;;;;
20437;GSV;;;;;;;
20438;GSV;;;;;;;
20439;;;;;;;;NMEA message parser not found for GRM.
20440;RMC;12/26/2016 10:29:43 PM;49.2164757;16.60411875;;;;
20441;;;;;;;;NMEA message parser not found for RMB.
20442;;;;;;;;Failed to parse: GGA.. Meters expected in GGA message.
20443;GSA;;;;;;;
20444;GSV;;;;;;;
20445;GSV;;;;;;;
20446;;;;;;;;NMEA message parser not found for GRM.
20447;RMC;12/26/2016 10:29:44 PM;49.2164826666667;16.60411155;;;;
20448;;;;;;;;NMEA message parser not found for RMB.
20449;;;;;;;;Failed to parse: GGA.. Meters expected in GGA message.
20450;GSA;;;;;;;
20451;GSV;;;;;;;
20452;GSV;;;;;;;
20453;;;;;;;;NMEA message parser not found for GRM.
20454;RMC;12/26/2016 10:29:45 PM;49.2164896166667;16.60410435;;;;
20455;;;;;;;;NMEA message parser not found for RMB.
20456;;;;;;;;Failed to parse: GGA.. Meters expected in GGA message.
20457;GSA;;;;;;;
20458;GSV;;;;;;;
20459;GSV;;;;;;;
20460;;;;;;;;NMEA message parser not found for GRM.
20461;RMC;12/26/2016 10:29:46 PM;49.2164965833333;16.6040971666667;;;;
20462;;;;;;;;NMEA message parser not found for RMB.
20463;;;;;;;;Failed to parse: GGA.. Meters expected in GGA message.
20464;GSA;;;;;;;
20465;GSV;;;;;;;
20466;GSV;;;;;;;
20467;;;;;;;;NMEA message parser not found for GRM.
20468;RMC;12/26/2016 10:29:47 PM;49.21650355;16.6040899666667;;;;
20469;;;;;;;;NMEA message parser not found for RMB.
20470;;;;;;;;Failed to parse: GGA.. Meters expected in GGA message.
20471;GSA;;;;;;;
20472;GSV;;;;;;;
20473;GSV;;;;;;;
20474;;;;;;;;NMEA message parser not found for GRM.
20475;RMC;12/26/2016 10:29:48 PM;49.2165105;16.6040827833333;;;;
20476;;;;;;;;NMEA message parser not found for RMB.
20477;;;;;;;;Failed to parse: GGA.. Meters expected in GGA message.
20478;GSA;;;;;;;
20479;GSV;;;;;;;
20480;GSV;;;;;;;
20481;;;;;;;;NMEA message parser not found for GRM.
20482;RMC;12/26/2016 10:29:49 PM;49.2165174666667;16.6040755833333;;;;
20483;;;;;;;;NMEA message parser not found for RMB.
20484;;;;;;;;Failed to parse: GGA.. Meters expected in GGA message.
20485;GSA;;;;;;;
20486;GSV;;;;;;;
20487;GSV;;;;;;;
20488;;;;;;;;NMEA message parser not found for GRM.
20489;RMC;12/26/2016 10:29:50 PM;49.2165172666667;16.6040663833333;;;;
20490;;;;;;;;NMEA message parser not found for RMB.
20491;;;;;;;;Failed to parse: GGA.. Meters expected in GGA message.
20492;GSA;;;;;;;
20493;GSV;;;;;;;
20494;GSV;;;;;;;
20495;;;;;;;;NMEA message parser not found for GRM.
20496;RMC;12/26/2016 10:29:51 PM;49.21651505;16.6040566333333;;;;
20497;;;;;;;;NMEA message parser not found for RMB.
20498;;;;;;;;Failed to parse: GGA.. Meters expected in GGA message.
20499;GSA;;;;;;;
20500;GSV;;;;;;;
20501;GSV;;;;;;;
20502;;;;;;;;NMEA message parser not found for GRM.
20503;RMC;12/26/2016 10:29:52 PM;49.2165128333333;16.6040468666667;;;;
20504;;;;;;;;NMEA message parser not found for RMB.
20505;;;;;;;;Failed to parse: GGA.. Meters expected in GGA message.
20506;GSA;;;;;;;
20507;GSV;;;;;;;
20508;GSV;;;;;;;
20509;;;;;;;;NMEA message parser not found for GRM.
20510;RMC;12/26/2016 10:29:53 PM;49.2165106;16.6040371;;;;
20511;;;;;;;;NMEA message parser not found for RMB.
20512;;;;;;;;Failed to parse: GGA.. Meters expected in GGA message.
20513;GSA;;;;;;;
20514;GSV;;;;;;;
20515;GSV;;;;;;;
20516;;;;;;;;NMEA message parser not found for GRM.
20517;RMC;12/26/2016 10:29:54 PM;49.2165083833333;16.60402735;;;;
20518;;;;;;;;NMEA message parser not found for RMB.
20519;;;;;;;;Failed to parse: GGA.. Meters expected in GGA message.
20520;GSA;;;;;;;
20521;GSV;;;;;;;
20522;GSV;;;;;;;
20523;;;;;;;;NMEA message parser not found for GRM.
20524;RMC;12/26/2016 10:29:55 PM;49.2165061666667;16.6040175833333;;;;
20525;;;;;;;;NMEA message parser not found for RMB.
20526;;;;;;;;Failed to parse: GGA.. Meters expected in GGA message.
20527;GSA;;;;;;;
20528;GSV;;;;;;;
20529;GSV;;;;;;;
20530;;;;;;;;NMEA message parser not found for GRM.
20531;RMC;12/26/2016 10:29:56 PM;49.21650395;16.6040078166667;;;;
20532;;;;;;;;NMEA message parser not found for RMB.
20533;;;;;;;;Failed to parse: GGA.. Meters expected in GGA message.
20534;GSA;;;;;;;
20535;GSV;;;;;;;
20536;GSV;;;;;;;
20537;;;;;;;;NMEA message parser not found for GRM.
20538;RMC;12/26/2016 10:29:57 PM;49.2165017166667;16.6039980666667;;;;
20539;;;;;;;;NMEA message parser not found for RMB.
20540;;;;;;;;Failed to parse: GGA.. Meters expected in GGA message.
20541;GSA;;;;;;;
20542;GSV;;;;;;;
20543;GSV;;;;;;;
20544;;;;;;;;NMEA message parser not found for GRM.
20545;RMC;12/26/2016 10:29:58 PM;49.2164995;16.6039883;;;;
20546;;;;;;;;NMEA message parser not found for RMB.
20547;;;;;;;;Failed to parse: GGA.. Meters expected in GGA message.
20548;GSA;;;;;;;
20549;GSV;;;;;;;
20550;GSV;;;;;;;
20551;;;;;;;;NMEA message parser not found for GRM.
20552;RMC;12/26/2016 10:29:59 PM;49.2164972833333;16.60397855;;;;
20553;;;;;;;;NMEA message parser not found for RMB.
20554;;;;;;;;Failed to parse: GGA.. Meters expected in GGA message.
20555;GSA;;;;;;;
20556;GSV;;;;;;;
20557;GSV;;;;;;;
20558;;;;;;;;NMEA message parser not found for GRM.
20559;RMC;12/26/2016 10:30:00 PM;49.2164950666667;16.6039687833333;;;;
20560;;;;;;;;NMEA message parser not found for RMB.
20561;;;;;;;;Failed to parse: GGA.. Meters expected in GGA message.
20562;GSA;;;;;;;
20563;GSV;;;;;;;
20564;GSV;;;;;;;
20565;;;;;;;;NMEA message parser not found for GRM.
20566;RMC;12/26/2016 10:30:01 PM;49.2164928333333;16.6039590166667;;;;
20567;;;;;;;;NMEA message parser not found for RMB.
20568;;;;;;;;Failed to parse: GGA.. Meters expected in GGA message.
20569;GSA;;;;;;;
20570;GSV;;;;;;;
20571;GSV;;;;;;;
20572;;;;;;;;NMEA message parser not found for GRM.
20573;RMC;12/26/2016 10:30:02 PM;49.2164906166667;16.6039492666667;;;;
20574;;;;;;;;NMEA message parser not found for RMB.
20575;;;;;;;;Failed to parse: GGA.. Meters expected in GGA message.
20576;GSA;;;;;;;
20577;GSV;;;;;;;
20578;GSV;;;;;;;
20579;;;;;;;;NMEA message parser not found for GRM.
20580;RMC;12/26/2016 10:30:03 PM;49.2164884;16.6039395;;;;
20581;;;;;;;;NMEA message parser not found for RMB.
20582;;;;;;;;Failed to parse: GGA.. Meters expected in GGA message.
20583;GSA;;;;;;;
20584;GSV;;;;;;;
20585;GSV;;;;;;;
20586;;;;;;;;NMEA message parser not found for GRM.
20587;RMC;12/26/2016 10:30:04 PM;49.2164861833333;16.6039297333333;;;;
20588;;;;;;;;NMEA message parser not found for RMB.
20589;;;;;;;;Failed to parse: GGA.. Meters expected in GGA message.
20590;GSA;;;;;;;
20591;GSV;;;;;;;
20592;GSV;;;;;;;
20593;;;;;;;;NMEA message parser not found for GRM.
20594;RMC;12/26/2016 10:30:05 PM;49.21648395;16.6039199833333;;;;
20595;;;;;;;;NMEA message parser not found for RMB.
20596;;;;;;;;Failed to parse: GGA.. Meters expected in GGA message.
20597;GSA;;;;;;;
20598;GSV;;;;;;;
20599;GSV;;;;;;;
20600;;;;;;;;NMEA message parser not found for GRM.
20601;RMC;12/26/2016 10:30:06 PM;49.2164817333333;16.6039102166667;;;;
20602;;;;;;;;NMEA message parser not found for RMB.
20603;;;;;;;;Failed to parse: GGA.. Meters expected in GGA message.
20604;GSA;;;;;;;
20605;GSV;;;;;;;
20606;GSV;;;;;;;
20607;;;;;;;;NMEA message parser not found for GRM.
20608;RMC;12/26/2016 10:30:07 PM;49.2164795166667;16.6039004666667;;;;
20609;;;;;;;;NMEA message parser not found for RMB.
20610;;;;;;;;Failed to parse: GGA.. Meters expected in GGA message.
20611;GSA;;;;;;;
20612;GSV;;;;;;;
20613;GSV;;;;;;;
20614;;;;;;;;NMEA message parser not found for GRM.
20615;RMC;12/26/2016 10:30:08 PM;49.2164773;16.6038907;;;;
20616;;;;;;;;NMEA message parser not found for RMB.
20617;;;;;;;;Failed to parse: GGA.. Meters expected in GGA message.
20618;GSA;;;;;;;
20619;GSV;;;;;;;
20620;GSV;;;;;;;
20621;;;;;;;;NMEA message parser not found for GRM.
20622;RMC;12/26/2016 10:30:09 PM;49.2164750666667;16.6038809333333;;;;
20623;;;;;;;;NMEA message parser not found for RMB.
20624;;;;;;;;Failed to parse: GGA.. Meters expected in GGA message.
20625;GSA;;;;;;;
20626;GSV;;;;;;;
20627;GSV;;;;;;;
20628;;;;;;;;NMEA message parser not found for GRM.
20629;RMC;12/26/2016 10:30:10 PM;49.21647285;16.6038711833333;;;;
20630;;;;;;;;NMEA message parser not found for RMB.
20631;;;;;;;;Failed to parse: GGA.. Meters expected in GGA message.
20632;GSA;;;;;;;
20633;GSV;;;;;;;
20634;GSV;;;;;;;
20635;;;;;;;;NMEA message parser not found for GRM.
20636;RMC;12/26/2016 10:30:11 PM;49.2164706333333;16.6038614166667;;;;
20637;;;;;;;;NMEA message parser not found for RMB.
20638;;;;;;;;Failed to parse: GGA.. Meters expected in GGA message.
20639;GSA;;;;;;;
20640;GSV;;;;;;;
20641;GSV;;;;;;;
20642;;;;;;;;NMEA message parser not found for GRM.
20643;RMC;12/26/2016 10:30:12 PM;49.2164684166667;16.60385165;;;;
20644;;;;;;;;NMEA message parser not found for RMB.
20645;;;;;;;;Failed to parse: GGA.. Meters expected in GGA message.
20646;GSA;;;;;;;
20647;GSV;;;;;;;
20648;GSV;;;;;;;
20649;;;;;;;;NMEA message parser not found for GRM.
20650;RMC;12/26/2016 10:30:13 PM;49.2164662;16.6038419;;;;
20651;;;;;;;;NMEA message parser not found for RMB.
20652;;;;;;;;Failed to parse: GGA.. Meters expected in GGA message.
20653;GSA;;;;;;;
20654;GSV;;;;;;;
20655;GSV;;;;;;;
20656;;;;;;;;NMEA message parser not found for GRM.
20657;RMC;12/26/2016 10:30:14 PM;49.2164639666667;16.6038321333333;;;;
20658;;;;;;;;NMEA message parser not found for RMB.
20659;;;;;;;;Failed to parse: GGA.. Meters expected in GGA message.
20660;GSA;;;;;;;
20661;GSV;;;;;;;
20662;GSV;;;;;;;
20663;;;;;;;;NMEA message parser not found for GRM.
20664;RMC;12/26/2016 10:30:15 PM;49.21646175;16.6038223666667;;;;
20665;;;;;;;;NMEA message parser not found for RMB.
20666;;;;;;;;Failed to parse: GGA.. Meters expected in GGA message.
20667;GSA;;;;;;;
20668;GSV;;;;;;;
20669;GSV;;;;;;;
20670;;;;;;;;NMEA message parser not found for GRM.
20671;RMC;12/26/2016 10:30:16 PM;49.2164595333333;16.6038126166667;;;;
20672;;;;;;;;NMEA message parser not found for RMB.
20673;;;;;;;;Failed to parse: GGA.. Meters expected in GGA message.
20674;GSA;;;;;;;
20675;GSV;;;;;;;
20676;GSV;;;;;;;
20677;;;;;;;;NMEA message parser not found for GRM.
20678;RMC;12/26/2016 10:30:17 PM;49.2164573166667;16.60380285;;;;
20679;;;;;;;;NMEA message parser not found for RMB.
20680;;;;;;;;Failed to parse: GGA.. Meters expected in GGA message.
20681;GSA;;;;;;;
20682;GSV;;;;;;;
20683;GSV;;;;;;;
20684;;;;;;;;NMEA message parser not found for GRM.
20685;RMC;12/26/2016 10:30:18 PM;49.2164550833333;16.6037931;;;;
20686;;;;;;;;NMEA message parser not found for RMB.
20687;;;;;;;;Failed to parse: GGA.. Meters expected in GGA message.
20688;GSA;;;;;;;
20689;GSV;;;;;;;
20690;GSV;;;;;;;
20691;;;;;;;;NMEA message parser not found for GRM.
20692;RMC;12/26/2016 10:30:19 PM;49.2164528666667;16.6037833333333;;;;
20693;;;;;;;;NMEA message parser not found for RMB.
20694;;;;;;;;Failed to parse: GGA.. Meters expected in GGA message.
20695;GSA;;;;;;;
20696;GSV;;;;;;;
20697;GSV;;;;;;;
20698;;;;;;;;NMEA message parser not found for GRM.
20699;RMC;12/26/2016 10:30:20 PM;49.21645065;16.6037735666667;;;;
20700;;;;;;;;NMEA message parser not found for RMB.
20701;;;;;;;;Failed to parse: GGA.. Meters expected in GGA message.
20702;GSA;;;;;;;
20703;GSV;;;;;;;
20704;GSV;;;;;;;
20705;;;;;;;;NMEA message parser not found for GRM.
20706;RMC;12/26/2016 10:30:21 PM;49.2164484333333;16.6037638166667;;;;
20707;;;;;;;;NMEA message parser not found for RMB.
20708;;;;;;;;Failed to parse: GGA.. Meters expected in GGA message.
20709;GSA;;;;;;;
20710;GSV;;;;;;;
20711;GSV;;;;;;;
20712;;;;;;;;NMEA message parser not found for GRM.
20713;RMC;12/26/2016 10:30:22 PM;49.2164462;16.60375405;;;;
20714;;;;;;;;NMEA message parser not found for RMB.
20715;;;;;;;;Failed to parse: GGA.. Meters expected in GGA message.
20716;GSA;;;;;;;
20717;GSV;;;;;;;
20718;GSV;;;;;;;
20719;;;;;;;;NMEA message parser not found for GRM.
20720;RMC;12/26/2016 10:30:23 PM;49.2164439833333;16.6037442833333;;;;
20721;;;;;;;;NMEA message parser not found for RMB.
20722;;;;;;;;Failed to parse: GGA.. Meters expected in GGA message.
20723;GSA;;;;;;;
20724;GSV;;;;;;;
20725;GSV;;;;;;;
20726;;;;;;;;NMEA message parser not found for GRM.
20727;RMC;12/26/2016 10:30:24 PM;49.2164417666667;16.6037345333333;;;;
20728;;;;;;;;NMEA message parser not found for RMB.
20729;;;;;;;;Failed to parse: GGA.. Meters expected in GGA message.
20730;GSA;;;;;;;
20731;GSV;;;;;;;
20732;GSV;;;;;;;
20733;;;;;;;;NMEA message parser not found for GRM.
20734;RMC;12/26/2016 10:30:25 PM;49.21643955;16.6037247666667;;;;
20735;;;;;;;;NMEA message parser not found for RMB.
20736;;;;;;;;Failed to parse: GGA.. Meters expected in GGA message.
20737;GSA;;;;;;;
20738;GSV;;;;;;;
20739;GSV;;;;;;;
20740;;;;;;;;NMEA message parser not found for GRM.
20741;RMC;12/26/2016 10:30:26 PM;49.2164373166667;16.603715;;;;
20742;;;;;;;;NMEA message parser not found for RMB.
20743;;;;;;;;Failed to parse: GGA.. Meters expected in GGA message.
20744;GSA;;;;;;;
20745;GSV;;;;;;;
20746;GSV;;;;;;;
20747;;;;;;;;NMEA message parser not found for GRM.
20748;RMC;12/26/2016 10:30:27 PM;49.2164351;16.60370525;;;;
20749;;;;;;;;NMEA message parser not found for RMB.
20750;;;;;;;;Failed to parse: GGA.. Meters expected in GGA message.
20751;GSA;;;;;;;
20752;GSV;;;;;;;
20753;GSV;;;;;;;
20754;;;;;;;;NMEA message parser not found for GRM.
20755;RMC;12/26/2016 10:30:28 PM;49.2164328833333;16.6036954833333;;;;
20756;;;;;;;;NMEA message parser not found for RMB.
20757;;;;;;;;Failed to parse: GGA.. Meters expected in GGA message.
20758;GSA;;;;;;;
20759;GSV;;;;;;;
20760;GSV;;;;;;;
20761;;;;;;;;NMEA message parser not found for GRM.
20762;RMC;12/26/2016 10:30:29 PM;49.2164306666667;16.6036857333333;;;;
20763;;;;;;;;NMEA message parser not found for RMB.
20764;;;;;;;;Failed to parse: GGA.. Meters expected in GGA message.
20765;GSA;;;;;;;
20766;GSV;;;;;;;
20767;GSV;;;;;;;
20768;;;;;;;;NMEA message parser not found for GRM.
20769;RMC;12/26/2016 10:30:30 PM;49.2164284333333;16.6036759666667;;;;
20770;;;;;;;;NMEA message parser not found for RMB.
20771;;;;;;;;Failed to parse: GGA.. Meters expected in GGA message.
20772;GSA;;;;;;;
20773;GSV;;;;;;;
20774;GSV;;;;;;;
20775;;;;;;;;NMEA message parser not found for GRM.
20776;RMC;12/26/2016 10:30:31 PM;49.2164262166667;16.6036662;;;;
20777;;;;;;;;NMEA message parser not found for RMB.
20778;;;;;;;;Failed to parse: GGA.. Meters expected in GGA message.
20779;GSA;;;;;;;
20780;GSV;;;;;;;
20781;GSV;;;;;;;
20782;;;;;;;;NMEA message parser not found for GRM.
20783;RMC;12/26/2016 10:30:32 PM;49.216424;16.60365645;;;;
20784;;;;;;;;NMEA message parser not found for RMB.
20785;;;;;;;;Failed to parse: GGA.. Meters expected in GGA message.
20786;GSA;;;;;;;
20787;GSV;;;;;;;
20788;GSV;;;;;;;
20789;;;;;;;;NMEA message parser not found for GRM.
20790;RMC;12/26/2016 10:30:33 PM;49.2164217833333;16.6036466833333;;;;
20791;;;;;;;;NMEA message parser not found for RMB.
20792;;;;;;;;Failed to parse: GGA.. Meters expected in GGA message.
20793;GSA;;;;;;;
20794;GSV;;;;;;;
20795;GSV;;;;;;;
20796;;;;;;;;NMEA message parser not found for GRM.
20797;RMC;12/26/2016 10:30:34 PM;49.21641955;16.6036369166667;;;;
20798;;;;;;;;NMEA message parser not found for RMB.
20799;;;;;;;;Failed to parse: GGA.. Meters expected in GGA message.
20800;GSA;;;;;;;
20801;GSV;;;;;;;
20802;GSV;;;;;;;
20803;;;;;;;;NMEA message parser not found for GRM.
20804;RMC;12/26/2016 10:30:35 PM;49.2164173333333;16.6036271666667;;;;
20805;;;;;;;;NMEA message parser not found for RMB.
20806;;;;;;;;Failed to parse: GGA.. Meters expected in GGA message.
20807;GSA;;;;;;;
20808;GSV;;;;;;;
20809;GSV;;;;;;;
20810;;;;;;;;NMEA message parser not found for GRM.
20811;RMC;12/26/2016 10:30:36 PM;49.2164151166667;16.6036174;;;;
20812;;;;;;;;NMEA message parser not found for RMB.
20813;;;;;;;;Failed to parse: GGA.. Meters expected in GGA message.
20814;GSA;;;;;;;
20815;GSV;;;;;;;
20816;GSV;;;;;;;
20817;;;;;;;;NMEA message parser not found for GRM.
20818;RMC;12/26/2016 10:30:37 PM;49.2164129;16.6036076333333;;;;
20819;;;;;;;;NMEA message parser not found for RMB.
20820;;;;;;;;Failed to parse: GGA.. Meters expected in GGA message.
20821;GSA;;;;;;;
20822;GSV;;;;;;;
20823;GSV;;;;;;;
20824;;;;;;;;NMEA message parser not found for GRM.
20825;RMC;12/26/2016 10:30:38 PM;49.2164106666667;16.6035978833333;;;;
20826;;;;;;;;NMEA message parser not found for RMB.
20827;;;;;;;;Failed to parse: GGA.. Meters expected in GGA message.
20828;GSA;;;;;;;
20829;GSV;;;;;;;
20830;GSV;;;;;;;
20831;;;;;;;;NMEA message parser not found for GRM.
20832;RMC;12/26/2016 10:30:39 PM;49.21640845;16.6035881166667;;;;
20833;;;;;;;;NMEA message parser not found for RMB.
20834;;;;;;;;Failed to parse: GGA.. Meters expected in GGA message.
20835;GSA;;;;;;;
20836;GSV;;;;;;;
20837;GSV;;;;;;;
20838;;;;;;;;NMEA message parser not found for GRM.
20839;RMC;12/26/2016 10:30:40 PM;49.2164062333333;16.6035783666667;;;;
20840;;;;;;;;NMEA message parser not found for RMB.
20841;;;;;;;;Failed to parse: GGA.. Meters expected in GGA message.
20842;GSA;;;;;;;
20843;GSV;;;;;;;
20844;GSV;;;;;;;
20845;;;;;;;;NMEA message parser not found for GRM.
20846;RMC;12/26/2016 10:30:41 PM;49.2164040166667;16.6035686;;;;
20847;;;;;;;;NMEA message parser not found for RMB.
20848;;;;;;;;Failed to parse: GGA.. Meters expected in GGA message.
20849;GSA;;;;;;;
20850;GSV;;;;;;;
20851;GSV;;;;;;;
20852;;;;;;;;NMEA message parser not found for GRM.
20853;RMC;12/26/2016 10:30:42 PM;49.2164017833333;16.6035588333333;;;;
20854;;;;;;;;NMEA message parser not found for RMB.
20855;;;;;;;;Failed to parse: GGA.. Meters expected in GGA message.
20856;GSA;;;;;;;
20857;GSV;;;;;;;
20858;GSV;;;;;;;
20859;;;;;;;;NMEA message parser not found for GRM.
20860;RMC;12/26/2016 10:30:43 PM;49.2163995666667;16.6035490833333;;;;
20861;;;;;;;;NMEA message parser not found for RMB.
20862;;;;;;;;Failed to parse: GGA.. Meters expected in GGA message.
20863;GSA;;;;;;;
20864;GSV;;;;;;;
20865;GSV;;;;;;;
20866;;;;;;;;NMEA message parser not found for GRM.
20867;RMC;12/26/2016 10:30:44 PM;49.21639735;16.6035393166667;;;;
20868;;;;;;;;NMEA message parser not found for RMB.
20869;;;;;;;;Failed to parse: GGA.. Meters expected in GGA message.
20870;GSA;;;;;;;
20871;GSV;;;;;;;
20872;GSV;;;;;;;
20873;;;;;;;;NMEA message parser not found for GRM.
20874;RMC;12/26/2016 10:30:45 PM;49.2163951333333;16.60352955;;;;
20875;;;;;;;;NMEA message parser not found for RMB.
20876;;;;;;;;Failed to parse: GGA.. Meters expected in GGA message.
20877;GSA;;;;;;;
20878;GSV;;;;;;;
20879;GSV;;;;;;;
20880;;;;;;;;NMEA message parser not found for GRM.
20881;RMC;12/26/2016 10:30:46 PM;49.2163929;16.6035198;;;;
20882;;;;;;;;NMEA message parser not found for RMB.
20883;;;;;;;;Failed to parse: GGA.. Meters expected in GGA message.
20884;GSA;;;;;;;
20885;GSV;;;;;;;
20886;GSV;;;;;;;
20887;;;;;;;;NMEA message parser not found for GRM.
20888;RMC;12/26/2016 10:30:47 PM;49.2163906833333;16.6035100333333;;;;
20889;;;;;;;;NMEA message parser not found for RMB.
20890;;;;;;;;Failed to parse: GGA.. Meters expected in GGA message.
20891;GSA;;;;;;;
20892;GSV;;;;;;;
20893;GSV;;;;;;;
20894;;;;;;;;NMEA message parser not found for GRM.
20895;RMC;12/26/2016 10:30:48 PM;49.2163884666667;16.6035002833333;;;;
20896;;;;;;;;NMEA message parser not found for RMB.
20897;;;;;;;;Failed to parse: GGA.. Meters expected in GGA message.
20898;GSA;;;;;;;
20899;GSV;;;;;;;
20900;GSV;;;;;;;
20901;;;;;;;;NMEA message parser not found for GRM.
20902;RMC;12/26/2016 10:30:49 PM;49.21638625;16.6034905166667;;;;
20903;;;;;;;;NMEA message parser not found for RMB.
20904;;;;;;;;Failed to parse: GGA.. Meters expected in GGA message.
20905;GSA;;;;;;;
20906;GSV;;;;;;;
20907;GSV;;;;;;;
20908;;;;;;;;NMEA message parser not found for GRM.
20909;RMC;12/26/2016 10:30:50 PM;49.2163840333333;16.60348075;;;;
20910;;;;;;;;NMEA message parser not found for RMB.
20911;;;;;;;;Failed to parse: GGA.. Meters expected in GGA message.
20912;GSA;;;;;;;
20913;GSV;;;;;;;
20914;GSV;;;;;;;
20915;;;;;;;;NMEA message parser not found for GRM.
20916;RMC;12/26/2016 10:30:51 PM;49.2163818;16.603471;;;;
20917;;;;;;;;NMEA message parser not found for RMB.
20918;;;;;;;;Failed to parse: GGA.. Meters expected in GGA message.
20919;GSA;;;;;;;
20920;GSV;;;;;;;
20921;GSV;;;;;;;
20922;;;;;;;;NMEA message parser not found for GRM.
20923;RMC;12/26/2016 10:30:52 PM;49.2163795833333;16.6034612333333;;;;
20924;;;;;;;;NMEA message parser not found for RMB.
20925;;;;;;;;Failed to parse: GGA.. Meters expected in GGA message.
20926;GSA;;;;;;;
20927;GSV;;;;;;;
20928;GSV;;;;;;;
20929;;;;;;;;NMEA message parser not found for GRM.
20930;RMC;12/26/2016 10:30:53 PM;49.2163773666667;16.6034514666667;;;;
20931;;;;;;;;NMEA message parser not found for RMB.
20932;;;;;;;;Failed to parse: GGA.. Meters expected in GGA message.
20933;GSA;;;;;;;
20934;GSV;;;;;;;
20935;GSV;;;;;;;
20936;;;;;;;;NMEA message parser not found for GRM.
20937;RMC;12/26/2016 10:30:54 PM;49.21637515;16.6034417166667;;;;
20938;;;;;;;;NMEA message parser not found for RMB.
20939;;;;;;;;Failed to parse: GGA.. Meters expected in GGA message.
20940;GSA;;;;;;;
20941;GSV;;;;;;;
20942;GSV;;;;;;;
20943;;;;;;;;NMEA message parser not found for GRM.
20944;RMC;12/26/2016 10:30:55 PM;49.2163729166667;16.60343195;;;;
20945;;;;;;;;NMEA message parser not found for RMB.
20946;;;;;;;;Failed to parse: GGA.. Meters expected in GGA message.
20947;GSA;;;;;;;
20948;GSV;;;;;;;
20949;GSV;;;;;;;
20950;;;;;;;;NMEA message parser not found for GRM.
20951;RMC;12/26/2016 10:30:56 PM;49.2163707;16.6034221833333;;;;
20952;;;;;;;;NMEA message parser not found for RMB.
20953;;;;;;;;Failed to parse: GGA.. Meters expected in GGA message.
20954;GSA;;;;;;;
20955;GSV;;;;;;;
20956;GSV;;;;;;;
20957;;;;;;;;NMEA message parser not found for GRM.
20958;RMC;12/26/2016 10:30:57 PM;49.2163684833333;16.6034124333333;;;;
20959;;;;;;;;NMEA message parser not found for RMB.
20960;;;;;;;;Failed to parse: GGA.. Meters expected in GGA message.
20961;GSA;;;;;;;
20962;GSV;;;;;;;
20963;GSV;;;;;;;
20964;;;;;;;;NMEA message parser not found for GRM.
20965;RMC;12/26/2016 10:30:58 PM;49.2163662666667;16.6034026666667;;;;
20966;;;;;;;;NMEA message parser not found for RMB.
20967;;;;;;;;Failed to parse: GGA.. Meters expected in GGA message.
20968;GSA;;;;;;;
20969;GSV;;;;;;;
20970;GSV;;;;;;;
20971;;;;;;;;NMEA message parser not found for GRM.
20972;RMC;12/26/2016 10:30:59 PM;49.2163640333333;16.6033929166667;;;;
20973;;;;;;;;NMEA message parser not found for RMB.
20974;;;;;;;;Failed to parse: GGA.. Meters expected in GGA message.
20975;GSA;;;;;;;
20976;GSV;;;;;;;
20977;GSV;;;;;;;
20978;;;;;;;;NMEA message parser not found for GRM.
20979;RMC;12/26/2016 10:31:00 PM;49.2163618166667;16.60338315;;;;
20980;;;;;;;;NMEA message parser not found for RMB.
20981;;;;;;;;Failed to parse: GGA.. Meters expected in GGA message.
20982;GSA;;;;;;;
20983;GSV;;;;;;;
20984;GSV;;;;;;;
20985;;;;;;;;NMEA message parser not found for GRM.
20986;RMC;12/26/2016 10:31:01 PM;49.2163596;16.6033733833333;;;;
20987;;;;;;;;NMEA message parser not found for RMB.
20988;;;;;;;;Failed to parse: GGA.. Meters expected in GGA message.
20989;GSA;;;;;;;
20990;GSV;;;;;;;
20991;GSV;;;;;;;
20992;;;;;;;;NMEA message parser not found for GRM.
20993;RMC;12/26/2016 10:31:02 PM;49.2163573833333;16.6033636333333;;;;
20994;;;;;;;;NMEA message parser not found for RMB.
20995;;;;;;;;Failed to parse: GGA.. Meters expected in GGA message.
20996;GSA;;;;;;;
20997;GSV;;;;;;;
20998;GSV;;;;;;;
20999;;;;;;;;NMEA message parser not found for GRM.
21000;RMC;12/26/2016 10:31:03 PM;49.21635515;16.6033538666667;;;;
21001;;;;;;;;NMEA message parser not found for RMB.
21002;;;;;;;;Failed to parse: GGA.. Meters expected in GGA message.
21003;GSA;;;;;;;
21004;GSV;;;;;;;
21005;GSV;;;;;;;
21006;;;;;;;;NMEA message parser not found for GRM.
21007;RMC;12/26/2016 10:31:04 PM;49.2163529333333;16.6033441;;;;
21008;;;;;;;;NMEA message parser not found for RMB.
21009;;;;;;;;Failed to parse: GGA.. Meters expected in GGA message.
21010;GSA;;;;;;;
21011;GSV;;;;;;;
21012;GSV;;;;;;;
21013;;;;;;;;NMEA message parser not found for GRM.
21014;RMC;12/26/2016 10:31:05 PM;49.2163507166667;16.60333435;;;;
21015;;;;;;;;NMEA message parser not found for RMB.
21016;;;;;;;;Failed to parse: GGA.. Meters expected in GGA message.
21017;GSA;;;;;;;
21018;GSV;;;;;;;
21019;GSV;;;;;;;
21020;;;;;;;;NMEA message parser not found for GRM.
21021;RMC;12/26/2016 10:31:06 PM;49.2163485;16.6033245833333;;;;
21022;;;;;;;;NMEA message parser not found for RMB.
21023;;;;;;;;Failed to parse: GGA.. Meters expected in GGA message.
21024;GSA;;;;;;;
21025;GSV;;;;;;;
21026;GSV;;;;;;;
21027;;;;;;;;NMEA message parser not found for GRM.
21028;RMC;12/26/2016 10:31:07 PM;49.2163462666667;16.6033148166667;;;;
21029;;;;;;;;NMEA message parser not found for RMB.
21030;;;;;;;;Failed to parse: GGA.. Meters expected in GGA message.
21031;GSA;;;;;;;
21032;GSV;;;;;;;
21033;GSV;;;;;;;
21034;;;;;;;;NMEA message parser not found for GRM.
21035;RMC;12/26/2016 10:31:08 PM;49.21634405;16.6033050666667;;;;
21036;;;;;;;;NMEA message parser not found for RMB.
21037;;;;;;;;Failed to parse: GGA.. Meters expected in GGA message.
21038;GSA;;;;;;;
21039;GSV;;;;;;;
21040;GSV;;;;;;;
21041;;;;;;;;NMEA message parser not found for GRM.
21042;RMC;12/26/2016 10:31:09 PM;49.2163418333333;16.6032953;;;;
21043;;;;;;;;NMEA message parser not found for RMB.
21044;;;;;;;;Failed to parse: GGA.. Meters expected in GGA message.
21045;GSA;;;;;;;
21046;GSV;;;;;;;
21047;GSV;;;;;;;
21048;;;;;;;;NMEA message parser not found for GRM.
21049;RMC;12/26/2016 10:31:10 PM;49.2163396166667;16.60328555;;;;
21050;;;;;;;;NMEA message parser not found for RMB.
21051;;;;;;;;Failed to parse: GGA.. Meters expected in GGA message.
21052;GSA;;;;;;;
21053;GSV;;;;;;;
21054;GSV;;;;;;;
21055;;;;;;;;NMEA message parser not found for GRM.
21056;RMC;12/26/2016 10:31:11 PM;49.2163373833333;16.6032757833333;;;;
21057;;;;;;;;NMEA message parser not found for RMB.
21058;;;;;;;;Failed to parse: GGA.. Meters expected in GGA message.
21059;GSA;;;;;;;
21060;GSV;;;;;;;
21061;GSV;;;;;;;
21062;;;;;;;;NMEA message parser not found for GRM.
21063;RMC;12/26/2016 10:31:12 PM;49.2163351666667;16.6032660166667;;;;
21064;;;;;;;;NMEA message parser not found for RMB.
21065;;;;;;;;Failed to parse: GGA.. Meters expected in GGA message.
21066;GSA;;;;;;;
21067;GSV;;;;;;;
21068;GSV;;;;;;;
21069;;;;;;;;NMEA message parser not found for GRM.
21070;RMC;12/26/2016 10:31:13 PM;49.21633295;16.6032562666667;;;;
21071;;;;;;;;NMEA message parser not found for RMB.
21072;;;;;;;;Failed to parse: GGA.. Meters expected in GGA message.
21073;GSA;;;;;;;
21074;GSV;;;;;;;
21075;GSV;;;;;;;
21076;;;;;;;;NMEA message parser not found for GRM.
21077;RMC;12/26/2016 10:31:14 PM;49.2163307333333;16.6032465;;;;
21078;;;;;;;;NMEA message parser not found for RMB.
21079;;;;;;;;Failed to parse: GGA.. Meters expected in GGA message.
21080;GSA;;;;;;;
21081;GSV;;;;;;;
21082;GSV;;;;;;;
21083;;;;;;;;NMEA message parser not found for GRM.
21084;RMC;12/26/2016 10:31:15 PM;49.2163285;16.6032367333333;;;;
21085;;;;;;;;NMEA message parser not found for RMB.
21086;;;;;;;;Failed to parse: GGA.. Meters expected in GGA message.
21087;GSA;;;;;;;
21088;GSV;;;;;;;
21089;GSV;;;;;;;
21090;;;;;;;;NMEA message parser not found for GRM.
21091;RMC;12/26/2016 10:31:16 PM;49.2163262833333;16.6032269833333;;;;
21092;;;;;;;;NMEA message parser not found for RMB.
21093;;;;;;;;Failed to parse: GGA.. Meters expected in GGA message.
21094;GSA;;;;;;;
21095;GSV;;;;;;;
21096;GSV;;;;;;;
21097;;;;;;;;NMEA message parser not found for GRM.
21098;RMC;12/26/2016 10:31:17 PM;49.2163240666667;16.6032172166667;;;;
21099;;;;;;;;NMEA message parser not found for RMB.
21100;;;;;;;;Failed to parse: GGA.. Meters expected in GGA message.
21101;GSA;;;;;;;
21102;GSV;;;;;;;
21103;GSV;;;;;;;
21104;;;;;;;;NMEA message parser not found for GRM.
21105;RMC;12/26/2016 10:31:18 PM;49.21632185;16.60320745;;;;
21106;;;;;;;;NMEA message parser not found for RMB.
21107;;;;;;;;Failed to parse: GGA.. Meters expected in GGA message.
21108;GSA;;;;;;;
21109;GSV;;;;;;;
21110;GSV;;;;;;;
21111;;;;;;;;NMEA message parser not found for GRM.
21112;RMC;12/26/2016 10:31:19 PM;49.2163196166667;16.6031977;;;;
21113;;;;;;;;NMEA message parser not found for RMB.
21114;;;;;;;;Failed to parse: GGA.. Meters expected in GGA message.
21115;GSA;;;;;;;
21116;GSV;;;;;;;
21117;GSV;;;;;;;
21118;;;;;;;;NMEA message parser not found for GRM.
21119;RMC;12/26/2016 10:31:20 PM;49.2163174;16.6031879333333;;;;
21120;;;;;;;;NMEA message parser not found for RMB.
21121;;;;;;;;Failed to parse: GGA.. Meters expected in GGA message.
21122;GSA;;;;;;;
21123;GSV;;;;;;;
21124;GSV;;;;;;;
21125;;;;;;;;NMEA message parser not found for GRM.
21126;RMC;12/26/2016 10:31:21 PM;49.2163151833333;16.6031781833333;;;;
21127;;;;;;;;NMEA message parser not found for RMB.
21128;;;;;;;;Failed to parse: GGA.. Meters expected in GGA message.
21129;GSA;;;;;;;
21130;GSV;;;;;;;
21131;GSV;;;;;;;
21132;;;;;;;;NMEA message parser not found for GRM.
21133;RMC;12/26/2016 10:31:22 PM;49.2163129666667;16.6031684166667;;;;
21134;;;;;;;;NMEA message parser not found for RMB.
21135;;;;;;;;Failed to parse: GGA.. Meters expected in GGA message.
21136;GSA;;;;;;;
21137;GSV;;;;;;;
21138;GSV;;;;;;;
21139;;;;;;;;NMEA message parser not found for GRM.
21140;RMC;12/26/2016 10:31:23 PM;49.21631075;16.60315865;;;;
21141;;;;;;;;NMEA message parser not found for RMB.
21142;;;;;;;;Failed to parse: GGA.. Meters expected in GGA message.
21143;GSA;;;;;;;
21144;GSV;;;;;;;
21145;GSV;;;;;;;
21146;;;;;;;;NMEA message parser not found for GRM.
21147;RMC;12/26/2016 10:31:24 PM;49.2163084166667;16.6031489166667;;;;
21148;;;;;;;;NMEA message parser not found for RMB.
21149;;;;;;;;Failed to parse: GGA.. Meters expected in GGA message.
21150;GSA;;;;;;;
21151;GSV;;;;;;;
21152;GSV;;;;;;;
21153;;;;;;;;NMEA message parser not found for GRM.
21154;RMC;12/26/2016 10:31:25 PM;49.2163057166667;16.6031392833333;;;;
21155;;;;;;;;NMEA message parser not found for RMB.
21156;;;;;;;;Failed to parse: GGA.. Meters expected in GGA message.
21157;GSA;;;;;;;
21158;GSV;;;;;;;
21159;GSV;;;;;;;
21160;;;;;;;;NMEA message parser not found for GRM.
21161;RMC;12/26/2016 10:31:26 PM;49.2163030333333;16.6031296333333;;;;
21162;;;;;;;;NMEA message parser not found for RMB.
21163;;;;;;;;Failed to parse: GGA.. Meters expected in GGA message.
21164;GSA;;;;;;;
21165;GSV;;;;;;;
21166;GSV;;;;;;;
21167;;;;;;;;NMEA message parser not found for GRM.
21168;RMC;12/26/2016 10:31:27 PM;49.2163003333333;16.60312;;;;
21169;;;;;;;;NMEA message parser not found for RMB.
21170;;;;;;;;Failed to parse: GGA.. Meters expected in GGA message.
21171;GSA;;;;;;;
21172;GSV;;;;;;;
21173;GSV;;;;;;;
21174;;;;;;;;NMEA message parser not found for GRM.
21175;RMC;12/26/2016 10:31:28 PM;49.2162976333333;16.6031103666667;;;;
21176;;;;;;;;NMEA message parser not found for RMB.
21177;;;;;;;;Failed to parse: GGA.. Meters expected in GGA message.
21178;GSA;;;;;;;
21179;GSV;;;;;;;
21180;GSV;;;;;;;
21181;;;;;;;;NMEA message parser not found for GRM.
21182;RMC;12/26/2016 10:31:29 PM;49.2162949333333;16.6031007166667;;;;
21183;;;;;;;;NMEA message parser not found for RMB.
21184;;;;;;;;Failed to parse: GGA.. Meters expected in GGA message.
21185;GSA;;;;;;;
21186;GSV;;;;;;;
21187;GSV;;;;;;;
21188;;;;;;;;NMEA message parser not found for GRM.
21189;RMC;12/26/2016 10:31:30 PM;49.2162922333333;16.6030910833333;;;;
21190;;;;;;;;NMEA message parser not found for RMB.
21191;;;;;;;;Failed to parse: GGA.. Meters expected in GGA message.
21192;GSA;;;;;;;
21193;GSV;;;;;;;
21194;GSV;;;;;;;
21195;;;;;;;;NMEA message parser not found for GRM.
21196;RMC;12/26/2016 10:31:31 PM;49.21628955;16.6030814333333;;;;
21197;;;;;;;;NMEA message parser not found for RMB.
21198;;;;;;;;Failed to parse: GGA.. Meters expected in GGA message.
21199;GSA;;;;;;;
21200;GSV;;;;;;;
21201;GSV;;;;;;;
21202;;;;;;;;NMEA message parser not found for GRM.
21203;RMC;12/26/2016 10:31:32 PM;49.21628685;16.6030718;;;;
21204;;;;;;;;NMEA message parser not found for RMB.
21205;;;;;;;;Failed to parse: GGA.. Meters expected in GGA message.
21206;GSA;;;;;;;
21207;GSV;;;;;;;
21208;GSV;;;;;;;
21209;;;;;;;;NMEA message parser not found for GRM.
21210;RMC;12/26/2016 10:31:33 PM;49.21628415;16.6030621666667;;;;
21211;;;;;;;;NMEA message parser not found for RMB.
21212;;;;;;;;Failed to parse: GGA.. Meters expected in GGA message.
21213;GSA;;;;;;;
21214;GSV;;;;;;;
21215;GSV;;;;;;;
21216;;;;;;;;NMEA message parser not found for GRM.
21217;RMC;12/26/2016 10:31:34 PM;49.21628145;16.6030525166667;;;;
21218;;;;;;;;NMEA message parser not found for RMB.
21219;;;;;;;;Failed to parse: GGA.. Meters expected in GGA message.
21220;GSA;;;;;;;
21221;GSV;;;;;;;
21222;GSV;;;;;;;
21223;;;;;;;;NMEA message parser not found for GRM.
21224;RMC;12/26/2016 10:31:35 PM;49.21627875;16.6030428833333;;;;
21225;;;;;;;;NMEA message parser not found for RMB.
21226;;;;;;;;Failed to parse: GGA.. Meters expected in GGA message.
21227;GSA;;;;;;;
21228;GSV;;;;;;;
21229;GSV;;;;;;;
21230;;;;;;;;NMEA message parser not found for GRM.
21231;RMC;12/26/2016 10:31:36 PM;49.2162760666667;16.6030332333333;;;;
21232;;;;;;;;NMEA message parser not found for RMB.
21233;;;;;;;;Failed to parse: GGA.. Meters expected in GGA message.
21234;GSA;;;;;;;
21235;GSV;;;;;;;
21236;GSV;;;;;;;
21237;;;;;;;;NMEA message parser not found for GRM.
21238;RMC;12/26/2016 10:31:37 PM;49.2162733666667;16.6030236;;;;
21239;;;;;;;;NMEA message parser not found for RMB.
21240;;;;;;;;Failed to parse: GGA.. Meters expected in GGA message.
21241;GSA;;;;;;;
21242;GSV;;;;;;;
21243;GSV;;;;;;;
21244;;;;;;;;NMEA message parser not found for GRM.
21245;RMC;12/26/2016 10:31:38 PM;49.2162706666667;16.6030139666667;;;;
21246;;;;;;;;NMEA message parser not found for RMB.
21247;;;;;;;;Failed to parse: GGA.. Meters expected in GGA message.
21248;GSA;;;;;;;
21249;GSV;;;;;;;
21250;GSV;;;;;;;
21251;;;;;;;;NMEA message parser not found for GRM.
21252;RMC;12/26/2016 10:31:39 PM;49.2162679666667;16.6030043166667;;;;
21253;;;;;;;;NMEA message parser not found for RMB.
21254;;;;;;;;Failed to parse: GGA.. Meters expected in GGA message.
21255;GSA;;;;;;;
21256;GSV;;;;;;;
21257;GSV;;;;;;;
21258;;;;;;;;NMEA message parser not found for GRM.
21259;RMC;12/26/2016 10:31:40 PM;49.2162652666667;16.6029946833333;;;;
21260;;;;;;;;NMEA message parser not found for RMB.
21261;;;;;;;;Failed to parse: GGA.. Meters expected in GGA message.
21262;GSA;;;;;;;
21263;GSV;;;;;;;
21264;GSV;;;;;;;
21265;;;;;;;;NMEA message parser not found for GRM.
21266;RMC;12/26/2016 10:31:41 PM;49.2162625833333;16.60298505;;;;
21267;;;;;;;;NMEA message parser not found for RMB.
21268;;;;;;;;Failed to parse: GGA.. Meters expected in GGA message.
21269;GSA;;;;;;;
21270;GSV;;;;;;;
21271;GSV;;;;;;;
21272;;;;;;;;NMEA message parser not found for GRM.
21273;RMC;12/26/2016 10:31:42 PM;49.2162598833333;16.6029754;;;;
21274;;;;;;;;NMEA message parser not found for RMB.
21275;;;;;;;;Failed to parse: GGA.. Meters expected in GGA message.
21276;GSA;;;;;;;
21277;GSV;;;;;;;
21278;GSV;;;;;;;
21279;;;;;;;;NMEA message parser not found for GRM.
21280;RMC;12/26/2016 10:31:43 PM;49.2162571833333;16.6029657666667;;;;
21281;;;;;;;;NMEA message parser not found for RMB.
21282;;;;;;;;Failed to parse: GGA.. Meters expected in GGA message.
21283;GSA;;;;;;;
21284;GSV;;;;;;;
21285;GSV;;;;;;;
21286;;;;;;;;NMEA message parser not found for GRM.
21287;RMC;12/26/2016 10:31:44 PM;49.2162544833333;16.6029561166667;;;;
21288;;;;;;;;NMEA message parser not found for RMB.
21289;;;;;;;;Failed to parse: GGA.. Meters expected in GGA message.
21290;GSA;;;;;;;
21291;GSV;;;;;;;
21292;GSV;;;;;;;
21293;;;;;;;;NMEA message parser not found for GRM.
21294;RMC;12/26/2016 10:31:45 PM;49.2162517833333;16.6029464833333;;;;
21295;;;;;;;;NMEA message parser not found for RMB.
21296;;;;;;;;Failed to parse: GGA.. Meters expected in GGA message.
21297;GSA;;;;;;;
21298;GSV;;;;;;;
21299;GSV;;;;;;;
21300;;;;;;;;NMEA message parser not found for GRM.
21301;RMC;12/26/2016 10:31:46 PM;49.2162491;16.60293685;;;;
21302;;;;;;;;NMEA message parser not found for RMB.
21303;;;;;;;;Failed to parse: GGA.. Meters expected in GGA message.
21304;GSA;;;;;;;
21305;GSV;;;;;;;
21306;GSV;;;;;;;
21307;;;;;;;;NMEA message parser not found for GRM.
21308;RMC;12/26/2016 10:31:47 PM;49.2162464;16.6029272;;;;
21309;;;;;;;;NMEA message parser not found for RMB.
21310;;;;;;;;Failed to parse: GGA.. Meters expected in GGA message.
21311;GSA;;;;;;;
21312;GSV;;;;;;;
21313;GSV;;;;;;;
21314;;;;;;;;NMEA message parser not found for GRM.
21315;RMC;12/26/2016 10:31:48 PM;49.2162437;16.6029175666667;;;;
21316;;;;;;;;NMEA message parser not found for RMB.
21317;;;;;;;;Failed to parse: GGA.. Meters expected in GGA message.
21318;GSA;;;;;;;
21319;GSV;;;;;;;
21320;GSV;;;;;;;
21321;;;;;;;;NMEA message parser not found for GRM.
21322;RMC;12/26/2016 10:31:49 PM;49.216241;16.6029079166667;;;;
21323;;;;;;;;NMEA message parser not found for RMB.
21324;;;;;;;;Failed to parse: GGA.. Meters expected in GGA message.
21325;GSA;;;;;;;
21326;GSV;;;;;;;
21327;GSV;;;;;;;
21328;;;;;;;;NMEA message parser not found for GRM.
21329;RMC;12/26/2016 10:31:50 PM;49.2162383;16.6028982833333;;;;
21330;;;;;;;;NMEA message parser not found for RMB.
21331;;;;;;;;Failed to parse: GGA.. Meters expected in GGA message.
21332;GSA;;;;;;;
21333;GSV;;;;;;;
21334;GSV;;;;;;;
21335;;;;;;;;NMEA message parser not found for GRM.
21336;RMC;12/26/2016 10:31:51 PM;49.2162356166667;16.60288865;;;;
21337;;;;;;;;NMEA message parser not found for RMB.
21338;;;;;;;;Failed to parse: GGA.. Meters expected in GGA message.
21339;GSA;;;;;;;
21340;GSV;;;;;;;
21341;GSV;;;;;;;
21342;;;;;;;;NMEA message parser not found for GRM.
21343;RMC;12/26/2016 10:31:52 PM;49.2162329166667;16.602879;;;;
21344;;;;;;;;NMEA message parser not found for RMB.
21345;;;;;;;;Failed to parse: GGA.. Meters expected in GGA message.
21346;GSA;;;;;;;
21347;GSV;;;;;;;
21348;GSV;;;;;;;
21349;;;;;;;;NMEA message parser not found for GRM.
21350;RMC;12/26/2016 10:31:53 PM;49.2162302166667;16.6028693666667;;;;
21351;;;;;;;;NMEA message parser not found for RMB.
21352;;;;;;;;Failed to parse: GGA.. Meters expected in GGA message.
21353;GSA;;;;;;;
21354;GSV;;;;;;;
21355;GSV;;;;;;;
21356;;;;;;;;NMEA message parser not found for GRM.
21357;RMC;12/26/2016 10:31:54 PM;49.2162275166667;16.6028597166667;;;;
21358;;;;;;;;NMEA message parser not found for RMB.
21359;;;;;;;;Failed to parse: GGA.. Meters expected in GGA message.
21360;GSA;;;;;;;
21361;GSV;;;;;;;
21362;GSV;;;;;;;
21363;;;;;;;;NMEA message parser not found for GRM.
21364;RMC;12/26/2016 10:31:55 PM;49.2162248166667;16.6028500833333;;;;
21365;;;;;;;;NMEA message parser not found for RMB.
21366;;;;;;;;Failed to parse: GGA.. Meters expected in GGA message.
21367;GSA;;;;;;;
21368;GSV;;;;;;;
21369;GSV;;;;;;;
21370;;;;;;;;NMEA message parser not found for GRM.
21371;RMC;12/26/2016 10:31:56 PM;49.2162221333333;16.60284045;;;;
21372;;;;;;;;NMEA message parser not found for RMB.
21373;;;;;;;;Failed to parse: GGA.. Meters expected in GGA message.
21374;GSA;;;;;;;
21375;GSV;;;;;;;
21376;GSV;;;;;;;
21377;;;;;;;;NMEA message parser not found for GRM.
21378;RMC;12/26/2016 10:31:57 PM;49.2162194333333;16.6028308;;;;
21379;;;;;;;;NMEA message parser not found for RMB.
21380;;;;;;;;Failed to parse: GGA.. Meters expected in GGA message.
21381;GSA;;;;;;;
21382;GSV;;;;;;;
21383;GSV;;;;;;;
21384;;;;;;;;NMEA message parser not found for GRM.
21385;RMC;12/26/2016 10:31:58 PM;49.2162167333333;16.6028211666667;;;;
21386;;;;;;;;NMEA message parser not found for RMB.
21387;;;;;;;;Failed to parse: GGA.. Meters expected in GGA message.
21388;GSA;;;;;;;
21389;GSV;;;;;;;
21390;GSV;;;;;;;
21391;;;;;;;;NMEA message parser not found for GRM.
21392;RMC;12/26/2016 10:31:59 PM;49.2162140333333;16.6028115166667;;;;
21393;;;;;;;;NMEA message parser not found for RMB.
21394;;;;;;;;Failed to parse: GGA.. Meters expected in GGA message.
21395;GSA;;;;;;;
21396;GSV;;;;;;;
21397;GSV;;;;;;;
21398;;;;;;;;NMEA message parser not found for GRM.
21399;RMC;12/26/2016 10:32:00 PM;49.2162113333333;16.6028018833333;;;;
21400;;;;;;;;NMEA message parser not found for RMB.
21401;;;;;;;;Failed to parse: GGA.. Meters expected in GGA message.
21402;GSA;;;;;;;
21403;GSV;;;;;;;
21404;GSV;;;;;;;
21405;;;;;;;;NMEA message parser not found for GRM.
21406;RMC;12/26/2016 10:32:01 PM;49.21620865;16.60279225;;;;
21407;;;;;;;;NMEA message parser not found for RMB.
21408;;;;;;;;Failed to parse: GGA.. Meters expected in GGA message.
21409;GSA;;;;;;;
21410;GSV;;;;;;;
21411;GSV;;;;;;;
21412;;;;;;;;NMEA message parser not found for GRM.
21413;RMC;12/26/2016 10:32:02 PM;49.21620595;16.6027826;;;;
21414;;;;;;;;NMEA message parser not found for RMB.
21415;;;;;;;;Failed to parse: GGA.. Meters expected in GGA message.
21416;GSA;;;;;;;
21417;GSV;;;;;;;
21418;GSV;;;;;;;
21419;;;;;;;;NMEA message parser not found for GRM.
21420;RMC;12/26/2016 10:32:03 PM;49.21620325;16.6027729666667;;;;
21421;;;;;;;;NMEA message parser not found for RMB.
21422;;;;;;;;Failed to parse: GGA.. Meters expected in GGA message.
21423;GSA;;;;;;;
21424;GSV;;;;;;;
21425;GSV;;;;;;;
21426;;;;;;;;NMEA message parser not found for GRM.
21427;RMC;12/26/2016 10:32:04 PM;49.21620055;16.6027633166667;;;;
21428;;;;;;;;NMEA message parser not found for RMB.
21429;;;;;;;;Failed to parse: GGA.. Meters expected in GGA message.
21430;GSA;;;;;;;
21431;GSV;;;;;;;
21432;GSV;;;;;;;
21433;;;;;;;;NMEA message parser not found for GRM.
21434;RMC;12/26/2016 10:32:05 PM;49.21619785;16.6027536833333;;;;
21435;;;;;;;;NMEA message parser not found for RMB.
21436;;;;;;;;Failed to parse: GGA.. Meters expected in GGA message.
21437;GSA;;;;;;;
21438;GSV;;;;;;;
21439;GSV;;;;;;;
21440;;;;;;;;NMEA message parser not found for GRM.
21441;RMC;12/26/2016 10:32:06 PM;49.2161951666667;16.60274405;;;;
21442;;;;;;;;NMEA message parser not found for RMB.
21443;;;;;;;;Failed to parse: GGA.. Meters expected in GGA message.
21444;GSA;;;;;;;
21445;GSV;;;;;;;
21446;GSV;;;;;;;
21447;;;;;;;;NMEA message parser not found for GRM.
21448;RMC;12/26/2016 10:32:07 PM;49.2161924666667;16.6027344;;;;
21449;;;;;;;;NMEA message parser not found for RMB.
21450;;;;;;;;Failed to parse: GGA.. Meters expected in GGA message.
21451;GSA;;;;;;;
21452;GSV;;;;;;;
21453;GSV;;;;;;;
21454;;;;;;;;NMEA message parser not found for GRM.
21455;RMC;12/26/2016 10:32:08 PM;49.2161897666667;16.6027247666667;;;;
21456;;;;;;;;NMEA message parser not found for RMB.
21457;;;;;;;;Failed to parse: GGA.. Meters expected in GGA message.
21458;GSA;;;;;;;
21459;GSV;;;;;;;
21460;GSV;;;;;;;
21461;;;;;;;;NMEA message parser not found for GRM.
21462;RMC;12/26/2016 10:32:09 PM;49.2161870666667;16.6027151166667;;;;
21463;;;;;;;;NMEA message parser not found for RMB.
21464;;;;;;;;Failed to parse: GGA.. Meters expected in GGA message.
21465;GSA;;;;;;;
21466;GSV;;;;;;;
21467;GSV;;;;;;;
21468;;;;;;;;NMEA message parser not found for GRM.
21469;RMC;12/26/2016 10:32:10 PM;49.2161843666667;16.6027054833333;;;;
21470;;;;;;;;NMEA message parser not found for RMB.
21471;;;;;;;;Failed to parse: GGA.. Meters expected in GGA message.
21472;GSA;;;;;;;
21473;GSV;;;;;;;
21474;GSV;;;;;;;
21475;;;;;;;;NMEA message parser not found for GRM.
21476;RMC;12/26/2016 10:32:11 PM;49.2161816833333;16.60269585;;;;
21477;;;;;;;;NMEA message parser not found for RMB.
21478;;;;;;;;Failed to parse: GGA.. Meters expected in GGA message.
21479;GSA;;;;;;;
21480;GSV;;;;;;;
21481;GSV;;;;;;;
21482;;;;;;;;NMEA message parser not found for GRM.
21483;RMC;12/26/2016 10:32:12 PM;49.2161789833333;16.6026862;;;;
21484;;;;;;;;NMEA message parser not found for RMB.
21485;;;;;;;;Failed to parse: GGA.. Meters expected in GGA message.
21486;GSA;;;;;;;
21487;GSV;;;;;;;
21488;GSV;;;;;;;
21489;;;;;;;;NMEA message parser not found for GRM.
21490;RMC;12/26/2016 10:32:13 PM;49.2161762833333;16.6026765666667;;;;
21491;;;;;;;;NMEA message parser not found for RMB.
21492;;;;;;;;Failed to parse: GGA.. Meters expected in GGA message.
21493;GSA;;;;;;;
21494;GSV;;;;;;;
21495;GSV;;;;;;;
21496;;;;;;;;NMEA message parser not found for GRM.
21497;RMC;12/26/2016 10:32:14 PM;49.2161735833333;16.6026669166667;;;;
21498;;;;;;;;NMEA message parser not found for RMB.
21499;;;;;;;;Failed to parse: GGA.. Meters expected in GGA message.
21500;GSA;;;;;;;
21501;GSV;;;;;;;
21502;GSV;;;;;;;
21503;;;;;;;;NMEA message parser not found for GRM.
21504;RMC;12/26/2016 10:32:15 PM;49.2161708833333;16.6026572833333;;;;
21505;;;;;;;;NMEA message parser not found for RMB.
21506;;;;;;;;Failed to parse: GGA.. Meters expected in GGA message.
21507;GSA;;;;;;;
21508;GSV;;;;;;;
21509;GSV;;;;;;;
21510;;;;;;;;NMEA message parser not found for GRM.
21511;RMC;12/26/2016 10:32:16 PM;49.2161682;16.60264765;;;;
21512;;;;;;;;NMEA message parser not found for RMB.
21513;;;;;;;;Failed to parse: GGA.. Meters expected in GGA message.
21514;GSA;;;;;;;
21515;GSV;;;;;;;
21516;GSV;;;;;;;
21517;;;;;;;;NMEA message parser not found for GRM.
21518;RMC;12/26/2016 10:32:17 PM;49.2161655;16.602638;;;;
21519;;;;;;;;NMEA message parser not found for RMB.
21520;;;;;;;;Failed to parse: GGA.. Meters expected in GGA message.
21521;GSA;;;;;;;
21522;GSV;;;;;;;
21523;GSV;;;;;;;
21524;;;;;;;;NMEA message parser not found for GRM.
21525;RMC;12/26/2016 10:32:18 PM;49.2161628;16.6026283666667;;;;
21526;;;;;;;;NMEA message parser not found for RMB.
21527;;;;;;;;Failed to parse: GGA.. Meters expected in GGA message.
21528;GSA;;;;;;;
21529;GSV;;;;;;;
21530;GSV;;;;;;;
21531;;;;;;;;NMEA message parser not found for GRM.
21532;RMC;12/26/2016 10:32:19 PM;49.2161601;16.6026187166667;;;;
21533;;;;;;;;NMEA message parser not found for RMB.
21534;;;;;;;;Failed to parse: GGA.. Meters expected in GGA message.
21535;GSA;;;;;;;
21536;GSV;;;;;;;
21537;GSV;;;;;;;
21538;;;;;;;;NMEA message parser not found for GRM.
21539;RMC;12/26/2016 10:32:20 PM;49.2161574;16.6026090833333;;;;
21540;;;;;;;;NMEA message parser not found for RMB.
21541;;;;;;;;Failed to parse: GGA.. Meters expected in GGA message.
21542;GSA;;;;;;;
21543;GSV;;;;;;;
21544;GSV;;;;;;;
21545;;;;;;;;NMEA message parser not found for GRM.
21546;RMC;12/26/2016 10:32:21 PM;49.2161547166667;16.60259945;;;;
21547;;;;;;;;NMEA message parser not found for RMB.
21548;;;;;;;;Failed to parse: GGA.. Meters expected in GGA message.
21549;GSA;;;;;;;
21550;GSV;;;;;;;
21551;GSV;;;;;;;
21552;;;;;;;;NMEA message parser not found for GRM.
21553;RMC;12/26/2016 10:32:22 PM;49.2161520166667;16.6025898;;;;
21554;;;;;;;;NMEA message parser not found for RMB.
21555;;;;;;;;Failed to parse: GGA.. Meters expected in GGA message.
21556;GSA;;;;;;;
21557;GSV;;;;;;;
21558;GSV;;;;;;;
21559;;;;;;;;NMEA message parser not found for GRM.
21560;RMC;12/26/2016 10:32:23 PM;49.2161493166667;16.6025801666667;;;;
21561;;;;;;;;NMEA message parser not found for RMB.
21562;;;;;;;;Failed to parse: GGA.. Meters expected in GGA message.
21563;GSA;;;;;;;
21564;GSV;;;;;;;
21565;GSV;;;;;;;
21566;;;;;;;;NMEA message parser not found for GRM.
21567;RMC;12/26/2016 10:32:24 PM;49.2161466166667;16.6025705166667;;;;
21568;;;;;;;;NMEA message parser not found for RMB.
21569;;;;;;;;Failed to parse: GGA.. Meters expected in GGA message.
21570;GSA;;;;;;;
21571;GSV;;;;;;;
21572;GSV;;;;;;;
21573;;;;;;;;NMEA message parser not found for GRM.
21574;RMC;12/26/2016 10:32:25 PM;49.2161439166667;16.6025608833333;;;;
21575;;;;;;;;NMEA message parser not found for RMB.
21576;;;;;;;;Failed to parse: GGA.. Meters expected in GGA message.
21577;GSA;;;;;;;
21578;GSV;;;;;;;
21579;GSV;;;;;;;
21580;;;;;;;;NMEA message parser not found for GRM.
21581;RMC;12/26/2016 10:32:26 PM;49.2161412333333;16.60255125;;;;
21582;;;;;;;;NMEA message parser not found for RMB.
21583;;;;;;;;Failed to parse: GGA.. Meters expected in GGA message.
21584;GSA;;;;;;;
21585;GSV;;;;;;;
21586;GSV;;;;;;;
21587;;;;;;;;NMEA message parser not found for GRM.
21588;RMC;12/26/2016 10:32:27 PM;49.2161385333333;16.6025416;;;;
21589;;;;;;;;NMEA message parser not found for RMB.
21590;;;;;;;;Failed to parse: GGA.. Meters expected in GGA message.
21591;GSA;;;;;;;
21592;GSV;;;;;;;
21593;GSV;;;;;;;
21594;;;;;;;;NMEA message parser not found for GRM.
21595;RMC;12/26/2016 10:32:28 PM;49.2161358333333;16.6025319666667;;;;
21596;;;;;;;;NMEA message parser not found for RMB.
21597;;;;;;;;Failed to parse: GGA.. Meters expected in GGA message.
21598;GSA;;;;;;;
21599;GSV;;;;;;;
21600;GSV;;;;;;;
21601;;;;;;;;NMEA message parser not found for GRM.
21602;RMC;12/26/2016 10:32:29 PM;49.2161331333333;16.6025223166667;;;;
21603;;;;;;;;NMEA message parser not found for RMB.
21604;;;;;;;;Failed to parse: GGA.. Meters expected in GGA message.
21605;GSA;;;;;;;
21606;GSV;;;;;;;
21607;GSV;;;;;;;
21608;;;;;;;;NMEA message parser not found for GRM.
21609;RMC;12/26/2016 10:32:30 PM;49.21613045;16.6025126833333;;;;
21610;;;;;;;;NMEA message parser not found for RMB.
21611;;;;;;;;Failed to parse: GGA.. Meters expected in GGA message.
21612;GSA;;;;;;;
21613;GSV;;;;;;;
21614;GSV;;;;;;;
21615;;;;;;;;NMEA message parser not found for GRM.
21616;RMC;12/26/2016 10:32:31 PM;49.21612775;16.60250305;;;;
21617;;;;;;;;NMEA message parser not found for RMB.
21618;;;;;;;;Failed to parse: GGA.. Meters expected in GGA message.
21619;GSA;;;;;;;
21620;GSV;;;;;;;
21621;GSV;;;;;;;
21622;;;;;;;;NMEA message parser not found for GRM.
21623;RMC;12/26/2016 10:32:32 PM;49.21612505;16.6024934;;;;
21624;;;;;;;;NMEA message parser not found for RMB.
21625;;;;;;;;Failed to parse: GGA.. Meters expected in GGA message.
21626;GSA;;;;;;;
21627;GSV;;;;;;;
21628;GSV;;;;;;;
21629;;;;;;;;NMEA message parser not found for GRM.
21630;RMC;12/26/2016 10:32:33 PM;49.21612235;16.6024837666667;;;;
21631;;;;;;;;NMEA message parser not found for RMB.
21632;;;;;;;;Failed to parse: GGA.. Meters expected in GGA message.
21633;GSA;;;;;;;
21634;GSV;;;;;;;
21635;GSV;;;;;;;
21636;;;;;;;;NMEA message parser not found for GRM.
21637;RMC;12/26/2016 10:32:34 PM;49.21611965;16.6024741166667;;;;
21638;;;;;;;;NMEA message parser not found for RMB.
21639;;;;;;;;Failed to parse: GGA.. Meters expected in GGA message.
21640;GSA;;;;;;;
21641;GSV;;;;;;;
21642;GSV;;;;;;;
21643;;;;;;;;NMEA message parser not found for GRM.
21644;RMC;12/26/2016 10:32:35 PM;49.2161169666667;16.6024644833333;;;;
21645;;;;;;;;NMEA message parser not found for RMB.
21646;;;;;;;;Failed to parse: GGA.. Meters expected in GGA message.
21647;GSA;;;;;;;
21648;GSV;;;;;;;
21649;GSV;;;;;;;
21650;;;;;;;;NMEA message parser not found for GRM.
21651;RMC;12/26/2016 10:32:36 PM;49.2161142666667;16.60245485;;;;
21652;;;;;;;;NMEA message parser not found for RMB.
21653;;;;;;;;Failed to parse: GGA.. Meters expected in GGA message.
21654;GSA;;;;;;;
21655;GSV;;;;;;;
21656;GSV;;;;;;;
21657;;;;;;;;NMEA message parser not found for GRM.
21658;RMC;12/26/2016 10:32:37 PM;49.2161115666667;16.6024452;;;;
21659;;;;;;;;NMEA message parser not found for RMB.
21660;;;;;;;;Failed to parse: GGA.. Meters expected in GGA message.
21661;GSA;;;;;;;
21662;GSV;;;;;;;
21663;GSV;;;;;;;
21664;;;;;;;;NMEA message parser not found for GRM.
21665;RMC;12/26/2016 10:32:38 PM;49.2161088666667;16.6024355666667;;;;
21666;;;;;;;;NMEA message parser not found for RMB.
21667;;;;;;;;Failed to parse: GGA.. Meters expected in GGA message.
21668;GSA;;;;;;;
21669;GSV;;;;;;;
21670;GSV;;;;;;;
21671;;;;;;;;NMEA message parser not found for GRM.
21672;RMC;12/26/2016 10:32:39 PM;49.2161061666667;16.6024259166667;;;;
21673;;;;;;;;NMEA message parser not found for RMB.
21674;;;;;;;;Failed to parse: GGA.. Meters expected in GGA message.
21675;GSA;;;;;;;
21676;GSV;;;;;;;
21677;GSV;;;;;;;
21678;;;;;;;;NMEA message parser not found for GRM.
21679;RMC;12/26/2016 10:32:40 PM;49.2161034833333;16.6024162833333;;;;
21680;;;;;;;;NMEA message parser not found for RMB.
21681;;;;;;;;Failed to parse: GGA.. Meters expected in GGA message.
21682;GSA;;;;;;;
21683;GSV;;;;;;;
21684;GSV;;;;;;;
21685;;;;;;;;NMEA message parser not found for GRM.
21686;RMC;12/26/2016 10:32:41 PM;49.2161007833333;16.60240665;;;;
21687;;;;;;;;NMEA message parser not found for RMB.
21688;;;;;;;;Failed to parse: GGA.. Meters expected in GGA message.
21689;GSA;;;;;;;
21690;GSV;;;;;;;
21691;GSV;;;;;;;
21692;;;;;;;;NMEA message parser not found for GRM.
21693;RMC;12/26/2016 10:32:42 PM;49.2160980833333;16.602397;;;;
21694;;;;;;;;NMEA message parser not found for RMB.
21695;;;;;;;;Failed to parse: GGA.. Meters expected in GGA message.
21696;GSA;;;;;;;
21697;GSV;;;;;;;
21698;GSV;;;;;;;
21699;;;;;;;;NMEA message parser not found for GRM.
21700;RMC;12/26/2016 10:32:43 PM;49.2160953833333;16.6023873666667;;;;
21701;;;;;;;;NMEA message parser not found for RMB.
21702;;;;;;;;Failed to parse: GGA.. Meters expected in GGA message.
21703;GSA;;;;;;;
21704;GSV;;;;;;;
21705;GSV;;;;;;;
21706;;;;;;;;NMEA message parser not found for GRM.
21707;RMC;12/26/2016 10:32:44 PM;49.2160926833333;16.6023777333333;;;;
21708;;;;;;;;NMEA message parser not found for RMB.
21709;;;;;;;;Failed to parse: GGA.. Meters expected in GGA message.
21710;GSA;;;;;;;
21711;GSV;;;;;;;
21712;GSV;;;;;;;
21713;;;;;;;;NMEA message parser not found for GRM.
21714;RMC;12/26/2016 10:32:45 PM;49.21609;16.6023680833333;;;;
21715;;;;;;;;NMEA message parser not found for RMB.
21716;;;;;;;;Failed to parse: GGA.. Meters expected in GGA message.
21717;GSA;;;;;;;
21718;GSV;;;;;;;
21719;GSV;;;;;;;
21720;;;;;;;;NMEA message parser not found for GRM.
21721;RMC;12/26/2016 10:32:46 PM;49.2160873;16.60235845;;;;
21722;;;;;;;;NMEA message parser not found for RMB.
21723;;;;;;;;Failed to parse: GGA.. Meters expected in GGA message.
21724;GSA;;;;;;;
21725;GSV;;;;;;;
21726;GSV;;;;;;;
21727;;;;;;;;NMEA message parser not found for GRM.
21728;RMC;12/26/2016 10:32:47 PM;49.2160846;16.6023488;;;;
21729;;;;;;;;NMEA message parser not found for RMB.
21730;;;;;;;;Failed to parse: GGA.. Meters expected in GGA message.
21731;GSA;;;;;;;
21732;GSV;;;;;;;
21733;GSV;;;;;;;
21734;;;;;;;;NMEA message parser not found for GRM.
21735;RMC;12/26/2016 10:32:48 PM;49.2160819;16.6023391666667;;;;
21736;;;;;;;;NMEA message parser not found for RMB.
21737;;;;;;;;Failed to parse: GGA.. Meters expected in GGA message.
21738;GSA;;;;;;;
21739;GSV;;;;;;;
21740;GSV;;;;;;;
21741;;;;;;;;NMEA message parser not found for GRM.
21742;RMC;12/26/2016 10:32:49 PM;49.2160792;16.6023295333333;;;;
21743;;;;;;;;NMEA message parser not found for RMB.
21744;;;;;;;;Failed to parse: GGA.. Meters expected in GGA message.
21745;GSA;;;;;;;
21746;GSV;;;;;;;
21747;GSV;;;;;;;
21748;;;;;;;;NMEA message parser not found for GRM.
21749;RMC;12/26/2016 10:32:50 PM;49.2160765166667;16.6023198833333;;;;
21750;;;;;;;;NMEA message parser not found for RMB.
21751;;;;;;;;Failed to parse: GGA.. Meters expected in GGA message.
21752;GSA;;;;;;;
21753;GSV;;;;;;;
21754;GSV;;;;;;;
21755;;;;;;;;NMEA message parser not found for GRM.
21756;RMC;12/26/2016 10:32:51 PM;49.2160738166667;16.60231025;;;;
21757;;;;;;;;NMEA message parser not found for RMB.
21758;;;;;;;;Failed to parse: GGA.. Meters expected in GGA message.
21759;GSA;;;;;;;
21760;GSV;;;;;;;
21761;GSV;;;;;;;
21762;;;;;;;;NMEA message parser not found for GRM.
21763;RMC;12/26/2016 10:32:52 PM;49.2160711166667;16.6023006;;;;
21764;;;;;;;;NMEA message parser not found for RMB.
21765;;;;;;;;Failed to parse: GGA.. Meters expected in GGA message.
21766;GSA;;;;;;;
21767;GSV;;;;;;;
21768;GSV;;;;;;;
21769;;;;;;;;NMEA message parser not found for GRM.
21770;RMC;12/26/2016 10:32:53 PM;49.2160684166667;16.6022909666667;;;;
21771;;;;;;;;NMEA message parser not found for RMB.
21772;;;;;;;;Failed to parse: GGA.. Meters expected in GGA message.
21773;GSA;;;;;;;
21774;GSV;;;;;;;
21775;GSV;;;;;;;
21776;;;;;;;;NMEA message parser not found for GRM.
21777;RMC;12/26/2016 10:32:54 PM;49.2160657166667;16.6022813333333;;;;
21778;;;;;;;;NMEA message parser not found for RMB.
21779;;;;;;;;Failed to parse: GGA.. Meters expected in GGA message.
21780;GSA;;;;;;;
21781;GSV;;;;;;;
21782;GSV;;;;;;;
21783;;;;;;;;NMEA message parser not found for GRM.
21784;RMC;12/26/2016 10:32:55 PM;49.2160630333333;16.6022716833333;;;;
21785;;;;;;;;NMEA message parser not found for RMB.
21786;;;;;;;;Failed to parse: GGA.. Meters expected in GGA message.
21787;GSA;;;;;;;
21788;GSV;;;;;;;
21789;GSV;;;;;;;
21790;;;;;;;;NMEA message parser not found for GRM.
21791;RMC;12/26/2016 10:32:56 PM;49.2160603333333;16.60226205;;;;
21792;;;;;;;;NMEA message parser not found for RMB.
21793;;;;;;;;Failed to parse: GGA.. Meters expected in GGA message.
21794;GSA;;;;;;;
21795;GSV;;;;;;;
21796;GSV;;;;;;;
21797;;;;;;;;NMEA message parser not found for GRM.
21798;RMC;12/26/2016 10:32:57 PM;49.2160576333333;16.6022524;;;;
21799;;;;;;;;NMEA message parser not found for RMB.
21800;;;;;;;;Failed to parse: GGA.. Meters expected in GGA message.
21801;GSA;;;;;;;
21802;GSV;;;;;;;
21803;GSV;;;;;;;
21804;;;;;;;;NMEA message parser not found for GRM.
21805;RMC;12/26/2016 10:32:58 PM;49.2160549333333;16.6022427666667;;;;
21806;;;;;;;;NMEA message parser not found for RMB.
21807;;;;;;;;Failed to parse: GGA.. Meters expected in GGA message.
21808;GSA;;;;;;;
21809;GSV;;;;;;;
21810;GSV;;;;;;;
21811;;;;;;;;NMEA message parser not found for GRM.
21812;RMC;12/26/2016 10:32:59 PM;49.2160522333333;16.6022331333333;;;;
21813;;;;;;;;NMEA message parser not found for RMB.
21814;;;;;;;;Failed to parse: GGA.. Meters expected in GGA message.
21815;GSA;;;;;;;
21816;GSV;;;;;;;
21817;GSV;;;;;;;
21818;;;;;;;;NMEA message parser not found for GRM.
21819;RMC;12/26/2016 10:33:00 PM;49.21604955;16.6022234833333;;;;
21820;;;;;;;;NMEA message parser not found for RMB.
21821;;;;;;;;Failed to parse: GGA.. Meters expected in GGA message.
21822;GSA;;;;;;;
21823;GSV;;;;;;;
21824;GSV;;;;;;;
21825;;;;;;;;NMEA message parser not found for GRM.
21826;RMC;12/26/2016 10:33:01 PM;49.21604685;16.60221385;;;;
21827;;;;;;;;NMEA message parser not found for RMB.
21828;;;;;;;;Failed to parse: GGA.. Meters expected in GGA message.
21829;GSA;;;;;;;
21830;GSV;;;;;;;
21831;GSV;;;;;;;
21832;;;;;;;;NMEA message parser not found for GRM.
21833;RMC;12/26/2016 10:33:02 PM;49.21604415;16.6022042;;;;
21834;;;;;;;;NMEA message parser not found for RMB.
21835;;;;;;;;Failed to parse: GGA.. Meters expected in GGA message.
21836;GSA;;;;;;;
21837;GSV;;;;;;;
21838;GSV;;;;;;;
21839;;;;;;;;NMEA message parser not found for GRM.
21840;RMC;12/26/2016 10:33:03 PM;49.21604145;16.6021945666667;;;;
21841;;;;;;;;NMEA message parser not found for RMB.
21842;;;;;;;;Failed to parse: GGA.. Meters expected in GGA message.
21843;GSA;;;;;;;
21844;GSV;;;;;;;
21845;GSV;;;;;;;
21846;;;;;;;;NMEA message parser not found for GRM.
21847;RMC;12/26/2016 10:33:04 PM;49.21603875;16.6021849333333;;;;
21848;;;;;;;;NMEA message parser not found for RMB.
21849;;;;;;;;Failed to parse: GGA.. Meters expected in GGA message.
21850;GSA;;;;;;;
21851;GSV;;;;;;;
21852;GSV;;;;;;;
21853;;;;;;;;NMEA message parser not found for GRM.
21854;RMC;12/26/2016 10:33:05 PM;49.2160360666667;16.6021752833333;;;;
21855;;;;;;;;NMEA message parser not found for RMB.
21856;;;;;;;;Failed to parse: GGA.. Meters expected in GGA message.
21857;GSA;;;;;;;
21858;GSV;;;;;;;
21859;GSV;;;;;;;
21860;;;;;;;;NMEA message parser not found for GRM.
21861;RMC;12/26/2016 10:33:06 PM;49.2160333666667;16.60216565;;;;
21862;;;;;;;;NMEA message parser not found for RMB.
21863;;;;;;;;Failed to parse: GGA.. Meters expected in GGA message.
21864;GSA;;;;;;;
21865;GSV;;;;;;;
21866;GSV;;;;;;;
21867;;;;;;;;NMEA message parser not found for GRM.
21868;RMC;12/26/2016 10:33:07 PM;49.2160306666667;16.602156;;;;
21869;;;;;;;;NMEA message parser not found for RMB.
21870;;;;;;;;Failed to parse: GGA.. Meters expected in GGA message.
21871;GSA;;;;;;;
21872;GSV;;;;;;;
21873;GSV;;;;;;;
21874;;;;;;;;NMEA message parser not found for GRM.
21875;RMC;12/26/2016 10:33:08 PM;49.2160279666667;16.6021463666667;;;;
21876;;;;;;;;NMEA message parser not found for RMB.
21877;;;;;;;;Failed to parse: GGA.. Meters expected in GGA message.
21878;GSA;;;;;;;
21879;GSV;;;;;;;
21880;GSV;;;;;;;
21881;;;;;;;;NMEA message parser not found for GRM.
21882;RMC;12/26/2016 10:33:09 PM;49.2160252666667;16.6021367333333;;;;
21883;;;;;;;;NMEA message parser not found for RMB.
21884;;;;;;;;Failed to parse: GGA.. Meters expected in GGA message.
21885;GSA;;;;;;;
21886;GSV;;;;;;;
21887;GSV;;;;;;;
21888;;;;;;;;NMEA message parser not found for GRM.
21889;RMC;12/26/2016 10:33:10 PM;49.2160225833333;16.6021270833333;;;;
21890;;;;;;;;NMEA message parser not found for RMB.
21891;;;;;;;;Failed to parse: GGA.. Meters expected in GGA message.
21892;GSA;;;;;;;
21893;GSV;;;;;;;
21894;GSV;;;;;;;
21895;;;;;;;;NMEA message parser not found for GRM.
21896;RMC;12/26/2016 10:33:11 PM;49.2160198833333;16.60211745;;;;
21897;;;;;;;;NMEA message parser not found for RMB.
21898;;;;;;;;Failed to parse: GGA.. Meters expected in GGA message.
21899;GSA;;;;;;;
21900;GSV;;;;;;;
21901;GSV;;;;;;;
21902;;;;;;;;NMEA message parser not found for GRM.
21903;RMC;12/26/2016 10:33:12 PM;49.2160171833333;16.6021078;;;;
21904;;;;;;;;NMEA message parser not found for RMB.
21905;;;;;;;;Failed to parse: GGA.. Meters expected in GGA message.
21906;GSA;;;;;;;
21907;GSV;;;;;;;
21908;GSV;;;;;;;
21909;;;;;;;;NMEA message parser not found for GRM.
21910;RMC;12/26/2016 10:33:13 PM;49.2160145666667;16.60209815;;;;
21911;;;;;;;;NMEA message parser not found for RMB.
21912;;;;;;;;Failed to parse: GGA.. Meters expected in GGA message.
21913;GSA;;;;;;;
21914;GSV;;;;;;;
21915;GSV;;;;;;;
21916;;;;;;;;NMEA message parser not found for GRM.
21917;RMC;12/26/2016 10:33:14 PM;49.2160123333333;16.6020883833333;;;;
21918;;;;;;;;NMEA message parser not found for RMB.
21919;;;;;;;;Failed to parse: GGA.. Meters expected in GGA message.
21920;GSA;;;;;;;
21921;GSV;;;;;;;
21922;GSV;;;;;;;
21923;;;;;;;;NMEA message parser not found for GRM.
21924;RMC;12/26/2016 10:33:15 PM;49.2160101;16.6020786333333;;;;
21925;;;;;;;;NMEA message parser not found for RMB.
21926;;;;;;;;Failed to parse: GGA.. Meters expected in GGA message.
21927;GSA;;;;;;;
21928;GSV;;;;;;;
21929;GSV;;;;;;;
21930;;;;;;;;NMEA message parser not found for GRM.
21931;RMC;12/26/2016 10:33:16 PM;49.21600785;16.6020688833333;;;;
21932;;;;;;;;NMEA message parser not found for RMB.
21933;;;;;;;;Failed to parse: GGA.. Meters expected in GGA message.
21934;GSA;;;;;;;
21935;GSV;;;;;;;
21936;GSV;;;;;;;
21937;;;;;;;;NMEA message parser not found for GRM.
21938;RMC;12/26/2016 10:33:17 PM;49.2160056166667;16.6020591166667;;;;
21939;;;;;;;;NMEA message parser not found for RMB.
21940;;;;;;;;Failed to parse: GGA.. Meters expected in GGA message.
21941;GSA;;;;;;;
21942;GSV;;;;;;;
21943;GSV;;;;;;;
21944;;;;;;;;NMEA message parser not found for GRM.
21945;RMC;12/26/2016 10:33:18 PM;49.2160033833333;16.6020493666667;;;;
21946;;;;;;;;NMEA message parser not found for RMB.
21947;;;;;;;;Failed to parse: GGA.. Meters expected in GGA message.
21948;GSA;;;;;;;
21949;GSV;;;;;;;
21950;GSV;;;;;;;
21951;;;;;;;;NMEA message parser not found for GRM.
21952;RMC;12/26/2016 10:33:19 PM;49.2160011333333;16.6020396;;;;
21953;;;;;;;;NMEA message parser not found for RMB.
21954;;;;;;;;Failed to parse: GGA.. Meters expected in GGA message.
21955;GSA;;;;;;;
21956;GSV;;;;;;;
21957;GSV;;;;;;;
21958;;;;;;;;NMEA message parser not found for GRM.
21959;RMC;12/26/2016 10:33:20 PM;49.2159989;16.60202985;;;;
21960;;;;;;;;NMEA message parser not found for RMB.
21961;;;;;;;;Failed to parse: GGA.. Meters expected in GGA message.
21962;GSA;;;;;;;
21963;GSV;;;;;;;
21964;GSV;;;;;;;
21965;;;;;;;;NMEA message parser not found for GRM.
21966;RMC;12/26/2016 10:33:21 PM;49.2159966666667;16.6020201;;;;
21967;;;;;;;;NMEA message parser not found for RMB.
21968;;;;;;;;Failed to parse: GGA.. Meters expected in GGA message.
21969;GSA;;;;;;;
21970;GSV;;;;;;;
21971;GSV;;;;;;;
21972;;;;;;;;NMEA message parser not found for GRM.
21973;RMC;12/26/2016 10:33:22 PM;49.2159944166667;16.6020103333333;;;;
21974;;;;;;;;NMEA message parser not found for RMB.
21975;;;;;;;;Failed to parse: GGA.. Meters expected in GGA message.
21976;GSA;;;;;;;
21977;GSV;;;;;;;
21978;GSV;;;;;;;
21979;;;;;;;;NMEA message parser not found for GRM.
21980;RMC;12/26/2016 10:33:23 PM;49.2159921833333;16.6020005833333;;;;
21981;;;;;;;;NMEA message parser not found for RMB.
21982;;;;;;;;Failed to parse: GGA.. Meters expected in GGA message.
21983;GSA;;;;;;;
21984;GSV;;;;;;;
21985;GSV;;;;;;;
21986;;;;;;;;NMEA message parser not found for GRM.
21987;RMC;12/26/2016 10:33:24 PM;49.21598995;16.6019908166667;;;;
21988;;;;;;;;NMEA message parser not found for RMB.
21989;;;;;;;;Failed to parse: GGA.. Meters expected in GGA message.
21990;GSA;;;;;;;
21991;GSV;;;;;;;
21992;GSV;;;;;;;
21993;;;;;;;;NMEA message parser not found for GRM.
21994;RMC;12/26/2016 10:33:25 PM;49.2159877;16.6019810666667;;;;
21995;;;;;;;;NMEA message parser not found for RMB.
21996;;;;;;;;Failed to parse: GGA.. Meters expected in GGA message.
21997;GSA;;;;;;;
21998;GSV;;;;;;;
21999;GSV;;;;;;;
22000;;;;;;;;NMEA message parser not found for GRM.
22001;RMC;12/26/2016 10:33:26 PM;49.2159854666667;16.6019713166667;;;;
22002;;;;;;;;NMEA message parser not found for RMB.
22003;;;;;;;;Failed to parse: GGA.. Meters expected in GGA message.
22004;GSA;;;;;;;
22005;GSV;;;;;;;
22006;GSV;;;;;;;
22007;;;;;;;;NMEA message parser not found for GRM.
22008;RMC;12/26/2016 10:33:27 PM;49.2159832333333;16.60196155;;;;
22009;;;;;;;;NMEA message parser not found for RMB.
22010;;;;;;;;Failed to parse: GGA.. Meters expected in GGA message.
22011;GSA;;;;;;;
22012;GSV;;;;;;;
22013;GSV;;;;;;;
22014;;;;;;;;NMEA message parser not found for GRM.
22015;RMC;12/26/2016 10:33:28 PM;49.2159809833333;16.6019518;;;;
22016;;;;;;;;NMEA message parser not found for RMB.
22017;;;;;;;;Failed to parse: GGA.. Meters expected in GGA message.
22018;GSA;;;;;;;
22019;GSV;;;;;;;
22020;GSV;;;;;;;
22021;;;;;;;;NMEA message parser not found for GRM.
22022;RMC;12/26/2016 10:33:29 PM;49.21597875;16.60194205;;;;
22023;;;;;;;;NMEA message parser not found for RMB.
22024;;;;;;;;Failed to parse: GGA.. Meters expected in GGA message.
22025;GSA;;;;;;;
22026;GSV;;;;;;;
22027;GSV;;;;;;;
22028;;;;;;;;NMEA message parser not found for GRM.
22029;RMC;12/26/2016 10:33:30 PM;49.2159765166667;16.6019322833333;;;;
22030;;;;;;;;NMEA message parser not found for RMB.
22031;;;;;;;;Failed to parse: GGA.. Meters expected in GGA message.
22032;GSA;;;;;;;
22033;GSV;;;;;;;
22034;GSV;;;;;;;
22035;;;;;;;;NMEA message parser not found for GRM.
22036;RMC;12/26/2016 10:33:31 PM;49.2159742666667;16.6019225333333;;;;
22037;;;;;;;;NMEA message parser not found for RMB.
22038;;;;;;;;Failed to parse: GGA.. Meters expected in GGA message.
22039;GSA;;;;;;;
22040;GSV;;;;;;;
22041;GSV;;;;;;;
22042;;;;;;;;NMEA message parser not found for GRM.
22043;RMC;12/26/2016 10:33:32 PM;49.2159720333333;16.6019127666667;;;;
22044;;;;;;;;NMEA message parser not found for RMB.
22045;;;;;;;;Failed to parse: GGA.. Meters expected in GGA message.
22046;GSA;;;;;;;
22047;GSV;;;;;;;
22048;GSV;;;;;;;
22049;;;;;;;;NMEA message parser not found for GRM.
22050;RMC;12/26/2016 10:33:33 PM;49.2159697833333;16.6019030166667;;;;
22051;;;;;;;;NMEA message parser not found for RMB.
22052;;;;;;;;Failed to parse: GGA.. Meters expected in GGA message.
22053;GSA;;;;;;;
22054;GSV;;;;;;;
22055;GSV;;;;;;;
22056;;;;;;;;NMEA message parser not found for GRM.
22057;RMC;12/26/2016 10:33:34 PM;49.21596755;16.6018932666667;;;;
22058;;;;;;;;NMEA message parser not found for RMB.
22059;;;;;;;;Failed to parse: GGA.. Meters expected in GGA message.
22060;GSA;;;;;;;
22061;GSV;;;;;;;
22062;GSV;;;;;;;
22063;;;;;;;;NMEA message parser not found for GRM.
22064;RMC;12/26/2016 10:33:35 PM;49.2159653166667;16.6018835;;;;
22065;;;;;;;;NMEA message parser not found for RMB.
22066;;;;;;;;Failed to parse: GGA.. Meters expected in GGA message.
22067;GSA;;;;;;;
22068;GSV;;;;;;;
22069;GSV;;;;;;;
22070;;;;;;;;NMEA message parser not found for GRM.
22071;RMC;12/26/2016 10:33:36 PM;49.2159630666667;16.60187375;;;;
22072;;;;;;;;NMEA message parser not found for RMB.
22073;;;;;;;;Failed to parse: GGA.. Meters expected in GGA message.
22074;GSA;;;;;;;
22075;GSV;;;;;;;
22076;GSV;;;;;;;
22077;;;;;;;;NMEA message parser not found for GRM.
22078;RMC;12/26/2016 10:33:37 PM;49.2159608333333;16.601864;;;;
22079;;;;;;;;NMEA message parser not found for RMB.
22080;;;;;;;;Failed to parse: GGA.. Meters expected in GGA message.
22081;GSA;;;;;;;
22082;GSV;;;;;;;
22083;GSV;;;;;;;
22084;;;;;;;;NMEA message parser not found for GRM.
22085;RMC;12/26/2016 10:33:38 PM;49.2159586;16.6018542333333;;;;
22086;;;;;;;;NMEA message parser not found for RMB.
22087;;;;;;;;Failed to parse: GGA.. Meters expected in GGA message.
22088;GSA;;;;;;;
22089;GSV;;;;;;;
22090;GSV;;;;;;;
22091;;;;;;;;NMEA message parser not found for GRM.
22092;RMC;12/26/2016 10:33:39 PM;49.21595635;16.6018444833333;;;;
22093;;;;;;;;NMEA message parser not found for RMB.
22094;;;;;;;;Failed to parse: GGA.. Meters expected in GGA message.
22095;GSA;;;;;;;
22096;GSV;;;;;;;
22097;GSV;;;;;;;
22098;;;;;;;;NMEA message parser not found for GRM.
22099;RMC;12/26/2016 10:33:40 PM;49.2159541166667;16.6018347166667;;;;
22100;;;;;;;;NMEA message parser not found for RMB.
22101;;;;;;;;Failed to parse: GGA.. Meters expected in GGA message.
22102;GSA;;;;;;;
22103;GSV;;;;;;;
22104;GSV;;;;;;;
22105;;;;;;;;NMEA message parser not found for GRM.
22106;RMC;12/26/2016 10:33:41 PM;49.2159518833333;16.6018249666667;;;;
22107;;;;;;;;NMEA message parser not found for RMB.
22108;;;;;;;;Failed to parse: GGA.. Meters expected in GGA message.
22109;GSA;;;;;;;
22110;GSV;;;;;;;
22111;GSV;;;;;;;
22112;;;;;;;;NMEA message parser not found for GRM.
22113;RMC;12/26/2016 10:33:42 PM;49.2159496333333;16.6018152166667;;;;
22114;;;;;;;;NMEA message parser not found for RMB.
22115;;;;;;;;Failed to parse: GGA.. Meters expected in GGA message.
22116;GSA;;;;;;;
22117;GSV;;;;;;;
22118;GSV;;;;;;;
22119;;;;;;;;NMEA message parser not found for GRM.
22120;RMC;12/26/2016 10:33:43 PM;49.2159474;16.60180545;;;;
22121;;;;;;;;NMEA message parser not found for RMB.
22122;;;;;;;;Failed to parse: GGA.. Meters expected in GGA message.
22123;GSA;;;;;;;
22124;GSV;;;;;;;
22125;GSV;;;;;;;
22126;;;;;;;;NMEA message parser not found for GRM.
22127;RMC;12/26/2016 10:33:44 PM;49.2159451666667;16.6017957;;;;
22128;;;;;;;;NMEA message parser not found for RMB.
22129;;;;;;;;Failed to parse: GGA.. Meters expected in GGA message.
22130;GSA;;;;;;;
22131;GSV;;;;;;;
22132;GSV;;;;;;;
22133;;;;;;;;NMEA message parser not found for GRM.
22134;RMC;12/26/2016 10:33:45 PM;49.2159429166667;16.6017859333333;;;;
22135;;;;;;;;NMEA message parser not found for RMB.
22136;;;;;;;;Failed to parse: GGA.. Meters expected in GGA message.
22137;GSA;;;;;;;
22138;GSV;;;;;;;
22139;GSV;;;;;;;
22140;;;;;;;;NMEA message parser not found for GRM.
22141;RMC;12/26/2016 10:33:46 PM;49.2159406833333;16.6017761833333;;;;
22142;;;;;;;;NMEA message parser not found for RMB.
22143;;;;;;;;Failed to parse: GGA.. Meters expected in GGA message.
22144;GSA;;;;;;;
22145;GSV;;;;;;;
22146;GSV;;;;;;;
22147;;;;;;;;NMEA message parser not found for GRM.
22148;RMC;12/26/2016 10:33:47 PM;49.21593845;16.6017664333333;;;;
22149;;;;;;;;NMEA message parser not found for RMB.
22150;;;;;;;;Failed to parse: GGA.. Meters expected in GGA message.
22151;GSA;;;;;;;
22152;GSV;;;;;;;
22153;GSV;;;;;;;
22154;;;;;;;;NMEA message parser not found for GRM.
22155;RMC;12/26/2016 10:33:48 PM;49.2159362;16.6017566666667;;;;
22156;;;;;;;;NMEA message parser not found for RMB.
22157;;;;;;;;Failed to parse: GGA.. Meters expected in GGA message.
22158;GSA;;;;;;;
22159;GSV;;;;;;;
22160;GSV;;;;;;;
22161;;;;;;;;NMEA message parser not found for GRM.
22162;RMC;12/26/2016 10:33:49 PM;49.2159339666667;16.6017469166667;;;;
22163;;;;;;;;NMEA message parser not found for RMB.
22164;;;;;;;;Failed to parse: GGA.. Meters expected in GGA message.
22165;GSA;;;;;;;
22166;GSV;;;;;;;
22167;GSV;;;;;;;
22168;;;;;;;;NMEA message parser not found for GRM.
22169;RMC;12/26/2016 10:33:50 PM;49.2159317333333;16.6017371666667;;;;
22170;;;;;;;;NMEA message parser not found for RMB.
22171;;;;;;;;Failed to parse: GGA.. Meters expected in GGA message.
22172;GSA;;;;;;;
22173;GSV;;;;;;;
22174;GSV;;;;;;;
22175;;;;;;;;NMEA message parser not found for GRM.
22176;RMC;12/26/2016 10:33:51 PM;49.2159294833333;16.6017274;;;;
22177;;;;;;;;NMEA message parser not found for RMB.
22178;;;;;;;;Failed to parse: GGA.. Meters expected in GGA message.
22179;GSA;;;;;;;
22180;GSV;;;;;;;
22181;GSV;;;;;;;
22182;;;;;;;;NMEA message parser not found for GRM.
22183;RMC;12/26/2016 10:33:52 PM;49.21592725;16.60171765;;;;
22184;;;;;;;;NMEA message parser not found for RMB.
22185;;;;;;;;Failed to parse: GGA.. Meters expected in GGA message.
22186;GSA;;;;;;;
22187;GSV;;;;;;;
22188;GSV;;;;;;;
22189;;;;;;;;NMEA message parser not found for GRM.
22190;RMC;12/26/2016 10:33:53 PM;49.215925;16.6017078833333;;;;
22191;;;;;;;;NMEA message parser not found for RMB.
22192;;;;;;;;Failed to parse: GGA.. Meters expected in GGA message.
22193;GSA;;;;;;;
22194;GSV;;;;;;;
22195;GSV;;;;;;;
22196;;;;;;;;NMEA message parser not found for GRM.
22197;RMC;12/26/2016 10:33:54 PM;49.2159227666667;16.6016981333333;;;;
22198;;;;;;;;NMEA message parser not found for RMB.
22199;;;;;;;;Failed to parse: GGA.. Meters expected in GGA message.
22200;GSA;;;;;;;
22201;GSV;;;;;;;
22202;GSV;;;;;;;
22203;;;;;;;;NMEA message parser not found for GRM.
22204;RMC;12/26/2016 10:33:55 PM;49.2159205333333;16.6016883833333;;;;
22205;;;;;;;;NMEA message parser not found for RMB.
22206;;;;;;;;Failed to parse: GGA.. Meters expected in GGA message.
22207;GSA;;;;;;;
22208;GSV;;;;;;;
22209;GSV;;;;;;;
22210;;;;;;;;NMEA message parser not found for GRM.
22211;RMC;12/26/2016 10:33:56 PM;49.2159182833333;16.6016786166667;;;;
22212;;;;;;;;NMEA message parser not found for RMB.
22213;;;;;;;;Failed to parse: GGA.. Meters expected in GGA message.
22214;GSA;;;;;;;
22215;GSV;;;;;;;
22216;GSV;;;;;;;
22217;;;;;;;;NMEA message parser not found for GRM.
22218;RMC;12/26/2016 10:33:57 PM;49.21591605;16.6016688666667;;;;
22219;;;;;;;;NMEA message parser not found for RMB.
22220;;;;;;;;Failed to parse: GGA.. Meters expected in GGA message.
22221;GSA;;;;;;;
22222;GSV;;;;;;;
22223;GSV;;;;;;;
22224;;;;;;;;NMEA message parser not found for GRM.
22225;RMC;12/26/2016 10:33:58 PM;49.2159138166667;16.6016591166667;;;;
22226;;;;;;;;NMEA message parser not found for RMB.
22227;;;;;;;;Failed to parse: GGA.. Meters expected in GGA message.
22228;GSA;;;;;;;
22229;GSV;;;;;;;
22230;GSV;;;;;;;
22231;;;;;;;;NMEA message parser not found for GRM.
22232;RMC;12/26/2016 10:33:59 PM;49.2159115666667;16.60164935;;;;
22233;;;;;;;;NMEA message parser not found for RMB.
22234;;;;;;;;Failed to parse: GGA.. Meters expected in GGA message.
22235;GSA;;;;;;;
22236;GSV;;;;;;;
22237;GSV;;;;;;;
22238;;;;;;;;NMEA message parser not found for GRM.
22239;RMC;12/26/2016 10:34:00 PM;49.2159093333333;16.6016396;;;;
22240;;;;;;;;NMEA message parser not found for RMB.
22241;;;;;;;;Failed to parse: GGA.. Meters expected in GGA message.
22242;GSA;;;;;;;
22243;GSV;;;;;;;
22244;GSV;;;;;;;
22245;;;;;;;;NMEA message parser not found for GRM.
22246;RMC;12/26/2016 10:34:01 PM;49.2159071;16.6016298333333;;;;
22247;;;;;;;;NMEA message parser not found for RMB.
22248;;;;;;;;Failed to parse: GGA.. Meters expected in GGA message.
22249;GSA;;;;;;;
22250;GSV;;;;;;;
22251;GSV;;;;;;;
22252;;;;;;;;NMEA message parser not found for GRM.
22253;RMC;12/26/2016 10:34:02 PM;49.21590485;16.6016200833333;;;;
22254;;;;;;;;NMEA message parser not found for RMB.
22255;;;;;;;;Failed to parse: GGA.. Meters expected in GGA message.
22256;GSA;;;;;;;
22257;GSV;;;;;;;
22258;GSV;;;;;;;
22259;;;;;;;;NMEA message parser not found for GRM.
22260;RMC;12/26/2016 10:34:03 PM;49.2159026166667;16.6016103333333;;;;
22261;;;;;;;;NMEA message parser not found for RMB.
22262;;;;;;;;Failed to parse: GGA.. Meters expected in GGA message.
22263;GSA;;;;;;;
22264;GSV;;;;;;;
22265;GSV;;;;;;;
22266;;;;;;;;NMEA message parser not found for GRM.
22267;RMC;12/26/2016 10:34:04 PM;49.2159003833333;16.6016005666667;;;;
22268;;;;;;;;NMEA message parser not found for RMB.
22269;;;;;;;;Failed to parse: GGA.. Meters expected in GGA message.
22270;GSA;;;;;;;
22271;GSV;;;;;;;
22272;GSV;;;;;;;
22273;;;;;;;;NMEA message parser not found for GRM.
22274;RMC;12/26/2016 10:34:05 PM;49.2158981333333;16.6015908166667;;;;
22275;;;;;;;;NMEA message parser not found for RMB.
22276;;;;;;;;Failed to parse: GGA.. Meters expected in GGA message.
22277;GSA;;;;;;;
22278;GSV;;;;;;;
22279;GSV;;;;;;;
22280;;;;;;;;NMEA message parser not found for GRM.
22281;RMC;12/26/2016 10:34:06 PM;49.2158959;16.60158105;;;;
22282;;;;;;;;NMEA message parser not found for RMB.
22283;;;;;;;;Failed to parse: GGA.. Meters expected in GGA message.
22284;GSA;;;;;;;
22285;GSV;;;;;;;
22286;GSV;;;;;;;
22287;;;;;;;;NMEA message parser not found for GRM.
22288;RMC;12/26/2016 10:34:07 PM;49.2158936666667;16.6015713;;;;
22289;;;;;;;;NMEA message parser not found for RMB.
22290;;;;;;;;Failed to parse: GGA.. Meters expected in GGA message.
22291;GSA;;;;;;;
22292;GSV;;;;;;;
22293;GSV;;;;;;;
22294;;;;;;;;NMEA message parser not found for GRM.
22295;RMC;12/26/2016 10:34:08 PM;49.2158914166667;16.60156155;;;;
22296;;;;;;;;NMEA message parser not found for RMB.
22297;;;;;;;;Failed to parse: GGA.. Meters expected in GGA message.
22298;GSA;;;;;;;
22299;GSV;;;;;;;
22300;GSV;;;;;;;
22301;;;;;;;;NMEA message parser not found for GRM.
22302;RMC;12/26/2016 10:34:09 PM;49.2158891833333;16.6015517833333;;;;
22303;;;;;;;;NMEA message parser not found for RMB.
22304;;;;;;;;Failed to parse: GGA.. Meters expected in GGA message.
22305;GSA;;;;;;;
22306;GSV;;;;;;;
22307;GSV;;;;;;;
22308;;;;;;;;NMEA message parser not found for GRM.
22309;RMC;12/26/2016 10:34:10 PM;49.21588695;16.6015420333333;;;;
22310;;;;;;;;NMEA message parser not found for RMB.
22311;;;;;;;;Failed to parse: GGA.. Meters expected in GGA message.
22312;GSA;;;;;;;
22313;GSV;;;;;;;
22314;GSV;;;;;;;
22315;;;;;;;;NMEA message parser not found for GRM.
22316;RMC;12/26/2016 10:34:11 PM;49.2158847;16.6015322833333;;;;
22317;;;;;;;;NMEA message parser not found for RMB.
22318;;;;;;;;Failed to parse: GGA.. Meters expected in GGA message.
22319;GSA;;;;;;;
22320;GSV;;;;;;;
22321;GSV;;;;;;;
22322;;;;;;;;NMEA message parser not found for GRM.
22323;RMC;12/26/2016 10:34:12 PM;49.2158824666667;16.6015225166667;;;;
22324;;;;;;;;NMEA message parser not found for RMB.
22325;;;;;;;;Failed to parse: GGA.. Meters expected in GGA message.
22326;GSA;;;;;;;
22327;GSV;;;;;;;
22328;GSV;;;;;;;
22329;;;;;;;;NMEA message parser not found for GRM.
22330;RMC;12/26/2016 10:34:13 PM;49.2158802166667;16.6015127666667;;;;
22331;;;;;;;;NMEA message parser not found for RMB.
22332;;;;;;;;Failed to parse: GGA.. Meters expected in GGA message.
22333;GSA;;;;;;;
22334;GSV;;;;;;;
22335;GSV;;;;;;;
22336;;;;;;;;NMEA message parser not found for GRM.
22337;RMC;12/26/2016 10:34:14 PM;49.2158779833333;16.601503;;;;
22338;;;;;;;;NMEA message parser not found for RMB.
22339;;;;;;;;Failed to parse: GGA.. Meters expected in GGA message.
22340;GSA;;;;;;;
22341;GSV;;;;;;;
22342;GSV;;;;;;;
22343;;;;;;;;NMEA message parser not found for GRM.
22344;RMC;12/26/2016 10:34:15 PM;49.21587575;16.60149325;;;;
22345;;;;;;;;NMEA message parser not found for RMB.
22346;;;;;;;;Failed to parse: GGA.. Meters expected in GGA message.
22347;GSA;;;;;;;
22348;GSV;;;;;;;
22349;GSV;;;;;;;
22350;;;;;;;;NMEA message parser not found for GRM.
22351;RMC;12/26/2016 10:34:16 PM;49.2158735;16.6014835;;;;
22352;;;;;;;;NMEA message parser not found for RMB.
22353;;;;;;;;Failed to parse: GGA.. Meters expected in GGA message.
22354;GSA;;;;;;;
22355;GSV;;;;;;;
22356;GSV;;;;;;;
22357;;;;;;;;NMEA message parser not found for GRM.
22358;RMC;12/26/2016 10:34:17 PM;49.2158712666667;16.6014737333333;;;;
22359;;;;;;;;NMEA message parser not found for RMB.
22360;;;;;;;;Failed to parse: GGA.. Meters expected in GGA message.
22361;GSA;;;;;;;
22362;GSV;;;;;;;
22363;GSV;;;;;;;
22364;;;;;;;;NMEA message parser not found for GRM.
22365;RMC;12/26/2016 10:34:18 PM;49.2158690333333;16.6014639833333;;;;
22366;;;;;;;;NMEA message parser not found for RMB.
22367;;;;;;;;Failed to parse: GGA.. Meters expected in GGA message.
22368;GSA;;;;;;;
22369;GSV;;;;;;;
22370;GSV;;;;;;;
22371;;;;;;;;NMEA message parser not found for GRM.
22372;RMC;12/26/2016 10:34:19 PM;49.2158667833333;16.6014542333333;;;;
22373;;;;;;;;NMEA message parser not found for RMB.
22374;;;;;;;;Failed to parse: GGA.. Meters expected in GGA message.
22375;GSA;;;;;;;
22376;GSV;;;;;;;
22377;GSV;;;;;;;
22378;;;;;;;;NMEA message parser not found for GRM.
22379;RMC;12/26/2016 10:34:20 PM;49.21586455;16.6014444666667;;;;
22380;;;;;;;;NMEA message parser not found for RMB.
22381;;;;;;;;Failed to parse: GGA.. Meters expected in GGA message.
22382;GSA;;;;;;;
22383;GSV;;;;;;;
22384;GSV;;;;;;;
22385;;;;;;;;NMEA message parser not found for GRM.
22386;RMC;12/26/2016 10:34:21 PM;49.2158623166667;16.6014347166667;;;;
22387;;;;;;;;NMEA message parser not found for RMB.
22388;;;;;;;;Failed to parse: GGA.. Meters expected in GGA message.
22389;GSA;;;;;;;
22390;GSV;;;;;;;
22391;GSV;;;;;;;
22392;;;;;;;;NMEA message parser not found for GRM.
22393;RMC;12/26/2016 10:34:22 PM;49.2158600666667;16.60142495;;;;
22394;;;;;;;;NMEA message parser not found for RMB.
22395;;;;;;;;Failed to parse: GGA.. Meters expected in GGA message.
22396;GSA;;;;;;;
22397;GSV;;;;;;;
22398;GSV;;;;;;;
22399;;;;;;;;NMEA message parser not found for GRM.
22400;RMC;12/26/2016 10:34:23 PM;49.2158578333333;16.6014152;;;;
22401;;;;;;;;NMEA message parser not found for RMB.
22402;;;;;;;;Failed to parse: GGA.. Meters expected in GGA message.
22403;GSA;;;;;;;
22404;GSV;;;;;;;
22405;GSV;;;;;;;
22406;;;;;;;;NMEA message parser not found for GRM.
22407;RMC;12/26/2016 10:34:24 PM;49.2158556;16.60140545;;;;
22408;;;;;;;;NMEA message parser not found for RMB.
22409;;;;;;;;Failed to parse: GGA.. Meters expected in GGA message.
22410;GSA;;;;;;;
22411;GSV;;;;;;;
22412;GSV;;;;;;;
22413;;;;;;;;NMEA message parser not found for GRM.
22414;RMC;12/26/2016 10:34:25 PM;49.21585335;16.6013956833333;;;;
22415;;;;;;;;NMEA message parser not found for RMB.
22416;;;;;;;;Failed to parse: GGA.. Meters expected in GGA message.
22417;GSA;;;;;;;
22418;GSV;;;;;;;
22419;GSV;;;;;;;
22420;;;;;;;;NMEA message parser not found for GRM.
22421;RMC;12/26/2016 10:34:26 PM;49.2158511166667;16.6013859333333;;;;
22422;;;;;;;;NMEA message parser not found for RMB.
22423;;;;;;;;Failed to parse: GGA.. Meters expected in GGA message.
22424;GSA;;;;;;;
22425;GSV;;;;;;;
22426;GSV;;;;;;;
22427;;;;;;;;NMEA message parser not found for GRM.
22428;RMC;12/26/2016 10:34:27 PM;49.2158488833333;16.6013761666667;;;;
22429;;;;;;;;NMEA message parser not found for RMB.
22430;;;;;;;;Failed to parse: GGA.. Meters expected in GGA message.
22431;GSA;;;;;;;
22432;GSV;;;;;;;
22433;GSV;;;;;;;
22434;;;;;;;;NMEA message parser not found for GRM.
22435;RMC;12/26/2016 10:34:28 PM;49.2158466333333;16.6013664166667;;;;
22436;;;;;;;;NMEA message parser not found for RMB.
22437;;;;;;;;Failed to parse: GGA.. Meters expected in GGA message.
22438;GSA;;;;;;;
22439;GSV;;;;;;;
22440;GSV;;;;;;;
22441;;;;;;;;NMEA message parser not found for GRM.
22442;RMC;12/26/2016 10:34:29 PM;49.2158444;16.6013566666667;;;;
22443;;;;;;;;NMEA message parser not found for RMB.
22444;;;;;;;;Failed to parse: GGA.. Meters expected in GGA message.
22445;GSA;;;;;;;
22446;GSV;;;;;;;
22447;GSV;;;;;;;
22448;;;;;;;;NMEA message parser not found for GRM.
22449;RMC;12/26/2016 10:34:30 PM;49.2158421666667;16.6013469;;;;
22450;;;;;;;;NMEA message parser not found for RMB.
22451;;;;;;;;Failed to parse: GGA.. Meters expected in GGA message.
22452;GSA;;;;;;;
22453;GSV;;;;;;;
22454;GSV;;;;;;;
22455;;;;;;;;NMEA message parser not found for GRM.
22456;RMC;12/26/2016 10:34:31 PM;49.2158399166667;16.60133715;;;;
22457;;;;;;;;NMEA message parser not found for RMB.
22458;;;;;;;;Failed to parse: GGA.. Meters expected in GGA message.
22459;GSA;;;;;;;
22460;GSV;;;;;;;
22461;GSV;;;;;;;
22462;;;;;;;;NMEA message parser not found for GRM.
22463;RMC;12/26/2016 10:34:32 PM;49.2158376833333;16.6013274;;;;
22464;;;;;;;;NMEA message parser not found for RMB.
22465;;;;;;;;Failed to parse: GGA.. Meters expected in GGA message.
22466;GSA;;;;;;;
22467;GSV;;;;;;;
22468;GSV;;;;;;;
22469;;;;;;;;NMEA message parser not found for GRM.
22470;RMC;12/26/2016 10:34:33 PM;49.2158354333333;16.6013176333333;;;;
22471;;;;;;;;NMEA message parser not found for RMB.
22472;;;;;;;;Failed to parse: GGA.. Meters expected in GGA message.
22473;GSA;;;;;;;
22474;GSV;;;;;;;
22475;GSV;;;;;;;
22476;;;;;;;;NMEA message parser not found for GRM.
22477;RMC;12/26/2016 10:34:34 PM;49.2158332;16.6013078833333;;;;
22478;;;;;;;;NMEA message parser not found for RMB.
22479;;;;;;;;Failed to parse: GGA.. Meters expected in GGA message.
22480;GSA;;;;;;;
22481;GSV;;;;;;;
22482;GSV;;;;;;;
22483;;;;;;;;NMEA message parser not found for GRM.
22484;RMC;12/26/2016 10:34:35 PM;49.2158309666667;16.6012981166667;;;;
22485;;;;;;;;NMEA message parser not found for RMB.
22486;;;;;;;;Failed to parse: GGA.. Meters expected in GGA message.
22487;GSA;;;;;;;
22488;GSV;;;;;;;
22489;GSV;;;;;;;
22490;;;;;;;;NMEA message parser not found for GRM.
22491;RMC;12/26/2016 10:34:36 PM;49.2158287166667;16.6012883666667;;;;
22492;;;;;;;;NMEA message parser not found for RMB.
22493;;;;;;;;Failed to parse: GGA.. Meters expected in GGA message.
22494;GSA;;;;;;;
22495;GSV;;;;;;;
22496;GSV;;;;;;;
22497;;;;;;;;NMEA message parser not found for GRM.
22498;RMC;12/26/2016 10:34:37 PM;49.2158264833333;16.6012786166667;;;;
22499;;;;;;;;NMEA message parser not found for RMB.
22500;;;;;;;;Failed to parse: GGA.. Meters expected in GGA message.
22501;GSA;;;;;;;
22502;GSV;;;;;;;
22503;GSV;;;;;;;
22504;;;;;;;;NMEA message parser not found for GRM.
22505;RMC;12/26/2016 10:34:38 PM;49.21582425;16.60126885;;;;
22506;;;;;;;;NMEA message parser not found for RMB.
22507;;;;;;;;Failed to parse: GGA.. Meters expected in GGA message.
22508;GSA;;;;;;;
22509;GSV;;;;;;;
22510;GSV;;;;;;;
22511;;;;;;;;NMEA message parser not found for GRM.
22512;RMC;12/26/2016 10:34:39 PM;49.215822;16.6012591;;;;
22513;;;;;;;;NMEA message parser not found for RMB.
22514;;;;;;;;Failed to parse: GGA.. Meters expected in GGA message.
22515;GSA;;;;;;;
22516;GSV;;;;;;;
22517;GSV;;;;;;;
22518;;;;;;;;NMEA message parser not found for GRM.
22519;RMC;12/26/2016 10:34:40 PM;49.2158197666667;16.60124935;;;;
22520;;;;;;;;NMEA message parser not found for RMB.
22521;;;;;;;;Failed to parse: GGA.. Meters expected in GGA message.
22522;GSA;;;;;;;
22523;GSV;;;;;;;
22524;GSV;;;;;;;
22525;;;;;;;;NMEA message parser not found for GRM.
22526;RMC;12/26/2016 10:34:41 PM;49.2158175333333;16.6012395833333;;;;
22527;;;;;;;;NMEA message parser not found for RMB.
22528;;;;;;;;Failed to parse: GGA.. Meters expected in GGA message.
22529;GSA;;;;;;;
22530;GSV;;;;;;;
22531;GSV;;;;;;;
22532;;;;;;;;NMEA message parser not found for GRM.
22533;RMC;12/26/2016 10:34:42 PM;49.2158152833333;16.6012298333333;;;;
22534;;;;;;;;NMEA message parser not found for RMB.
22535;;;;;;;;Failed to parse: GGA.. Meters expected in GGA message.
22536;GSA;;;;;;;
22537;GSV;;;;;;;
22538;GSV;;;;;;;
22539;;;;;;;;NMEA message parser not found for GRM.
22540;RMC;12/26/2016 10:34:43 PM;49.21581305;16.6012200666667;;;;
22541;;;;;;;;NMEA message parser not found for RMB.
22542;;;;;;;;Failed to parse: GGA.. Meters expected in GGA message.
22543;GSA;;;;;;;
22544;GSV;;;;;;;
22545;GSV;;;;;;;
22546;;;;;;;;NMEA message parser not found for GRM.
22547;RMC;12/26/2016 10:34:44 PM;49.2158108166667;16.6012103166667;;;;
22548;;;;;;;;NMEA message parser not found for RMB.
22549;;;;;;;;Failed to parse: GGA.. Meters expected in GGA message.
22550;GSA;;;;;;;
22551;GSV;;;;;;;
22552;GSV;;;;;;;
22553;;;;;;;;NMEA message parser not found for GRM.
22554;RMC;12/26/2016 10:34:45 PM;49.2158085666667;16.6012005666667;;;;
22555;;;;;;;;NMEA message parser not found for RMB.
22556;;;;;;;;Failed to parse: GGA.. Meters expected in GGA message.
22557;GSA;;;;;;;
22558;GSV;;;;;;;
22559;GSV;;;;;;;
22560;;;;;;;;NMEA message parser not found for GRM.
22561;RMC;12/26/2016 10:34:46 PM;49.2158063333333;16.6011908;;;;
22562;;;;;;;;NMEA message parser not found for RMB.
22563;;;;;;;;Failed to parse: GGA.. Meters expected in GGA message.
22564;GSA;;;;;;;
22565;GSV;;;;;;;
22566;GSV;;;;;;;
22567;;;;;;;;NMEA message parser not found for GRM.
22568;RMC;12/26/2016 10:34:47 PM;49.2158041;16.60118105;;;;
22569;;;;;;;;NMEA message parser not found for RMB.
22570;;;;;;;;Failed to parse: GGA.. Meters expected in GGA message.
22571;GSA;;;;;;;
22572;GSV;;;;;;;
22573;GSV;;;;;;;
22574;;;;;;;;NMEA message parser not found for GRM.
22575;RMC;12/26/2016 10:34:48 PM;49.21580185;16.6011712833333;;;;
22576;;;;;;;;NMEA message parser not found for RMB.
22577;;;;;;;;Failed to parse: GGA.. Meters expected in GGA message.
22578;GSA;;;;;;;
22579;GSV;;;;;;;
22580;GSV;;;;;;;
22581;;;;;;;;NMEA message parser not found for GRM.
22582;RMC;12/26/2016 10:34:49 PM;49.2157996166667;16.6011615333333;;;;
22583;;;;;;;;NMEA message parser not found for RMB.
22584;;;;;;;;Failed to parse: GGA.. Meters expected in GGA message.
22585;GSA;;;;;;;
22586;GSV;;;;;;;
22587;GSV;;;;;;;
22588;;;;;;;;NMEA message parser not found for GRM.
22589;RMC;12/26/2016 10:34:50 PM;49.2157973833333;16.6011517833333;;;;
22590;;;;;;;;NMEA message parser not found for RMB.
22591;;;;;;;;Failed to parse: GGA.. Meters expected in GGA message.
22592;GSA;;;;;;;
22593;GSV;;;;;;;
22594;GSV;;;;;;;
22595;;;;;;;;NMEA message parser not found for GRM.
22596;RMC;12/26/2016 10:34:51 PM;49.2157951333333;16.6011420166667;;;;
22597;;;;;;;;NMEA message parser not found for RMB.
22598;;;;;;;;Failed to parse: GGA.. Meters expected in GGA message.
22599;GSA;;;;;;;
22600;GSV;;;;;;;
22601;GSV;;;;;;;
22602;;;;;;;;NMEA message parser not found for GRM.
22603;RMC;12/26/2016 10:34:52 PM;49.2157929;16.6011322666667;;;;
22604;;;;;;;;NMEA message parser not found for RMB.
22605;;;;;;;;Failed to parse: GGA.. Meters expected in GGA message.
22606;GSA;;;;;;;
22607;GSV;;;;;;;
22608;GSV;;;;;;;
22609;;;;;;;;NMEA message parser not found for GRM.
22610;RMC;12/26/2016 10:34:53 PM;49.21579065;16.6011225166667;;;;
22611;;;;;;;;NMEA message parser not found for RMB.
22612;;;;;;;;Failed to parse: GGA.. Meters expected in GGA message.
22613;GSA;;;;;;;
22614;GSV;;;;;;;
22615;GSV;;;;;;;
22616;;;;;;;;NMEA message parser not found for GRM.
22617;RMC;12/26/2016 10:34:54 PM;49.2157884166667;16.60111275;;;;
22618;;;;;;;;NMEA message parser not found for RMB.
22619;;;;;;;;Failed to parse: GGA.. Meters expected in GGA message.
22620;GSA;;;;;;;
22621;GSV;;;;;;;
22622;GSV;;;;;;;
22623;;;;;;;;NMEA message parser not found for GRM.
22624;RMC;12/26/2016 10:34:55 PM;49.2157861833333;16.601103;;;;
22625;;;;;;;;NMEA message parser not found for RMB.
22626;;;;;;;;Failed to parse: GGA.. Meters expected in GGA message.
22627;GSA;;;;;;;
22628;GSV;;;;;;;
22629;GSV;;;;;;;
22630;;;;;;;;NMEA message parser not found for GRM.
22631;RMC;12/26/2016 10:34:56 PM;49.2157839333333;16.6010932333333;;;;
22632;;;;;;;;NMEA message parser not found for RMB.
22633;;;;;;;;Failed to parse: GGA.. Meters expected in GGA message.
22634;GSA;;;;;;;
22635;GSV;;;;;;;
22636;GSV;;;;;;;
22637;;;;;;;;NMEA message parser not found for GRM.
22638;RMC;12/26/2016 10:34:57 PM;49.2157817;16.6010834833333;;;;
22639;;;;;;;;NMEA message parser not found for RMB.
22640;;;;;;;;Failed to parse: GGA.. Meters expected in GGA message.
22641;GSA;;;;;;;
22642;GSV;;;;;;;
22643;GSV;;;;;;;
22644;;;;;;;;NMEA message parser not found for GRM.
22645;RMC;12/26/2016 10:34:58 PM;49.2157794666667;16.6010737333333;;;;
22646;;;;;;;;NMEA message parser not found for RMB.
22647;;;;;;;;Failed to parse: GGA.. Meters expected in GGA message.
22648;GSA;;;;;;;
22649;GSV;;;;;;;
22650;GSV;;;;;;;
22651;;;;;;;;NMEA message parser not found for GRM.
22652;RMC;12/26/2016 10:34:59 PM;49.2157772166667;16.6010639666667;;;;
22653;;;;;;;;NMEA message parser not found for RMB.
22654;;;;;;;;Failed to parse: GGA.. Meters expected in GGA message.
22655;GSA;;;;;;;
22656;GSV;;;;;;;
22657;GSV;;;;;;;
22658;;;;;;;;NMEA message parser not found for GRM.
22659;RMC;12/26/2016 10:35:00 PM;49.2157749833333;16.6010542166667;;;;
22660;;;;;;;;NMEA message parser not found for RMB.
22661;;;;;;;;Failed to parse: GGA.. Meters expected in GGA message.
22662;GSA;;;;;;;
22663;GSV;;;;;;;
22664;GSV;;;;;;;
22665;;;;;;;;NMEA message parser not found for GRM.
22666;RMC;12/26/2016 10:35:01 PM;49.21577275;16.60104445;;;;
22667;;;;;;;;NMEA message parser not found for RMB.
22668;;;;;;;;Failed to parse: GGA.. Meters expected in GGA message.
22669;GSA;;;;;;;
22670;GSV;;;;;;;
22671;GSV;;;;;;;
22672;;;;;;;;NMEA message parser not found for GRM.
22673;RMC;12/26/2016 10:35:02 PM;49.2157705;16.6010347;;;;
22674;;;;;;;;NMEA message parser not found for RMB.
22675;;;;;;;;Failed to parse: GGA.. Meters expected in GGA message.
22676;GSA;;;;;;;
22677;GSV;;;;;;;
22678;GSV;;;;;;;
22679;;;;;;;;NMEA message parser not found for GRM.
22680;RMC;12/26/2016 10:35:03 PM;49.2157682666667;16.60102495;;;;
22681;;;;;;;;NMEA message parser not found for RMB.
22682;;;;;;;;Failed to parse: GGA.. Meters expected in GGA message.
22683;GSA;;;;;;;
22684;GSV;;;;;;;
22685;GSV;;;;;;;
22686;;;;;;;;NMEA message parser not found for GRM.
22687;RMC;12/26/2016 10:35:04 PM;49.2157660333333;16.6010151833333;;;;
22688;;;;;;;;NMEA message parser not found for RMB.
22689;;;;;;;;Failed to parse: GGA.. Meters expected in GGA message.
22690;GSA;;;;;;;
22691;GSV;;;;;;;
22692;GSV;;;;;;;
22693;;;;;;;;NMEA message parser not found for GRM.
22694;RMC;12/26/2016 10:35:05 PM;49.2157637833333;16.6010054333333;;;;
22695;;;;;;;;NMEA message parser not found for RMB.
22696;;;;;;;;Failed to parse: GGA.. Meters expected in GGA message.
22697;GSA;;;;;;;
22698;GSV;;;;;;;
22699;GSV;;;;;;;
22700;;;;;;;;NMEA message parser not found for GRM.
22701;RMC;12/26/2016 10:35:06 PM;49.21576155;16.6009956833333;;;;
22702;;;;;;;;NMEA message parser not found for RMB.
22703;;;;;;;;Failed to parse: GGA.. Meters expected in GGA message.
22704;GSA;;;;;;;
22705;GSV;;;;;;;
22706;GSV;;;;;;;
22707;;;;;;;;NMEA message parser not found for GRM.
22708;RMC;12/26/2016 10:35:07 PM;49.2157593166667;16.6009859166667;;;;
22709;;;;;;;;NMEA message parser not found for RMB.
22710;;;;;;;;Failed to parse: GGA.. Meters expected in GGA message.
22711;GSA;;;;;;;
22712;GSV;;;;;;;
22713;GSV;;;;;;;
22714;;;;;;;;NMEA message parser not found for GRM.
22715;RMC;12/26/2016 10:35:08 PM;49.2157570666667;16.6009761666667;;;;
22716;;;;;;;;NMEA message parser not found for RMB.
22717;;;;;;;;Failed to parse: GGA.. Meters expected in GGA message.
22718;GSA;;;;;;;
22719;GSV;;;;;;;
22720;GSV;;;;;;;
22721;;;;;;;;NMEA message parser not found for GRM.
22722;RMC;12/26/2016 10:35:09 PM;49.2157548333333;16.6009664;;;;
22723;;;;;;;;NMEA message parser not found for RMB.
22724;;;;;;;;Failed to parse: GGA.. Meters expected in GGA message.
22725;GSA;;;;;;;
22726;GSV;;;;;;;
22727;GSV;;;;;;;
22728;;;;;;;;NMEA message parser not found for GRM.
22729;RMC;12/26/2016 10:35:10 PM;49.2157526;16.60095665;;;;
22730;;;;;;;;NMEA message parser not found for RMB.
22731;;;;;;;;Failed to parse: GGA.. Meters expected in GGA message.
22732;GSA;;;;;;;
22733;GSV;;;;;;;
22734;GSV;;;;;;;
22735;;;;;;;;NMEA message parser not found for GRM.
22736;RMC;12/26/2016 10:35:11 PM;49.21575035;16.6009469;;;;
22737;;;;;;;;NMEA message parser not found for RMB.
22738;;;;;;;;Failed to parse: GGA.. Meters expected in GGA message.
22739;GSA;;;;;;;
22740;GSV;;;;;;;
22741;GSV;;;;;;;
22742;;;;;;;;NMEA message parser not found for GRM.
22743;RMC;12/26/2016 10:35:12 PM;49.2157482166667;16.6009371166667;;;;
22744;;;;;;;;NMEA message parser not found for RMB.
22745;;;;;;;;Failed to parse: GGA.. Meters expected in GGA message.
22746;GSA;;;;;;;
22747;GSV;;;;;;;
22748;GSV;;;;;;;
22749;;;;;;;;NMEA message parser not found for GRM.
22750;RMC;12/26/2016 10:35:13 PM;49.2157462333333;16.6009273;;;;
22751;;;;;;;;NMEA message parser not found for RMB.
22752;;;;;;;;Failed to parse: GGA.. Meters expected in GGA message.
22753;GSA;;;;;;;
22754;GSV;;;;;;;
22755;GSV;;;;;;;
22756;;;;;;;;NMEA message parser not found for GRM.
22757;RMC;12/26/2016 10:35:14 PM;49.2157442666667;16.6009174833333;;;;
22758;;;;;;;;NMEA message parser not found for RMB.
22759;;;;;;;;Failed to parse: GGA.. Meters expected in GGA message.
22760;GSA;;;;;;;
22761;GSV;;;;;;;
22762;GSV;;;;;;;
22763;;;;;;;;NMEA message parser not found for GRM.
22764;RMC;12/26/2016 10:35:15 PM;49.2157422833333;16.6009076833333;;;;
22765;;;;;;;;NMEA message parser not found for RMB.
22766;;;;;;;;Failed to parse: GGA.. Meters expected in GGA message.
22767;GSA;;;;;;;
22768;GSV;;;;;;;
22769;GSV;;;;;;;
22770;;;;;;;;NMEA message parser not found for GRM.
22771;RMC;12/26/2016 10:35:16 PM;49.2157403;16.6008978666667;;;;
22772;;;;;;;;NMEA message parser not found for RMB.
22773;;;;;;;;Failed to parse: GGA.. Meters expected in GGA message.
22774;GSA;;;;;;;
22775;GSV;;;;;;;
22776;GSV;;;;;;;
22777;;;;;;;;NMEA message parser not found for GRM.
22778;RMC;12/26/2016 10:35:17 PM;49.2157383166667;16.60088805;;;;
22779;;;;;;;;NMEA message parser not found for RMB.
22780;;;;;;;;Failed to parse: GGA.. Meters expected in GGA message.
22781;GSA;;;;;;;
22782;GSV;;;;;;;
22783;GSV;;;;;;;
22784;;;;;;;;NMEA message parser not found for GRM.
22785;RMC;12/26/2016 10:35:18 PM;49.21573635;16.60087825;;;;
22786;;;;;;;;NMEA message parser not found for RMB.
22787;;;;;;;;Failed to parse: GGA.. Meters expected in GGA message.
22788;GSA;;;;;;;
22789;GSV;;;;;;;
22790;GSV;;;;;;;
22791;;;;;;;;NMEA message parser not found for GRM.
22792;RMC;12/26/2016 10:35:19 PM;49.2157343666667;16.6008684333333;;;;
22793;;;;;;;;NMEA message parser not found for RMB.
22794;;;;;;;;Failed to parse: GGA.. Meters expected in GGA message.
22795;GSA;;;;;;;
22796;GSV;;;;;;;
22797;GSV;;;;;;;
22798;;;;;;;;NMEA message parser not found for GRM.
22799;RMC;12/26/2016 10:35:20 PM;49.2157323833333;16.6008586166667;;;;
22800;;;;;;;;NMEA message parser not found for RMB.
22801;;;;;;;;Failed to parse: GGA.. Meters expected in GGA message.
22802;GSA;;;;;;;
22803;GSV;;;;;;;
22804;GSV;;;;;;;
22805;;;;;;;;NMEA message parser not found for GRM.
22806;RMC;12/26/2016 10:35:21 PM;49.2157304;16.6008488;;;;
22807;;;;;;;;NMEA message parser not found for RMB.
22808;;;;;;;;Failed to parse: GGA.. Meters expected in GGA message.
22809;GSA;;;;;;;
22810;GSV;;;;;;;
22811;GSV;;;;;;;
22812;;;;;;;;NMEA message parser not found for GRM.
22813;RMC;12/26/2016 10:35:22 PM;49.2157284333333;16.600839;;;;
22814;;;;;;;;NMEA message parser not found for RMB.
22815;;;;;;;;Failed to parse: GGA.. Meters expected in GGA message.
22816;GSA;;;;;;;
22817;GSV;;;;;;;
22818;GSV;;;;;;;
22819;;;;;;;;NMEA message parser not found for GRM.
22820;RMC;12/26/2016 10:35:23 PM;49.21572645;16.6008291833333;;;;
22821;;;;;;;;NMEA message parser not found for RMB.
22822;;;;;;;;Failed to parse: GGA.. Meters expected in GGA message.
22823;GSA;;;;;;;
22824;GSV;;;;;;;
22825;GSV;;;;;;;
22826;;;;;;;;NMEA message parser not found for GRM.
22827;RMC;12/26/2016 10:35:24 PM;49.2157244666667;16.6008193666667;;;;
22828;;;;;;;;NMEA message parser not found for RMB.
22829;;;;;;;;Failed to parse: GGA.. Meters expected in GGA message.
22830;GSA;;;;;;;
22831;GSV;;;;;;;
22832;GSV;;;;;;;
22833;;;;;;;;NMEA message parser not found for GRM.
22834;RMC;12/26/2016 10:35:25 PM;49.2157224833333;16.60080955;;;;
22835;;;;;;;;NMEA message parser not found for RMB.
22836;;;;;;;;Failed to parse: GGA.. Meters expected in GGA message.
22837;GSA;;;;;;;
22838;GSV;;;;;;;
22839;GSV;;;;;;;
22840;;;;;;;;NMEA message parser not found for GRM.
22841;RMC;12/26/2016 10:35:26 PM;49.2157205166667;16.60079975;;;;
22842;;;;;;;;NMEA message parser not found for RMB.
22843;;;;;;;;Failed to parse: GGA.. Meters expected in GGA message.
22844;GSA;;;;;;;
22845;GSV;;;;;;;
22846;GSV;;;;;;;
22847;;;;;;;;NMEA message parser not found for GRM.
22848;RMC;12/26/2016 10:35:27 PM;49.2157185333333;16.6007899333333;;;;
22849;;;;;;;;NMEA message parser not found for RMB.
22850;;;;;;;;Failed to parse: GGA.. Meters expected in GGA message.
22851;GSA;;;;;;;
22852;GSV;;;;;;;
22853;GSV;;;;;;;
22854;;;;;;;;NMEA message parser not found for GRM.
22855;RMC;12/26/2016 10:35:28 PM;49.21571655;16.6007801166667;;;;
22856;;;;;;;;NMEA message parser not found for RMB.
22857;;;;;;;;Failed to parse: GGA.. Meters expected in GGA message.
22858;GSA;;;;;;;
22859;GSV;;;;;;;
22860;GSV;;;;;;;
22861;;;;;;;;NMEA message parser not found for GRM.
22862;RMC;12/26/2016 10:35:29 PM;49.2157145666667;16.6007703;;;;
22863;;;;;;;;NMEA message parser not found for RMB.
22864;;;;;;;;Failed to parse: GGA.. Meters expected in GGA message.
22865;GSA;;;;;;;
22866;GSV;;;;;;;
22867;GSV;;;;;;;
22868;;;;;;;;NMEA message parser not found for GRM.
22869;RMC;12/26/2016 10:35:30 PM;49.2157126;16.6007605;;;;
22870;;;;;;;;NMEA message parser not found for RMB.
22871;;;;;;;;Failed to parse: GGA.. Meters expected in GGA message.
22872;GSA;;;;;;;
22873;GSV;;;;;;;
22874;GSV;;;;;;;
22875;;;;;;;;NMEA message parser not found for GRM.
22876;RMC;12/26/2016 10:35:31 PM;49.2157106166667;16.6007506833333;;;;
22877;;;;;;;;NMEA message parser not found for RMB.
22878;;;;;;;;Failed to parse: GGA.. Meters expected in GGA message.
22879;GSA;;;;;;;
22880;GSV;;;;;;;
22881;GSV;;;;;;;
22882;;;;;;;;NMEA message parser not found for GRM.
22883;RMC;12/26/2016 10:35:32 PM;49.2157086333333;16.6007408666667;;;;
22884;;;;;;;;NMEA message parser not found for RMB.
22885;;;;;;;;Failed to parse: GGA.. Meters expected in GGA message.
22886;GSA;;;;;;;
22887;GSV;;;;;;;
22888;GSV;;;;;;;
22889;;;;;;;;NMEA message parser not found for GRM.
22890;RMC;12/26/2016 10:35:33 PM;49.21570665;16.60073105;;;;
22891;;;;;;;;NMEA message parser not found for RMB.
22892;;;;;;;;Failed to parse: GGA.. Meters expected in GGA message.
22893;GSA;;;;;;;
22894;GSV;;;;;;;
22895;GSV;;;;;;;
22896;;;;;;;;NMEA message parser not found for GRM.
22897;RMC;12/26/2016 10:35:34 PM;49.2157046833333;16.60072125;;;;
22898;;;;;;;;NMEA message parser not found for RMB.
22899;;;;;;;;Failed to parse: GGA.. Meters expected in GGA message.
22900;GSA;;;;;;;
22901;GSV;;;;;;;
22902;GSV;;;;;;;
22903;;;;;;;;NMEA message parser not found for GRM.
22904;RMC;12/26/2016 10:35:35 PM;49.2157027;16.6007114333333;;;;
22905;;;;;;;;NMEA message parser not found for RMB.
22906;;;;;;;;Failed to parse: GGA.. Meters expected in GGA message.
22907;GSA;;;;;;;
22908;GSV;;;;;;;
22909;GSV;;;;;;;
22910;;;;;;;;NMEA message parser not found for GRM.
22911;RMC;12/26/2016 10:35:36 PM;49.2157007166667;16.6007016166667;;;;
22912;;;;;;;;NMEA message parser not found for RMB.
22913;;;;;;;;Failed to parse: GGA.. Meters expected in GGA message.
22914;GSA;;;;;;;
22915;GSV;;;;;;;
22916;GSV;;;;;;;
22917;;;;;;;;NMEA message parser not found for GRM.
22918;RMC;12/26/2016 10:35:37 PM;49.2156987333333;16.6006918;;;;
22919;;;;;;;;NMEA message parser not found for RMB.
22920;;;;;;;;Failed to parse: GGA.. Meters expected in GGA message.
22921;GSA;;;;;;;
22922;GSV;;;;;;;
22923;GSV;;;;;;;
22924;;;;;;;;NMEA message parser not found for GRM.
22925;RMC;12/26/2016 10:35:38 PM;49.2156967666667;16.600682;;;;
22926;;;;;;;;NMEA message parser not found for RMB.
22927;;;;;;;;Failed to parse: GGA.. Meters expected in GGA message.
22928;GSA;;;;;;;
22929;GSV;;;;;;;
22930;GSV;;;;;;;
22931;;;;;;;;NMEA message parser not found for GRM.
22932;RMC;12/26/2016 10:35:39 PM;49.2156947833333;16.6006721833333;;;;
22933;;;;;;;;NMEA message parser not found for RMB.
22934;;;;;;;;Failed to parse: GGA.. Meters expected in GGA message.
22935;GSA;;;;;;;
22936;GSV;;;;;;;
22937;GSV;;;;;;;
22938;;;;;;;;NMEA message parser not found for GRM.
22939;RMC;12/26/2016 10:35:40 PM;49.2156928;16.6006623666667;;;;
22940;;;;;;;;NMEA message parser not found for RMB.
22941;;;;;;;;Failed to parse: GGA.. Meters expected in GGA message.
22942;GSA;;;;;;;
22943;GSV;;;;;;;
22944;GSV;;;;;;;
22945;;;;;;;;NMEA message parser not found for GRM.
22946;RMC;12/26/2016 10:35:41 PM;49.2156908166667;16.60065255;;;;
22947;;;;;;;;NMEA message parser not found for RMB.
22948;;;;;;;;Failed to parse: GGA.. Meters expected in GGA message.
22949;GSA;;;;;;;
22950;GSV;;;;;;;
22951;GSV;;;;;;;
22952;;;;;;;;NMEA message parser not found for GRM.
22953;RMC;12/26/2016 10:35:42 PM;49.21568885;16.60064275;;;;
22954;;;;;;;;NMEA message parser not found for RMB.
22955;;;;;;;;Failed to parse: GGA.. Meters expected in GGA message.
22956;GSA;;;;;;;
22957;GSV;;;;;;;
22958;GSV;;;;;;;
22959;;;;;;;;NMEA message parser not found for GRM.
22960;RMC;12/26/2016 10:35:43 PM;49.2156868666667;16.6006329333333;;;;
22961;;;;;;;;NMEA message parser not found for RMB.
22962;;;;;;;;Failed to parse: GGA.. Meters expected in GGA message.
22963;GSA;;;;;;;
22964;GSV;;;;;;;
22965;GSV;;;;;;;
22966;;;;;;;;NMEA message parser not found for GRM.
22967;RMC;12/26/2016 10:35:44 PM;49.2156848833333;16.6006231166667;;;;
22968;;;;;;;;NMEA message parser not found for RMB.
22969;;;;;;;;Failed to parse: GGA.. Meters expected in GGA message.
22970;GSA;;;;;;;
22971;GSV;;;;;;;
22972;GSV;;;;;;;
22973;;;;;;;;NMEA message parser not found for GRM.
22974;RMC;12/26/2016 10:35:45 PM;49.2156829;16.6006133;;;;
22975;;;;;;;;NMEA message parser not found for RMB.
22976;;;;;;;;Failed to parse: GGA.. Meters expected in GGA message.
22977;GSA;;;;;;;
22978;GSV;;;;;;;
22979;GSV;;;;;;;
22980;;;;;;;;NMEA message parser not found for GRM.
22981;RMC;12/26/2016 10:35:46 PM;49.2156809333333;16.6006035;;;;
22982;;;;;;;;NMEA message parser not found for RMB.
22983;;;;;;;;Failed to parse: GGA.. Meters expected in GGA message.
22984;GSA;;;;;;;
22985;GSV;;;;;;;
22986;GSV;;;;;;;
22987;;;;;;;;NMEA message parser not found for GRM.
22988;RMC;12/26/2016 10:35:47 PM;49.21567895;16.6005936833333;;;;
22989;;;;;;;;NMEA message parser not found for RMB.
22990;;;;;;;;Failed to parse: GGA.. Meters expected in GGA message.
22991;GSA;;;;;;;
22992;GSV;;;;;;;
22993;GSV;;;;;;;
22994;;;;;;;;NMEA message parser not found for GRM.
22995;RMC;12/26/2016 10:35:48 PM;49.2156769666667;16.6005838666667;;;;
22996;;;;;;;;NMEA message parser not found for RMB.
22997;;;;;;;;Failed to parse: GGA.. Meters expected in GGA message.
22998;GSA;;;;;;;
22999;GSV;;;;;;;
23000;GSV;;;;;;;
23001;;;;;;;;NMEA message parser not found for GRM.
23002;RMC;12/26/2016 10:35:49 PM;49.2156749833333;16.60057405;;;;
23003;;;;;;;;NMEA message parser not found for RMB.
23004;;;;;;;;Failed to parse: GGA.. Meters expected in GGA message.
23005;GSA;;;;;;;
23006;GSV;;;;;;;
23007;GSV;;;;;;;
23008;;;;;;;;NMEA message parser not found for GRM.
23009;RMC;12/26/2016 10:35:50 PM;49.2156730166667;16.60056425;;;;
23010;;;;;;;;NMEA message parser not found for RMB.
23011;;;;;;;;Failed to parse: GGA.. Meters expected in GGA message.
23012;GSA;;;;;;;
23013;GSV;;;;;;;
23014;GSV;;;;;;;
23015;;;;;;;;NMEA message parser not found for GRM.
23016;RMC;12/26/2016 10:35:51 PM;49.2156710333333;16.6005544333333;;;;
23017;;;;;;;;NMEA message parser not found for RMB.
23018;;;;;;;;Failed to parse: GGA.. Meters expected in GGA message.
23019;GSA;;;;;;;
23020;GSV;;;;;;;
23021;GSV;;;;;;;
23022;;;;;;;;NMEA message parser not found for GRM.
23023;RMC;12/26/2016 10:35:52 PM;49.21566905;16.6005446166667;;;;
23024;;;;;;;;NMEA message parser not found for RMB.
23025;;;;;;;;Failed to parse: GGA.. Meters expected in GGA message.
23026;GSA;;;;;;;
23027;GSV;;;;;;;
23028;GSV;;;;;;;
23029;;;;;;;;NMEA message parser not found for GRM.
23030;RMC;12/26/2016 10:35:53 PM;49.2156670666667;16.6005348;;;;
23031;;;;;;;;NMEA message parser not found for RMB.
23032;;;;;;;;Failed to parse: GGA.. Meters expected in GGA message.
23033;GSA;;;;;;;
23034;GSV;;;;;;;
23035;GSV;;;;;;;
23036;;;;;;;;NMEA message parser not found for GRM.
23037;RMC;12/26/2016 10:35:54 PM;49.2156651;16.600525;;;;
23038;;;;;;;;NMEA message parser not found for RMB.
23039;;;;;;;;Failed to parse: GGA.. Meters expected in GGA message.
23040;GSA;;;;;;;
23041;GSV;;;;;;;
23042;GSV;;;;;;;
23043;;;;;;;;NMEA message parser not found for GRM.
23044;RMC;12/26/2016 10:35:55 PM;49.2156631166667;16.6005151833333;;;;
23045;;;;;;;;NMEA message parser not found for RMB.
23046;;;;;;;;Failed to parse: GGA.. Meters expected in GGA message.
23047;GSA;;;;;;;
23048;GSV;;;;;;;
23049;GSV;;;;;;;
23050;;;;;;;;NMEA message parser not found for GRM.
23051;RMC;12/26/2016 10:35:56 PM;49.2156611333333;16.6005053666667;;;;
23052;;;;;;;;NMEA message parser not found for RMB.
23053;;;;;;;;Failed to parse: GGA.. Meters expected in GGA message.
23054;GSA;;;;;;;
23055;GSV;;;;;;;
23056;GSV;;;;;;;
23057;;;;;;;;NMEA message parser not found for GRM.
23058;RMC;12/26/2016 10:35:57 PM;49.21565915;16.60049555;;;;
23059;;;;;;;;NMEA message parser not found for RMB.
23060;;;;;;;;Failed to parse: GGA.. Meters expected in GGA message.
23061;GSA;;;;;;;
23062;GSV;;;;;;;
23063;GSV;;;;;;;
23064;;;;;;;;NMEA message parser not found for GRM.
23065;RMC;12/26/2016 10:35:58 PM;49.2156571833333;16.60048575;;;;
23066;;;;;;;;NMEA message parser not found for RMB.
23067;;;;;;;;Failed to parse: GGA.. Meters expected in GGA message.
23068;GSA;;;;;;;
23069;GSV;;;;;;;
23070;GSV;;;;;;;
23071;;;;;;;;NMEA message parser not found for GRM.
23072;RMC;12/26/2016 10:35:59 PM;49.2156552;16.6004759333333;;;;
23073;;;;;;;;NMEA message parser not found for RMB.
23074;;;;;;;;Failed to parse: GGA.. Meters expected in GGA message.
23075;GSA;;;;;;;
23076;GSV;;;;;;;
23077;GSV;;;;;;;
23078;;;;;;;;NMEA message parser not found for GRM.
23079;RMC;12/26/2016 10:36:00 PM;49.2156532166667;16.6004661166667;;;;
23080;;;;;;;;NMEA message parser not found for RMB.
23081;;;;;;;;Failed to parse: GGA.. Meters expected in GGA message.
23082;GSA;;;;;;;
23083;GSV;;;;;;;
23084;GSV;;;;;;;
23085;;;;;;;;NMEA message parser not found for GRM.
23086;RMC;12/26/2016 10:36:01 PM;49.2156512333333;16.6004563;;;;
23087;;;;;;;;NMEA message parser not found for RMB.
23088;;;;;;;;Failed to parse: GGA.. Meters expected in GGA message.
23089;GSA;;;;;;;
23090;GSV;;;;;;;
23091;GSV;;;;;;;
23092;;;;;;;;NMEA message parser not found for GRM.
23093;RMC;12/26/2016 10:36:02 PM;49.2156492666667;16.6004465;;;;
23094;;;;;;;;NMEA message parser not found for RMB.
23095;;;;;;;;Failed to parse: GGA.. Meters expected in GGA message.
23096;GSA;;;;;;;
23097;GSV;;;;;;;
23098;GSV;;;;;;;
23099;;;;;;;;NMEA message parser not found for GRM.
23100;RMC;12/26/2016 10:36:03 PM;49.2156472833333;16.6004366833333;;;;
23101;;;;;;;;NMEA message parser not found for RMB.
23102;;;;;;;;Failed to parse: GGA.. Meters expected in GGA message.
23103;GSA;;;;;;;
23104;GSV;;;;;;;
23105;GSV;;;;;;;
23106;;;;;;;;NMEA message parser not found for GRM.
23107;RMC;12/26/2016 10:36:04 PM;49.2156453;16.6004268666667;;;;
23108;;;;;;;;NMEA message parser not found for RMB.
23109;;;;;;;;Failed to parse: GGA.. Meters expected in GGA message.
23110;GSA;;;;;;;
23111;GSV;;;;;;;
23112;GSV;;;;;;;
23113;;;;;;;;NMEA message parser not found for GRM.
23114;RMC;12/26/2016 10:36:05 PM;49.2156433166667;16.6004170666667;;;;
23115;;;;;;;;NMEA message parser not found for RMB.
23116;;;;;;;;Failed to parse: GGA.. Meters expected in GGA message.
23117;GSA;;;;;;;
23118;GSV;;;;;;;
23119;GSV;;;;;;;
23120;;;;;;;;NMEA message parser not found for GRM.
23121;RMC;12/26/2016 10:36:06 PM;49.21564135;16.60040725;;;;
23122;;;;;;;;NMEA message parser not found for RMB.
23123;;;;;;;;Failed to parse: GGA.. Meters expected in GGA message.
23124;GSA;;;;;;;
23125;GSV;;;;;;;
23126;GSV;;;;;;;
23127;;;;;;;;NMEA message parser not found for GRM.
23128;RMC;12/26/2016 10:36:07 PM;49.2156393666667;16.6003974333333;;;;
23129;;;;;;;;NMEA message parser not found for RMB.
23130;;;;;;;;Failed to parse: GGA.. Meters expected in GGA message.
23131;GSA;;;;;;;
23132;GSV;;;;;;;
23133;GSV;;;;;;;
23134;;;;;;;;NMEA message parser not found for GRM.
23135;RMC;12/26/2016 10:36:08 PM;49.2156373833333;16.6003876166667;;;;
23136;;;;;;;;NMEA message parser not found for RMB.
23137;;;;;;;;Failed to parse: GGA.. Meters expected in GGA message.
23138;GSA;;;;;;;
23139;GSV;;;;;;;
23140;GSV;;;;;;;
23141;;;;;;;;NMEA message parser not found for GRM.
23142;RMC;12/26/2016 10:36:09 PM;49.2156354;16.6003778166667;;;;
23143;;;;;;;;NMEA message parser not found for RMB.
23144;;;;;;;;Failed to parse: GGA.. Meters expected in GGA message.
23145;GSA;;;;;;;
23146;GSV;;;;;;;
23147;GSV;;;;;;;
23148;;;;;;;;NMEA message parser not found for GRM.
23149;RMC;12/26/2016 10:36:10 PM;49.2156334333333;16.600368;;;;
23150;;;;;;;;NMEA message parser not found for RMB.
23151;;;;;;;;Failed to parse: GGA.. Meters expected in GGA message.
23152;GSA;;;;;;;
23153;GSV;;;;;;;
23154;GSV;;;;;;;
23155;;;;;;;;NMEA message parser not found for GRM.
23156;RMC;12/26/2016 10:36:11 PM;49.21563145;16.6003581833333;;;;
23157;;;;;;;;NMEA message parser not found for RMB.
23158;;;;;;;;Failed to parse: GGA.. Meters expected in GGA message.
23159;GSA;;;;;;;
23160;GSV;;;;;;;
23161;GSV;;;;;;;
23162;;;;;;;;NMEA message parser not found for GRM.
23163;RMC;12/26/2016 10:36:12 PM;49.2156294666667;16.6003483666667;;;;
23164;;;;;;;;NMEA message parser not found for RMB.
23165;;;;;;;;Failed to parse: GGA.. Meters expected in GGA message.
23166;GSA;;;;;;;
23167;GSV;;;;;;;
23168;GSV;;;;;;;
23169;;;;;;;;NMEA message parser not found for GRM.
23170;RMC;12/26/2016 10:36:13 PM;49.2156274833333;16.6003385666667;;;;
23171;;;;;;;;NMEA message parser not found for RMB.
23172;;;;;;;;Failed to parse: GGA.. Meters expected in GGA message.
23173;GSA;;;;;;;
23174;GSV;;;;;;;
23175;GSV;;;;;;;
23176;;;;;;;;NMEA message parser not found for GRM.
23177;RMC;12/26/2016 10:36:14 PM;49.2156255166667;16.60032875;;;;
23178;;;;;;;;NMEA message parser not found for RMB.
23179;;;;;;;;Failed to parse: GGA.. Meters expected in GGA message.
23180;GSA;;;;;;;
23181;GSV;;;;;;;
23182;GSV;;;;;;;
23183;;;;;;;;NMEA message parser not found for GRM.
23184;RMC;12/26/2016 10:36:15 PM;49.2156235333333;16.6003189333333;;;;
23185;;;;;;;;NMEA message parser not found for RMB.
23186;;;;;;;;Failed to parse: GGA.. Meters expected in GGA message.
23187;GSA;;;;;;;
23188;GSV;;;;;;;
23189;GSV;;;;;;;
23190;;;;;;;;NMEA message parser not found for GRM.
23191;RMC;12/26/2016 10:36:16 PM;49.21562155;16.6003091166667;;;;
23192;;;;;;;;NMEA message parser not found for RMB.
23193;;;;;;;;Failed to parse: GGA.. Meters expected in GGA message.
23194;GSA;;;;;;;
23195;GSV;;;;;;;
23196;GSV;;;;;;;
23197;;;;;;;;NMEA message parser not found for GRM.
23198;RMC;12/26/2016 10:36:17 PM;49.2156195666667;16.6002993166667;;;;
23199;;;;;;;;NMEA message parser not found for RMB.
23200;;;;;;;;Failed to parse: GGA.. Meters expected in GGA message.
23201;GSA;;;;;;;
23202;GSV;;;;;;;
23203;GSV;;;;;;;
23204;;;;;;;;NMEA message parser not found for GRM.
23205;RMC;12/26/2016 10:36:18 PM;49.2156176;16.6002895;;;;
23206;;;;;;;;NMEA message parser not found for RMB.
23207;;;;;;;;Failed to parse: GGA.. Meters expected in GGA message.
23208;GSA;;;;;;;
23209;GSV;;;;;;;
23210;GSV;;;;;;;
23211;;;;;;;;NMEA message parser not found for GRM.
23212;RMC;12/26/2016 10:36:19 PM;49.2156156166667;16.6002796833333;;;;
23213;;;;;;;;NMEA message parser not found for RMB.
23214;;;;;;;;Failed to parse: GGA.. Meters expected in GGA message.
23215;GSA;;;;;;;
23216;GSV;;;;;;;
23217;GSV;;;;;;;
23218;;;;;;;;NMEA message parser not found for GRM.
23219;RMC;12/26/2016 10:36:20 PM;49.2156136333333;16.6002698666667;;;;
23220;;;;;;;;NMEA message parser not found for RMB.
23221;;;;;;;;Failed to parse: GGA.. Meters expected in GGA message.
23222;GSA;;;;;;;
23223;GSV;;;;;;;
23224;GSV;;;;;;;
23225;;;;;;;;NMEA message parser not found for GRM.
23226;RMC;12/26/2016 10:36:21 PM;49.21561165;16.6002600666667;;;;
23227;;;;;;;;NMEA message parser not found for RMB.
23228;;;;;;;;Failed to parse: GGA.. Meters expected in GGA message.
23229;GSA;;;;;;;
23230;GSV;;;;;;;
23231;GSV;;;;;;;
23232;;;;;;;;NMEA message parser not found for GRM.
23233;RMC;12/26/2016 10:36:22 PM;49.2156096833333;16.60025025;;;;
23234;;;;;;;;NMEA message parser not found for RMB.
23235;;;;;;;;Failed to parse: GGA.. Meters expected in GGA message.
23236;GSA;;;;;;;
23237;GSV;;;;;;;
23238;GSV;;;;;;;
23239;;;;;;;;NMEA message parser not found for GRM.
23240;RMC;12/26/2016 10:36:23 PM;49.2156077;16.6002404333333;;;;
23241;;;;;;;;NMEA message parser not found for RMB.
23242;;;;;;;;Failed to parse: GGA.. Meters expected in GGA message.
23243;GSA;;;;;;;
23244;GSV;;;;;;;
23245;GSV;;;;;;;
23246;;;;;;;;NMEA message parser not found for GRM.
23247;RMC;12/26/2016 10:36:24 PM;49.2156057166667;16.6002306166667;;;;
23248;;;;;;;;NMEA message parser not found for RMB.
23249;;;;;;;;Failed to parse: GGA.. Meters expected in GGA message.
23250;GSA;;;;;;;
23251;GSV;;;;;;;
23252;GSV;;;;;;;
23253;;;;;;;;NMEA message parser not found for GRM.
23254;RMC;12/26/2016 10:36:25 PM;49.2156037333333;16.6002208166667;;;;
23255;;;;;;;;NMEA message parser not found for RMB.
23256;;;;;;;;Failed to parse: GGA.. Meters expected in GGA message.
23257;GSA;;;;;;;
23258;GSV;;;;;;;
23259;GSV;;;;;;;
23260;;;;;;;;NMEA message parser not found for GRM.
23261;RMC;12/26/2016 10:36:26 PM;49.2156017666667;16.600211;;;;
23262;;;;;;;;NMEA message parser not found for RMB.
23263;;;;;;;;Failed to parse: GGA.. Meters expected in GGA message.
23264;GSA;;;;;;;
23265;GSV;;;;;;;
23266;GSV;;;;;;;
23267;;;;;;;;NMEA message parser not found for GRM.
23268;RMC;12/26/2016 10:36:27 PM;49.2155997833333;16.6002011833333;;;;
23269;;;;;;;;NMEA message parser not found for RMB.
23270;;;;;;;;Failed to parse: GGA.. Meters expected in GGA message.
23271;GSA;;;;;;;
23272;GSV;;;;;;;
23273;GSV;;;;;;;
23274;;;;;;;;NMEA message parser not found for GRM.
23275;RMC;12/26/2016 10:36:28 PM;49.2155978;16.6001913666667;;;;
23276;;;;;;;;NMEA message parser not found for RMB.
23277;;;;;;;;Failed to parse: GGA.. Meters expected in GGA message.
23278;GSA;;;;;;;
23279;GSV;;;;;;;
23280;GSV;;;;;;;
23281;;;;;;;;NMEA message parser not found for GRM.
23282;RMC;12/26/2016 10:36:29 PM;49.2155958166667;16.6001815666667;;;;
23283;;;;;;;;NMEA message parser not found for RMB.
23284;;;;;;;;Failed to parse: GGA.. Meters expected in GGA message.
23285;GSA;;;;;;;
23286;GSV;;;;;;;
23287;GSV;;;;;;;
23288;;;;;;;;NMEA message parser not found for GRM.
23289;RMC;12/26/2016 10:36:30 PM;49.21559385;16.60017175;;;;
23290;;;;;;;;NMEA message parser not found for RMB.
23291;;;;;;;;Failed to parse: GGA.. Meters expected in GGA message.
23292;GSA;;;;;;;
23293;GSV;;;;;;;
23294;GSV;;;;;;;
23295;;;;;;;;NMEA message parser not found for GRM.
23296;RMC;12/26/2016 10:36:31 PM;49.2155918666667;16.6001619333333;;;;
23297;;;;;;;;NMEA message parser not found for RMB.
23298;;;;;;;;Failed to parse: GGA.. Meters expected in GGA message.
23299;GSA;;;;;;;
23300;GSV;;;;;;;
23301;GSV;;;;;;;
23302;;;;;;;;NMEA message parser not found for GRM.
23303;RMC;12/26/2016 10:36:32 PM;49.2155898833333;16.6001521166667;;;;
23304;;;;;;;;NMEA message parser not found for RMB.
23305;;;;;;;;Failed to parse: GGA.. Meters expected in GGA message.
23306;GSA;;;;;;;
23307;GSV;;;;;;;
23308;GSV;;;;;;;
23309;;;;;;;;NMEA message parser not found for GRM.
23310;RMC;12/26/2016 10:36:33 PM;49.2155879166667;16.6001423166667;;;;
23311;;;;;;;;NMEA message parser not found for RMB.
23312;;;;;;;;Failed to parse: GGA.. Meters expected in GGA message.
23313;GSA;;;;;;;
23314;GSV;;;;;;;
23315;GSV;;;;;;;
23316;;;;;;;;NMEA message parser not found for GRM.
23317;RMC;12/26/2016 10:36:34 PM;49.2155859333333;16.6001325;;;;
23318;;;;;;;;NMEA message parser not found for RMB.
23319;;;;;;;;Failed to parse: GGA.. Meters expected in GGA message.
23320;GSA;;;;;;;
23321;GSV;;;;;;;
23322;GSV;;;;;;;
23323;;;;;;;;NMEA message parser not found for GRM.
23324;RMC;12/26/2016 10:36:35 PM;49.21558395;16.6001226833333;;;;
23325;;;;;;;;NMEA message parser not found for RMB.
23326;;;;;;;;Failed to parse: GGA.. Meters expected in GGA message.
23327;GSA;;;;;;;
23328;GSV;;;;;;;
23329;GSV;;;;;;;
23330;;;;;;;;NMEA message parser not found for GRM.
23331;RMC;12/26/2016 10:36:36 PM;49.2155819666667;16.6001128666667;;;;
23332;;;;;;;;NMEA message parser not found for RMB.
23333;;;;;;;;Failed to parse: GGA.. Meters expected in GGA message.
23334;GSA;;;;;;;
23335;GSV;;;;;;;
23336;GSV;;;;;;;
23337;;;;;;;;NMEA message parser not found for GRM.
23338;RMC;12/26/2016 10:36:37 PM;49.21558;16.6001030666667;;;;
23339;;;;;;;;NMEA message parser not found for RMB.
23340;;;;;;;;Failed to parse: GGA.. Meters expected in GGA message.
23341;GSA;;;;;;;
23342;GSV;;;;;;;
23343;GSV;;;;;;;
23344;;;;;;;;NMEA message parser not found for GRM.
23345;RMC;12/26/2016 10:36:38 PM;49.2155780166667;16.60009325;;;;
23346;;;;;;;;NMEA message parser not found for RMB.
23347;;;;;;;;Failed to parse: GGA.. Meters expected in GGA message.
23348;GSA;;;;;;;
23349;GSV;;;;;;;
23350;GSV;;;;;;;
23351;;;;;;;;NMEA message parser not found for GRM.
23352;RMC;12/26/2016 10:36:39 PM;49.2155760333333;16.6000834333333;;;;
23353;;;;;;;;NMEA message parser not found for RMB.
23354;;;;;;;;Failed to parse: GGA.. Meters expected in GGA message.
23355;GSA;;;;;;;
23356;GSV;;;;;;;
23357;GSV;;;;;;;
23358;;;;;;;;NMEA message parser not found for GRM.
23359;RMC;12/26/2016 10:36:40 PM;49.21557405;16.6000736166667;;;;
23360;;;;;;;;NMEA message parser not found for RMB.
23361;;;;;;;;Failed to parse: GGA.. Meters expected in GGA message.
23362;GSA;;;;;;;
23363;GSV;;;;;;;
23364;GSV;;;;;;;
23365;;;;;;;;NMEA message parser not found for GRM.
23366;RMC;12/26/2016 10:36:41 PM;49.2155720833333;16.6000638166667;;;;
23367;;;;;;;;NMEA message parser not found for RMB.
23368;;;;;;;;Failed to parse: GGA.. Meters expected in GGA message.
23369;GSA;;;;;;;
23370;GSV;;;;;;;
23371;GSV;;;;;;;
23372;;;;;;;;NMEA message parser not found for GRM.
23373;RMC;12/26/2016 10:36:42 PM;49.2155701;16.600054;;;;
23374;;;;;;;;NMEA message parser not found for RMB.
23375;;;;;;;;Failed to parse: GGA.. Meters expected in GGA message.
23376;GSA;;;;;;;
23377;GSV;;;;;;;
23378;GSV;;;;;;;
23379;;;;;;;;NMEA message parser not found for GRM.
23380;RMC;12/26/2016 10:36:43 PM;49.2155681166667;16.6000441833333;;;;
23381;;;;;;;;NMEA message parser not found for RMB.
23382;;;;;;;;Failed to parse: GGA.. Meters expected in GGA message.
23383;GSA;;;;;;;
23384;GSV;;;;;;;
23385;GSV;;;;;;;
23386;;;;;;;;NMEA message parser not found for GRM.
23387;RMC;12/26/2016 10:36:44 PM;49.2155661333333;16.6000343666667;;;;
23388;;;;;;;;NMEA message parser not found for RMB.
23389;;;;;;;;Failed to parse: GGA.. Meters expected in GGA message.
23390;GSA;;;;;;;
23391;GSV;;;;;;;
23392;GSV;;;;;;;
23393;;;;;;;;NMEA message parser not found for GRM.
23394;RMC;12/26/2016 10:36:45 PM;49.2155641666667;16.6000245666667;;;;
23395;;;;;;;;NMEA message parser not found for RMB.
23396;;;;;;;;Failed to parse: GGA.. Meters expected in GGA message.
23397;GSA;;;;;;;
23398;GSV;;;;;;;
23399;GSV;;;;;;;
23400;;;;;;;;NMEA message parser not found for GRM.
23401;RMC;12/26/2016 10:36:46 PM;49.2155621833333;16.60001475;;;;
23402;;;;;;;;NMEA message parser not found for RMB.
23403;;;;;;;;Failed to parse: GGA.. Meters expected in GGA message.
23404;GSA;;;;;;;
23405;GSV;;;;;;;
23406;GSV;;;;;;;
23407;;;;;;;;NMEA message parser not found for GRM.
23408;RMC;12/26/2016 10:36:47 PM;49.2155602;16.6000049333333;;;;
23409;;;;;;;;NMEA message parser not found for RMB.
23410;;;;;;;;Failed to parse: GGA.. Meters expected in GGA message.
23411;GSA;;;;;;;
23412;GSV;;;;;;;
23413;GSV;;;;;;;
23414;;;;;;;;NMEA message parser not found for GRM.
23415;RMC;12/26/2016 10:36:48 PM;49.2155582166667;16.5999951166667;;;;
23416;;;;;;;;NMEA message parser not found for RMB.
23417;;;;;;;;Failed to parse: GGA.. Meters expected in GGA message.
23418;GSA;;;;;;;
23419;GSV;;;;;;;
23420;GSV;;;;;;;
23421;;;;;;;;NMEA message parser not found for GRM.
23422;RMC;12/26/2016 10:36:49 PM;49.21555625;16.5999853166667;;;;
23423;;;;;;;;NMEA message parser not found for RMB.
23424;;;;;;;;Failed to parse: GGA.. Meters expected in GGA message.
23425;GSA;;;;;;;
23426;GSV;;;;;;;
23427;GSV;;;;;;;
23428;;;;;;;;NMEA message parser not found for GRM.
23429;RMC;12/26/2016 10:36:50 PM;49.2155542666667;16.5999755;;;;
23430;;;;;;;;NMEA message parser not found for RMB.
23431;;;;;;;;Failed to parse: GGA.. Meters expected in GGA message.
23432;GSA;;;;;;;
23433;GSV;;;;;;;
23434;GSV;;;;;;;
23435;;;;;;;;NMEA message parser not found for GRM.
23436;RMC;12/26/2016 10:36:51 PM;49.2155522833333;16.5999656833333;;;;
23437;;;;;;;;NMEA message parser not found for RMB.
23438;;;;;;;;Failed to parse: GGA.. Meters expected in GGA message.
23439;GSA;;;;;;;
23440;GSV;;;;;;;
23441;GSV;;;;;;;
23442;;;;;;;;NMEA message parser not found for GRM.
23443;RMC;12/26/2016 10:36:52 PM;49.2155503;16.5999558833333;;;;
23444;;;;;;;;NMEA message parser not found for RMB.
23445;;;;;;;;Failed to parse: GGA.. Meters expected in GGA message.
23446;GSA;;;;;;;
23447;GSV;;;;;;;
23448;GSV;;;;;;;
23449;;;;;;;;NMEA message parser not found for GRM.
23450;RMC;12/26/2016 10:36:53 PM;49.2155483333333;16.5999460666667;;;;
23451;;;;;;;;NMEA message parser not found for RMB.
23452;;;;;;;;Failed to parse: GGA.. Meters expected in GGA message.
23453;GSA;;;;;;;
23454;GSV;;;;;;;
23455;GSV;;;;;;;
23456;;;;;;;;NMEA message parser not found for GRM.
23457;RMC;12/26/2016 10:36:54 PM;49.21554635;16.59993625;;;;
23458;;;;;;;;NMEA message parser not found for RMB.
23459;;;;;;;;Failed to parse: GGA.. Meters expected in GGA message.
23460;GSA;;;;;;;
23461;GSV;;;;;;;
23462;GSV;;;;;;;
23463;;;;;;;;NMEA message parser not found for GRM.
23464;RMC;12/26/2016 10:36:55 PM;49.2155443666667;16.5999264333333;;;;
23465;;;;;;;;NMEA message parser not found for RMB.
23466;;;;;;;;Failed to parse: GGA.. Meters expected in GGA message.
23467;GSA;;;;;;;
23468;GSV;;;;;;;
23469;GSV;;;;;;;
23470;;;;;;;;NMEA message parser not found for GRM.
23471;RMC;12/26/2016 10:36:56 PM;49.2155423833333;16.5999166333333;;;;
23472;;;;;;;;NMEA message parser not found for RMB.
23473;;;;;;;;Failed to parse: GGA.. Meters expected in GGA message.
23474;GSA;;;;;;;
23475;GSV;;;;;;;
23476;GSV;;;;;;;
23477;;;;;;;;NMEA message parser not found for GRM.
23478;RMC;12/26/2016 10:36:57 PM;49.2155404166667;16.5999068166667;;;;
23479;;;;;;;;NMEA message parser not found for RMB.
23480;;;;;;;;Failed to parse: GGA.. Meters expected in GGA message.
23481;GSA;;;;;;;
23482;GSV;;;;;;;
23483;GSV;;;;;;;
23484;;;;;;;;NMEA message parser not found for GRM.
23485;RMC;12/26/2016 10:36:58 PM;49.2155384333333;16.599897;;;;
23486;;;;;;;;NMEA message parser not found for RMB.
23487;;;;;;;;Failed to parse: GGA.. Meters expected in GGA message.
23488;GSA;;;;;;;
23489;GSV;;;;;;;
23490;GSV;;;;;;;
23491;;;;;;;;NMEA message parser not found for GRM.
23492;RMC;12/26/2016 10:36:59 PM;49.21553645;16.5998871833333;;;;
23493;;;;;;;;NMEA message parser not found for RMB.
23494;;;;;;;;Failed to parse: GGA.. Meters expected in GGA message.
23495;GSA;;;;;;;
23496;GSV;;;;;;;
23497;GSV;;;;;;;
23498;;;;;;;;NMEA message parser not found for GRM.
23499;RMC;12/26/2016 10:37:00 PM;49.2155344666667;16.5998773833333;;;;
23500;;;;;;;;NMEA message parser not found for RMB.
23501;;;;;;;;Failed to parse: GGA.. Meters expected in GGA message.
23502;GSA;;;;;;;
23503;GSV;;;;;;;
23504;GSV;;;;;;;
23505;;;;;;;;NMEA message parser not found for GRM.
23506;RMC;12/26/2016 10:37:01 PM;49.2155325;16.5998675666667;;;;
23507;;;;;;;;NMEA message parser not found for RMB.
23508;;;;;;;;Failed to parse: GGA.. Meters expected in GGA message.
23509;GSA;;;;;;;
23510;GSV;;;;;;;
23511;GSV;;;;;;;
23512;;;;;;;;NMEA message parser not found for GRM.
23513;RMC;12/26/2016 10:37:02 PM;49.2155305166667;16.59985775;;;;
23514;;;;;;;;NMEA message parser not found for RMB.
23515;;;;;;;;Failed to parse: GGA.. Meters expected in GGA message.
23516;GSA;;;;;;;
23517;GSV;;;;;;;
23518;GSV;;;;;;;
23519;;;;;;;;NMEA message parser not found for GRM.
23520;RMC;12/26/2016 10:37:03 PM;49.2155285333333;16.5998479333333;;;;
23521;;;;;;;;NMEA message parser not found for RMB.
23522;;;;;;;;Failed to parse: GGA.. Meters expected in GGA message.
23523;GSA;;;;;;;
23524;GSV;;;;;;;
23525;GSV;;;;;;;
23526;;;;;;;;NMEA message parser not found for GRM.
23527;RMC;12/26/2016 10:37:04 PM;49.21552655;16.5998381333333;;;;
23528;;;;;;;;NMEA message parser not found for RMB.
23529;;;;;;;;Failed to parse: GGA.. Meters expected in GGA message.
23530;GSA;;;;;;;
23531;GSV;;;;;;;
23532;GSV;;;;;;;
23533;;;;;;;;NMEA message parser not found for GRM.
23534;RMC;12/26/2016 10:37:05 PM;49.2155245833333;16.5998283166667;;;;
23535;;;;;;;;NMEA message parser not found for RMB.
23536;;;;;;;;Failed to parse: GGA.. Meters expected in GGA message.
23537;GSA;;;;;;;
23538;GSV;;;;;;;
23539;GSV;;;;;;;
23540;;;;;;;;NMEA message parser not found for GRM.
23541;RMC;12/26/2016 10:37:06 PM;49.2155226;16.5998185;;;;
23542;;;;;;;;NMEA message parser not found for RMB.
23543;;;;;;;;Failed to parse: GGA.. Meters expected in GGA message.
23544;GSA;;;;;;;
23545;GSV;;;;;;;
23546;GSV;;;;;;;
23547;;;;;;;;NMEA message parser not found for GRM.
23548;RMC;12/26/2016 10:37:07 PM;49.2155206166667;16.5998086833333;;;;
23549;;;;;;;;NMEA message parser not found for RMB.
23550;;;;;;;;Failed to parse: GGA.. Meters expected in GGA message.
23551;GSA;;;;;;;
23552;GSV;;;;;;;
23553;GSV;;;;;;;
23554;;;;;;;;NMEA message parser not found for GRM.
23555;RMC;12/26/2016 10:37:08 PM;49.2155186333333;16.5997988833333;;;;
23556;;;;;;;;NMEA message parser not found for RMB.
23557;;;;;;;;Failed to parse: GGA.. Meters expected in GGA message.
23558;GSA;;;;;;;
23559;GSV;;;;;;;
23560;GSV;;;;;;;
23561;;;;;;;;NMEA message parser not found for GRM.
23562;RMC;12/26/2016 10:37:09 PM;49.2155166666667;16.5997890666667;;;;
23563;;;;;;;;NMEA message parser not found for RMB.
23564;;;;;;;;Failed to parse: GGA.. Meters expected in GGA message.
23565;GSA;;;;;;;
23566;GSV;;;;;;;
23567;GSV;;;;;;;
23568;;;;;;;;NMEA message parser not found for GRM.
23569;RMC;12/26/2016 10:37:10 PM;49.2155146833333;16.59977925;;;;
23570;;;;;;;;NMEA message parser not found for RMB.
23571;;;;;;;;Failed to parse: GGA.. Meters expected in GGA message.
23572;GSA;;;;;;;
23573;GSV;;;;;;;
23574;GSV;;;;;;;
23575;;;;;;;;NMEA message parser not found for GRM.
23576;RMC;12/26/2016 10:37:11 PM;49.2155127;16.5997694333333;;;;
23577;;;;;;;;NMEA message parser not found for RMB.
23578;;;;;;;;Failed to parse: GGA.. Meters expected in GGA message.
23579;GSA;;;;;;;
23580;GSV;;;;;;;
23581;GSV;;;;;;;
23582;;;;;;;;NMEA message parser not found for GRM.
23583;RMC;12/26/2016 10:37:12 PM;49.2155100833333;16.59976205;;;;
23584;;;;;;;;NMEA message parser not found for RMB.
23585;;;;;;;;Failed to parse: GGA.. Meters expected in GGA message.
23586;GSA;;;;;;;
23587;GSV;;;;;;;
23588;GSV;;;;;;;
23589;;;;;;;;NMEA message parser not found for GRM.
23590;RMC;12/26/2016 10:37:13 PM;49.2155035;16.5997696;;;;
23591;;;;;;;;NMEA message parser not found for RMB.
23592;;;;;;;;Failed to parse: GGA.. Meters expected in GGA message.
23593;GSA;;;;;;;
23594;GSV;;;;;;;
23595;GSV;;;;;;;
23596;;;;;;;;NMEA message parser not found for GRM.
23597;RMC;12/26/2016 10:37:14 PM;49.2154969333333;16.59977715;;;;
23598;;;;;;;;NMEA message parser not found for RMB.
23599;;;;;;;;Failed to parse: GGA.. Meters expected in GGA message.
23600;GSA;;;;;;;
23601;GSV;;;;;;;
23602;GSV;;;;;;;
23603;;;;;;;;NMEA message parser not found for GRM.
23604;RMC;12/26/2016 10:37:15 PM;49.2154903666667;16.5997847;;;;
23605;;;;;;;;NMEA message parser not found for RMB.
23606;;;;;;;;Failed to parse: GGA.. Meters expected in GGA message.
23607;GSA;;;;;;;
23608;GSV;;;;;;;
23609;GSV;;;;;;;
23610;;;;;;;;NMEA message parser not found for GRM.
23611;RMC;12/26/2016 10:37:16 PM;49.2154837833333;16.59979225;;;;
23612;;;;;;;;NMEA message parser not found for RMB.
23613;;;;;;;;Failed to parse: GGA.. Meters expected in GGA message.
23614;GSA;;;;;;;
23615;GSV;;;;;;;
23616;GSV;;;;;;;
23617;;;;;;;;NMEA message parser not found for GRM.
23618;RMC;12/26/2016 10:37:17 PM;49.2154772166667;16.5997998;;;;
23619;;;;;;;;NMEA message parser not found for RMB.
23620;;;;;;;;Failed to parse: GGA.. Meters expected in GGA message.
23621;GSA;;;;;;;
23622;GSV;;;;;;;
23623;GSV;;;;;;;
23624;;;;;;;;NMEA message parser not found for GRM.
23625;RMC;12/26/2016 10:37:18 PM;49.21547065;16.59980735;;;;
23626;;;;;;;;NMEA message parser not found for RMB.
23627;;;;;;;;Failed to parse: GGA.. Meters expected in GGA message.
23628;GSA;;;;;;;
23629;GSV;;;;;;;
23630;GSV;;;;;;;
23631;;;;;;;;NMEA message parser not found for GRM.
23632;RMC;12/26/2016 10:37:19 PM;49.2154640666667;16.5998149;;;;
23633;;;;;;;;NMEA message parser not found for RMB.
23634;;;;;;;;Failed to parse: GGA.. Meters expected in GGA message.
23635;GSA;;;;;;;
23636;GSV;;;;;;;
23637;GSV;;;;;;;
23638;;;;;;;;NMEA message parser not found for GRM.
23639;RMC;12/26/2016 10:37:20 PM;49.2154575;16.5998224666667;;;;
23640;;;;;;;;NMEA message parser not found for RMB.
23641;;;;;;;;Failed to parse: GGA.. Meters expected in GGA message.
23642;GSA;;;;;;;
23643;GSV;;;;;;;
23644;GSV;;;;;;;
23645;;;;;;;;NMEA message parser not found for GRM.
23646;RMC;12/26/2016 10:37:21 PM;49.2154509333333;16.5998300166667;;;;
23647;;;;;;;;NMEA message parser not found for RMB.
23648;;;;;;;;Failed to parse: GGA.. Meters expected in GGA message.
23649;GSA;;;;;;;
23650;GSV;;;;;;;
23651;GSV;;;;;;;
23652;;;;;;;;NMEA message parser not found for GRM.
23653;RMC;12/26/2016 10:37:22 PM;49.21544435;16.5998375666667;;;;
23654;;;;;;;;NMEA message parser not found for RMB.
23655;;;;;;;;Failed to parse: GGA.. Meters expected in GGA message.
23656;GSA;;;;;;;
23657;GSV;;;;;;;
23658;GSV;;;;;;;
23659;;;;;;;;NMEA message parser not found for GRM.
23660;RMC;12/26/2016 10:37:23 PM;49.2154377833333;16.5998451166667;;;;
23661;;;;;;;;NMEA message parser not found for RMB.
23662;;;;;;;;Failed to parse: GGA.. Meters expected in GGA message.
23663;GSA;;;;;;;
23664;GSV;;;;;;;
23665;GSV;;;;;;;
23666;;;;;;;;NMEA message parser not found for GRM.
23667;RMC;12/26/2016 10:37:24 PM;49.2154312166667;16.5998526666667;;;;
23668;;;;;;;;NMEA message parser not found for RMB.
23669;;;;;;;;Failed to parse: GGA.. Meters expected in GGA message.
23670;GSA;;;;;;;
23671;GSV;;;;;;;
23672;GSV;;;;;;;
23673;;;;;;;;NMEA message parser not found for GRM.
23674;RMC;12/26/2016 10:37:25 PM;49.2154246333333;16.5998602166667;;;;
23675;;;;;;;;NMEA message parser not found for RMB.
23676;;;;;;;;Failed to parse: GGA.. Meters expected in GGA message.
23677;GSA;;;;;;;
23678;GSV;;;;;;;
23679;GSV;;;;;;;
23680;;;;;;;;NMEA message parser not found for GRM.
23681;RMC;12/26/2016 10:37:26 PM;49.2154180666667;16.5998677666667;;;;
23682;;;;;;;;NMEA message parser not found for RMB.
23683;;;;;;;;Failed to parse: GGA.. Meters expected in GGA message.
23684;GSA;;;;;;;
23685;GSV;;;;;;;
23686;GSV;;;;;;;
23687;;;;;;;;NMEA message parser not found for GRM.
23688;RMC;12/26/2016 10:37:27 PM;49.2154115;16.5998753166667;;;;
23689;;;;;;;;NMEA message parser not found for RMB.
23690;;;;;;;;Failed to parse: GGA.. Meters expected in GGA message.
23691;GSA;;;;;;;
23692;GSV;;;;;;;
23693;GSV;;;;;;;
23694;;;;;;;;NMEA message parser not found for GRM.
23695;RMC;12/26/2016 10:37:28 PM;49.2154049166667;16.5998828666667;;;;
23696;;;;;;;;NMEA message parser not found for RMB.
23697;;;;;;;;Failed to parse: GGA.. Meters expected in GGA message.
23698;GSA;;;;;;;
23699;GSV;;;;;;;
23700;GSV;;;;;;;
23701;;;;;;;;NMEA message parser not found for GRM.
23702;RMC;12/26/2016 10:37:29 PM;49.21539835;16.5998904166667;;;;
23703;;;;;;;;NMEA message parser not found for RMB.
23704;;;;;;;;Failed to parse: GGA.. Meters expected in GGA message.
23705;GSA;;;;;;;
23706;GSV;;;;;;;
23707;GSV;;;;;;;
23708;;;;;;;;NMEA message parser not found for GRM.
23709;RMC;12/26/2016 10:37:30 PM;49.2153917833333;16.5998979666667;;;;
23710;;;;;;;;NMEA message parser not found for RMB.
23711;;;;;;;;Failed to parse: GGA.. Meters expected in GGA message.
23712;GSA;;;;;;;
23713;GSV;;;;;;;
23714;GSV;;;;;;;
23715;;;;;;;;NMEA message parser not found for GRM.
23716;RMC;12/26/2016 10:37:31 PM;49.2153852;16.5999055166667;;;;
23717;;;;;;;;NMEA message parser not found for RMB.
23718;;;;;;;;Failed to parse: GGA.. Meters expected in GGA message.
23719;GSA;;;;;;;
23720;GSV;;;;;;;
23721;GSV;;;;;;;
23722;;;;;;;;NMEA message parser not found for GRM.
23723;RMC;12/26/2016 10:37:32 PM;49.2153786333333;16.5999130666667;;;;
23724;;;;;;;;NMEA message parser not found for RMB.
23725;;;;;;;;Failed to parse: GGA.. Meters expected in GGA message.
23726;GSA;;;;;;;
23727;GSV;;;;;;;
23728;GSV;;;;;;;
23729;;;;;;;;NMEA message parser not found for GRM.
23730;RMC;12/26/2016 10:37:33 PM;49.2153720666667;16.5999206166667;;;;
23731;;;;;;;;NMEA message parser not found for RMB.
23732;;;;;;;;Failed to parse: GGA.. Meters expected in GGA message.
23733;GSA;;;;;;;
23734;GSV;;;;;;;
23735;GSV;;;;;;;
23736;;;;;;;;NMEA message parser not found for GRM.
23737;RMC;12/26/2016 10:37:34 PM;49.2153654833333;16.5999281666667;;;;
23738;;;;;;;;NMEA message parser not found for RMB.
23739;;;;;;;;Failed to parse: GGA.. Meters expected in GGA message.
23740;GSA;;;;;;;
23741;GSV;;;;;;;
23742;GSV;;;;;;;
23743;;;;;;;;NMEA message parser not found for GRM.
23744;RMC;12/26/2016 10:37:35 PM;49.2153589166667;16.5999357166667;;;;
23745;;;;;;;;NMEA message parser not found for RMB.
23746;;;;;;;;Failed to parse: GGA.. Meters expected in GGA message.
23747;GSA;;;;;;;
23748;GSV;;;;;;;
23749;GSV;;;;;;;
23750;;;;;;;;NMEA message parser not found for GRM.
23751;RMC;12/26/2016 10:37:36 PM;49.21535235;16.5999432666667;;;;
23752;;;;;;;;NMEA message parser not found for RMB.
23753;;;;;;;;Failed to parse: GGA.. Meters expected in GGA message.
23754;GSA;;;;;;;
23755;GSV;;;;;;;
23756;GSV;;;;;;;
23757;;;;;;;;NMEA message parser not found for GRM.
23758;RMC;12/26/2016 10:37:37 PM;49.2153457666667;16.5999508166667;;;;
23759;;;;;;;;NMEA message parser not found for RMB.
23760;;;;;;;;Failed to parse: GGA.. Meters expected in GGA message.
23761;GSA;;;;;;;
23762;GSV;;;;;;;
23763;GSV;;;;;;;
23764;;;;;;;;NMEA message parser not found for GRM.
23765;RMC;12/26/2016 10:37:38 PM;49.2153380333333;16.5999569666667;;;;
23766;;;;;;;;NMEA message parser not found for RMB.
23767;;;;;;;;Failed to parse: GGA.. Meters expected in GGA message.
23768;GSA;;;;;;;
23769;GSV;;;;;;;
23770;GSV;;;;;;;
23771;;;;;;;;NMEA message parser not found for GRM.
23772;RMC;12/26/2016 10:37:39 PM;49.21532945;16.5999621166667;;;;
23773;;;;;;;;NMEA message parser not found for RMB.
23774;;;;;;;;Failed to parse: GGA.. Meters expected in GGA message.
23775;GSA;;;;;;;
23776;GSV;;;;;;;
23777;GSV;;;;;;;
23778;;;;;;;;NMEA message parser not found for GRM.
23779;RMC;12/26/2016 10:37:40 PM;49.2153208666667;16.5999672666667;;;;
23780;;;;;;;;NMEA message parser not found for RMB.
23781;;;;;;;;Failed to parse: GGA.. Meters expected in GGA message.
23782;GSA;;;;;;;
23783;GSV;;;;;;;
23784;GSV;;;;;;;
23785;;;;;;;;NMEA message parser not found for GRM.
23786;RMC;12/26/2016 10:37:41 PM;49.2153122833333;16.5999724166667;;;;
23787;;;;;;;;NMEA message parser not found for RMB.
23788;;;;;;;;Failed to parse: GGA.. Meters expected in GGA message.
23789;GSA;;;;;;;
23790;GSV;;;;;;;
23791;GSV;;;;;;;
23792;;;;;;;;NMEA message parser not found for GRM.
23793;RMC;12/26/2016 10:37:42 PM;49.2153037;16.5999775666667;;;;
23794;;;;;;;;NMEA message parser not found for RMB.
23795;;;;;;;;Failed to parse: GGA.. Meters expected in GGA message.
23796;GSA;;;;;;;
23797;GSV;;;;;;;
23798;GSV;;;;;;;
23799;;;;;;;;NMEA message parser not found for GRM.
23800;RMC;12/26/2016 10:37:43 PM;49.2152951166667;16.5999827;;;;
23801;;;;;;;;NMEA message parser not found for RMB.
23802;;;;;;;;Failed to parse: GGA.. Meters expected in GGA message.
23803;GSA;;;;;;;
23804;GSV;;;;;;;
23805;GSV;;;;;;;
23806;;;;;;;;NMEA message parser not found for GRM.
23807;RMC;12/26/2016 10:37:44 PM;49.2152865166667;16.59998785;;;;
23808;;;;;;;;NMEA message parser not found for RMB.
23809;;;;;;;;Failed to parse: GGA.. Meters expected in GGA message.
23810;GSA;;;;;;;
23811;GSV;;;;;;;
23812;GSV;;;;;;;
23813;;;;;;;;NMEA message parser not found for GRM.
23814;RMC;12/26/2016 10:37:45 PM;49.2152779333333;16.599993;;;;
23815;;;;;;;;NMEA message parser not found for RMB.
23816;;;;;;;;Failed to parse: GGA.. Meters expected in GGA message.
23817;GSA;;;;;;;
23818;GSV;;;;;;;
23819;GSV;;;;;;;
23820;;;;;;;;NMEA message parser not found for GRM.
23821;RMC;12/26/2016 10:37:46 PM;49.21526935;16.59999815;;;;
23822;;;;;;;;NMEA message parser not found for RMB.
23823;;;;;;;;Failed to parse: GGA.. Meters expected in GGA message.
23824;GSA;;;;;;;
23825;GSV;;;;;;;
23826;GSV;;;;;;;
23827;;;;;;;;NMEA message parser not found for GRM.
23828;RMC;12/26/2016 10:37:47 PM;49.2152607666667;16.6000032833333;;;;
23829;;;;;;;;NMEA message parser not found for RMB.
23830;;;;;;;;Failed to parse: GGA.. Meters expected in GGA message.
23831;GSA;;;;;;;
23832;GSV;;;;;;;
23833;GSV;;;;;;;
23834;;;;;;;;NMEA message parser not found for GRM.
23835;RMC;12/26/2016 10:37:48 PM;49.2152521833333;16.6000084333333;;;;
23836;;;;;;;;NMEA message parser not found for RMB.
23837;;;;;;;;Failed to parse: GGA.. Meters expected in GGA message.
23838;GSA;;;;;;;
23839;GSV;;;;;;;
23840;GSV;;;;;;;
23841;;;;;;;;NMEA message parser not found for GRM.
23842;RMC;12/26/2016 10:37:49 PM;49.2152436;16.6000135833333;;;;
23843;;;;;;;;NMEA message parser not found for RMB.
23844;;;;;;;;Failed to parse: GGA.. Meters expected in GGA message.
23845;GSA;;;;;;;
23846;GSV;;;;;;;
23847;GSV;;;;;;;
23848;;;;;;;;NMEA message parser not found for GRM.
23849;RMC;12/26/2016 10:37:50 PM;49.2152350166667;16.6000187333333;;;;
23850;;;;;;;;NMEA message parser not found for RMB.
23851;;;;;;;;Failed to parse: GGA.. Meters expected in GGA message.
23852;GSA;;;;;;;
23853;GSV;;;;;;;
23854;GSV;;;;;;;
23855;;;;;;;;NMEA message parser not found for GRM.
23856;RMC;12/26/2016 10:37:51 PM;49.2152264166667;16.6000238666667;;;;
23857;;;;;;;;NMEA message parser not found for RMB.
23858;;;;;;;;Failed to parse: GGA.. Meters expected in GGA message.
23859;GSA;;;;;;;
23860;GSV;;;;;;;
23861;GSV;;;;;;;
23862;;;;;;;;NMEA message parser not found for GRM.
23863;RMC;12/26/2016 10:37:52 PM;49.2152178333333;16.6000290166667;;;;
23864;;;;;;;;NMEA message parser not found for RMB.
23865;;;;;;;;Failed to parse: GGA.. Meters expected in GGA message.
23866;GSA;;;;;;;
23867;GSV;;;;;;;
23868;GSV;;;;;;;
23869;;;;;;;;NMEA message parser not found for GRM.
23870;RMC;12/26/2016 10:37:53 PM;49.21520925;16.6000341666667;;;;
23871;;;;;;;;NMEA message parser not found for RMB.
23872;;;;;;;;Failed to parse: GGA.. Meters expected in GGA message.
23873;GSA;;;;;;;
23874;GSV;;;;;;;
23875;GSV;;;;;;;
23876;;;;;;;;NMEA message parser not found for GRM.
23877;RMC;12/26/2016 10:37:54 PM;49.2152006666667;16.6000393166667;;;;
23878;;;;;;;;NMEA message parser not found for RMB.
23879;;;;;;;;Failed to parse: GGA.. Meters expected in GGA message.
23880;GSA;;;;;;;
23881;GSV;;;;;;;
23882;GSV;;;;;;;
23883;;;;;;;;NMEA message parser not found for GRM.
23884;RMC;12/26/2016 10:37:55 PM;49.2151920833333;16.6000444666667;;;;
23885;;;;;;;;NMEA message parser not found for RMB.
23886;;;;;;;;Failed to parse: GGA.. Meters expected in GGA message.
23887;GSA;;;;;;;
23888;GSV;;;;;;;
23889;GSV;;;;;;;
23890;;;;;;;;NMEA message parser not found for GRM.
23891;RMC;12/26/2016 10:37:56 PM;49.2151835;16.6000496;;;;
23892;;;;;;;;NMEA message parser not found for RMB.
23893;;;;;;;;Failed to parse: GGA.. Meters expected in GGA message.
23894;GSA;;;;;;;
23895;GSV;;;;;;;
23896;GSV;;;;;;;
23897;;;;;;;;NMEA message parser not found for GRM.
23898;RMC;12/26/2016 10:37:57 PM;49.2151749;16.60005475;;;;
23899;;;;;;;;NMEA message parser not found for RMB.
23900;;;;;;;;Failed to parse: GGA.. Meters expected in GGA message.
23901;GSA;;;;;;;
23902;GSV;;;;;;;
23903;GSV;;;;;;;
23904;;;;;;;;NMEA message parser not found for GRM.
23905;RMC;12/26/2016 10:37:58 PM;49.2151663166667;16.6000599;;;;
23906;;;;;;;;NMEA message parser not found for RMB.
23907;;;;;;;;Failed to parse: GGA.. Meters expected in GGA message.
23908;GSA;;;;;;;
23909;GSV;;;;;;;
23910;GSV;;;;;;;
23911;;;;;;;;NMEA message parser not found for GRM.
23912;RMC;12/26/2016 10:37:59 PM;49.2151577333333;16.60006505;;;;
23913;;;;;;;;NMEA message parser not found for RMB.
23914;;;;;;;;Failed to parse: GGA.. Meters expected in GGA message.
23915;GSA;;;;;;;
23916;GSV;;;;;;;
23917;GSV;;;;;;;
23918;;;;;;;;NMEA message parser not found for GRM.
23919;RMC;12/26/2016 10:38:00 PM;49.21514915;16.6000701833333;;;;
23920;;;;;;;;NMEA message parser not found for RMB.
23921;;;;;;;;Failed to parse: GGA.. Meters expected in GGA message.
23922;GSA;;;;;;;
23923;GSV;;;;;;;
23924;GSV;;;;;;;
23925;;;;;;;;NMEA message parser not found for GRM.
23926;RMC;12/26/2016 10:38:01 PM;49.2151405666667;16.6000753333333;;;;
23927;;;;;;;;NMEA message parser not found for RMB.
23928;;;;;;;;Failed to parse: GGA.. Meters expected in GGA message.
23929;GSA;;;;;;;
23930;GSV;;;;;;;
23931;GSV;;;;;;;
23932;;;;;;;;NMEA message parser not found for GRM.
23933;RMC;12/26/2016 10:38:02 PM;49.2151319833333;16.6000804833333;;;;
23934;;;;;;;;NMEA message parser not found for RMB.
23935;;;;;;;;Failed to parse: GGA.. Meters expected in GGA message.
23936;GSA;;;;;;;
23937;GSV;;;;;;;
23938;GSV;;;;;;;
23939;;;;;;;;NMEA message parser not found for GRM.
23940;RMC;12/26/2016 10:38:03 PM;49.2151234;16.6000856333333;;;;
23941;;;;;;;;NMEA message parser not found for RMB.
23942;;;;;;;;Failed to parse: GGA.. Meters expected in GGA message.
23943;GSA;;;;;;;
23944;GSV;;;;;;;
23945;GSV;;;;;;;
23946;;;;;;;;NMEA message parser not found for GRM.
23947;RMC;12/26/2016 10:38:04 PM;49.2151148;16.6000907666667;;;;
23948;;;;;;;;NMEA message parser not found for RMB.
23949;;;;;;;;Failed to parse: GGA.. Meters expected in GGA message.
23950;GSA;;;;;;;
23951;GSV;;;;;;;
23952;GSV;;;;;;;
23953;;;;;;;;NMEA message parser not found for GRM.
23954;RMC;12/26/2016 10:38:05 PM;49.2151062166667;16.6000959166667;;;;
23955;;;;;;;;NMEA message parser not found for RMB.
23956;;;;;;;;Failed to parse: GGA.. Meters expected in GGA message.
23957;GSA;;;;;;;
23958;GSV;;;;;;;
23959;GSV;;;;;;;
23960;;;;;;;;NMEA message parser not found for GRM.
23961;RMC;12/26/2016 10:38:06 PM;49.2150976333333;16.6001010666667;;;;
23962;;;;;;;;NMEA message parser not found for RMB.
23963;;;;;;;;Failed to parse: GGA.. Meters expected in GGA message.
23964;GSA;;;;;;;
23965;GSV;;;;;;;
23966;GSV;;;;;;;
23967;;;;;;;;NMEA message parser not found for GRM.
23968;RMC;12/26/2016 10:38:07 PM;49.21508905;16.6001062166667;;;;
23969;;;;;;;;NMEA message parser not found for RMB.
23970;;;;;;;;Failed to parse: GGA.. Meters expected in GGA message.
23971;GSA;;;;;;;
23972;GSV;;;;;;;
23973;GSV;;;;;;;
23974;;;;;;;;NMEA message parser not found for GRM.
23975;RMC;12/26/2016 10:38:08 PM;49.2150804666667;16.6001113666667;;;;
23976;;;;;;;;NMEA message parser not found for RMB.
23977;;;;;;;;Failed to parse: GGA.. Meters expected in GGA message.
23978;GSA;;;;;;;
23979;GSV;;;;;;;
23980;GSV;;;;;;;
23981;;;;;;;;NMEA message parser not found for GRM.
23982;RMC;12/26/2016 10:38:09 PM;49.2150718833333;16.6001165;;;;
23983;;;;;;;;NMEA message parser not found for RMB.
23984;;;;;;;;Failed to parse: GGA.. Meters expected in GGA message.
23985;GSA;;;;;;;
23986;GSV;;;;;;;
23987;GSV;;;;;;;
23988;;;;;;;;NMEA message parser not found for GRM.
23989;RMC;12/26/2016 10:38:10 PM;49.2150632833333;16.60012165;;;;
23990;;;;;;;;NMEA message parser not found for RMB.
23991;;;;;;;;Failed to parse: GGA.. Meters expected in GGA message.
23992;GSA;;;;;;;
23993;GSV;;;;;;;
23994;GSV;;;;;;;
23995;;;;;;;;NMEA message parser not found for GRM.
23996;RMC;12/26/2016 10:38:11 PM;49.2150547;16.6001268;;;;
23997;;;;;;;;NMEA message parser not found for RMB.
23998;;;;;;;;Failed to parse: GGA.. Meters expected in GGA message.
23999;GSA;;;;;;;
24000;GSV;;;;;;;
24001;GSV;;;;;;;
24002;;;;;;;;NMEA message parser not found for GRM.
24003;RMC;12/26/2016 10:38:12 PM;49.2150461166667;16.60013195;;;;
24004;;;;;;;;NMEA message parser not found for RMB.
24005;;;;;;;;Failed to parse: GGA.. Meters expected in GGA message.
24006;GSA;;;;;;;
24007;GSV;;;;;;;
24008;GSV;;;;;;;
24009;;;;;;;;NMEA message parser not found for GRM.
24010;RMC;12/26/2016 10:38:13 PM;49.2150375333333;16.6001370833333;;;;
24011;;;;;;;;NMEA message parser not found for RMB.
24012;;;;;;;;Failed to parse: GGA.. Meters expected in GGA message.
24013;GSA;;;;;;;
24014;GSV;;;;;;;
24015;GSV;;;;;;;
24016;;;;;;;;NMEA message parser not found for GRM.
24017;RMC;12/26/2016 10:38:14 PM;49.21502895;16.6001422333333;;;;
24018;;;;;;;;NMEA message parser not found for RMB.
24019;;;;;;;;Failed to parse: GGA.. Meters expected in GGA message.
24020;GSA;;;;;;;
24021;GSV;;;;;;;
24022;GSV;;;;;;;
24023;;;;;;;;NMEA message parser not found for GRM.
24024;RMC;12/26/2016 10:38:15 PM;49.21502035;16.6001473666667;;;;
24025;;;;;;;;NMEA message parser not found for RMB.
24026;;;;;;;;Failed to parse: GGA.. Meters expected in GGA message.
24027;GSA;;;;;;;
24028;GSV;;;;;;;
24029;GSV;;;;;;;
24030;;;;;;;;NMEA message parser not found for GRM.
24031;RMC;12/26/2016 10:38:16 PM;49.2150115833333;16.6001522;;;;
24032;;;;;;;;NMEA message parser not found for RMB.
24033;;;;;;;;Failed to parse: GGA.. Meters expected in GGA message.
24034;GSA;;;;;;;
24035;GSV;;;;;;;
24036;GSV;;;;;;;
24037;;;;;;;;NMEA message parser not found for GRM.
24038;RMC;12/26/2016 10:38:17 PM;49.2150028333333;16.6001570333333;;;;
24039;;;;;;;;NMEA message parser not found for RMB.
24040;;;;;;;;Failed to parse: GGA.. Meters expected in GGA message.
24041;GSA;;;;;;;
24042;GSV;;;;;;;
24043;GSV;;;;;;;
24044;;;;;;;;NMEA message parser not found for GRM.
24045;RMC;12/26/2016 10:38:18 PM;49.2149940666667;16.6001618833333;;;;
24046;;;;;;;;NMEA message parser not found for RMB.
24047;;;;;;;;Failed to parse: GGA.. Meters expected in GGA message.
24048;GSA;;;;;;;
24049;GSV;;;;;;;
24050;GSV;;;;;;;
24051;;;;;;;;NMEA message parser not found for GRM.
24052;RMC;12/26/2016 10:38:19 PM;49.2149853;16.6001667166667;;;;
24053;;;;;;;;NMEA message parser not found for RMB.
24054;;;;;;;;Failed to parse: GGA.. Meters expected in GGA message.
24055;GSA;;;;;;;
24056;GSV;;;;;;;
24057;GSV;;;;;;;
24058;;;;;;;;NMEA message parser not found for GRM.
24059;RMC;12/26/2016 10:38:20 PM;49.2149765333333;16.6001715666667;;;;
24060;;;;;;;;NMEA message parser not found for RMB.
24061;;;;;;;;Failed to parse: GGA.. Meters expected in GGA message.
24062;GSA;;;;;;;
24063;GSV;;;;;;;
24064;GSV;;;;;;;
24065;;;;;;;;NMEA message parser not found for GRM.
24066;RMC;12/26/2016 10:38:21 PM;49.2149677833333;16.6001764;;;;
24067;;;;;;;;NMEA message parser not found for RMB.
24068;;;;;;;;Failed to parse: GGA.. Meters expected in GGA message.
24069;GSA;;;;;;;
24070;GSV;;;;;;;
24071;GSV;;;;;;;
24072;;;;;;;;NMEA message parser not found for GRM.
24073;RMC;12/26/2016 10:38:22 PM;49.2149590166667;16.60018125;;;;
24074;;;;;;;;NMEA message parser not found for RMB.
24075;;;;;;;;Failed to parse: GGA.. Meters expected in GGA message.
24076;GSA;;;;;;;
24077;GSV;;;;;;;
24078;GSV;;;;;;;
24079;;;;;;;;NMEA message parser not found for GRM.
24080;RMC;12/26/2016 10:38:23 PM;49.21495025;16.6001860833333;;;;
24081;;;;;;;;NMEA message parser not found for RMB.
24082;;;;;;;;Failed to parse: GGA.. Meters expected in GGA message.
24083;GSA;;;;;;;
24084;GSV;;;;;;;
24085;GSV;;;;;;;
24086;;;;;;;;NMEA message parser not found for GRM.
24087;RMC;12/26/2016 10:38:24 PM;49.2149415;16.6001909333333;;;;
24088;;;;;;;;NMEA message parser not found for RMB.
24089;;;;;;;;Failed to parse: GGA.. Meters expected in GGA message.
24090;GSA;;;;;;;
24091;GSV;;;;;;;
24092;GSV;;;;;;;
24093;;;;;;;;NMEA message parser not found for GRM.
24094;RMC;12/26/2016 10:38:25 PM;49.2149327333333;16.6001957666667;;;;
24095;;;;;;;;NMEA message parser not found for RMB.
24096;;;;;;;;Failed to parse: GGA.. Meters expected in GGA message.
24097;GSA;;;;;;;
24098;GSV;;;;;;;
24099;GSV;;;;;;;
24100;;;;;;;;NMEA message parser not found for GRM.
24101;RMC;12/26/2016 10:38:26 PM;49.2149239666667;16.6002006;;;;
24102;;;;;;;;NMEA message parser not found for RMB.
24103;;;;;;;;Failed to parse: GGA.. Meters expected in GGA message.
24104;GSA;;;;;;;
24105;GSV;;;;;;;
24106;GSV;;;;;;;
24107;;;;;;;;NMEA message parser not found for GRM.
24108;RMC;12/26/2016 10:38:27 PM;49.2149152;16.60020545;;;;
24109;;;;;;;;NMEA message parser not found for RMB.
24110;;;;;;;;Failed to parse: GGA.. Meters expected in GGA message.
24111;GSA;;;;;;;
24112;GSV;;;;;;;
24113;GSV;;;;;;;
24114;;;;;;;;NMEA message parser not found for GRM.
24115;RMC;12/26/2016 10:38:28 PM;49.21490645;16.6002102833333;;;;
24116;;;;;;;;NMEA message parser not found for RMB.
24117;;;;;;;;Failed to parse: GGA.. Meters expected in GGA message.
24118;GSA;;;;;;;
24119;GSV;;;;;;;
24120;GSV;;;;;;;
24121;;;;;;;;NMEA message parser not found for GRM.
24122;RMC;12/26/2016 10:38:29 PM;49.2148976833333;16.6002151333333;;;;
24123;;;;;;;;NMEA message parser not found for RMB.
24124;;;;;;;;Failed to parse: GGA.. Meters expected in GGA message.
24125;GSA;;;;;;;
24126;GSV;;;;;;;
24127;GSV;;;;;;;
24128;;;;;;;;NMEA message parser not found for GRM.
24129;RMC;12/26/2016 10:38:30 PM;49.2148889166667;16.6002199666667;;;;
24130;;;;;;;;NMEA message parser not found for RMB.
24131;;;;;;;;Failed to parse: GGA.. Meters expected in GGA message.
24132;GSA;;;;;;;
24133;GSV;;;;;;;
24134;GSV;;;;;;;
24135;;;;;;;;NMEA message parser not found for GRM.
24136;RMC;12/26/2016 10:38:31 PM;49.2148801666667;16.6002248166667;;;;
24137;;;;;;;;NMEA message parser not found for RMB.
24138;;;;;;;;Failed to parse: GGA.. Meters expected in GGA message.
24139;GSA;;;;;;;
24140;GSV;;;;;;;
24141;GSV;;;;;;;
24142;;;;;;;;NMEA message parser not found for GRM.
24143;RMC;12/26/2016 10:38:32 PM;49.2148714;16.60022965;;;;
24144;;;;;;;;NMEA message parser not found for RMB.
24145;;;;;;;;Failed to parse: GGA.. Meters expected in GGA message.
24146;GSA;;;;;;;
24147;GSV;;;;;;;
24148;GSV;;;;;;;
24149;;;;;;;;NMEA message parser not found for GRM.
24150;RMC;12/26/2016 10:38:33 PM;49.2148626333333;16.6002344833333;;;;
24151;;;;;;;;NMEA message parser not found for RMB.
24152;;;;;;;;Failed to parse: GGA.. Meters expected in GGA message.
24153;GSA;;;;;;;
24154;GSV;;;;;;;
24155;GSV;;;;;;;
24156;;;;;;;;NMEA message parser not found for GRM.
24157;RMC;12/26/2016 10:38:34 PM;49.2148538833333;16.6002393333333;;;;
24158;;;;;;;;NMEA message parser not found for RMB.
24159;;;;;;;;Failed to parse: GGA.. Meters expected in GGA message.
24160;GSA;;;;;;;
24161;GSV;;;;;;;
24162;GSV;;;;;;;
24163;;;;;;;;NMEA message parser not found for GRM.
24164;RMC;12/26/2016 10:38:35 PM;49.2148451166667;16.6002441666667;;;;
24165;;;;;;;;NMEA message parser not found for RMB.
24166;;;;;;;;Failed to parse: GGA.. Meters expected in GGA message.
24167;GSA;;;;;;;
24168;GSV;;;;;;;
24169;GSV;;;;;;;
24170;;;;;;;;NMEA message parser not found for GRM.
24171;RMC;12/26/2016 10:38:36 PM;49.21483635;16.6002490166667;;;;
24172;;;;;;;;NMEA message parser not found for RMB.
24173;;;;;;;;Failed to parse: GGA.. Meters expected in GGA message.
24174;GSA;;;;;;;
24175;GSV;;;;;;;
24176;GSV;;;;;;;
24177;;;;;;;;NMEA message parser not found for GRM.
24178;RMC;12/26/2016 10:38:37 PM;49.2148275833333;16.60025385;;;;
24179;;;;;;;;NMEA message parser not found for RMB.
24180;;;;;;;;Failed to parse: GGA.. Meters expected in GGA message.
24181;GSA;;;;;;;
24182;GSV;;;;;;;
24183;GSV;;;;;;;
24184;;;;;;;;NMEA message parser not found for GRM.
24185;RMC;12/26/2016 10:38:38 PM;49.2148188333333;16.6002587;;;;
24186;;;;;;;;NMEA message parser not found for RMB.
24187;;;;;;;;Failed to parse: GGA.. Meters expected in GGA message.
24188;GSA;;;;;;;
24189;GSV;;;;;;;
24190;GSV;;;;;;;
24191;;;;;;;;NMEA message parser not found for GRM.
24192;RMC;12/26/2016 10:38:39 PM;49.2148100666667;16.6002635333333;;;;
24193;;;;;;;;NMEA message parser not found for RMB.
24194;;;;;;;;Failed to parse: GGA.. Meters expected in GGA message.
24195;GSA;;;;;;;
24196;GSV;;;;;;;
24197;GSV;;;;;;;
24198;;;;;;;;NMEA message parser not found for GRM.
24199;RMC;12/26/2016 10:38:40 PM;49.2148013;16.6002683833333;;;;
24200;;;;;;;;NMEA message parser not found for RMB.
24201;;;;;;;;Failed to parse: GGA.. Meters expected in GGA message.
24202;GSA;;;;;;;
24203;GSV;;;;;;;
24204;GSV;;;;;;;
24205;;;;;;;;NMEA message parser not found for GRM.
24206;RMC;12/26/2016 10:38:41 PM;49.21479255;16.6002732166667;;;;
24207;;;;;;;;NMEA message parser not found for RMB.
24208;;;;;;;;Failed to parse: GGA.. Meters expected in GGA message.
24209;GSA;;;;;;;
24210;GSV;;;;;;;
24211;GSV;;;;;;;
24212;;;;;;;;NMEA message parser not found for GRM.
24213;RMC;12/26/2016 10:38:42 PM;49.2147837833333;16.60027805;;;;
24214;;;;;;;;NMEA message parser not found for RMB.
24215;;;;;;;;Failed to parse: GGA.. Meters expected in GGA message.
24216;GSA;;;;;;;
24217;GSV;;;;;;;
24218;GSV;;;;;;;
24219;;;;;;;;NMEA message parser not found for GRM.
24220;RMC;12/26/2016 10:38:43 PM;49.2147750166667;16.6002829;;;;
24221;;;;;;;;NMEA message parser not found for RMB.
24222;;;;;;;;Failed to parse: GGA.. Meters expected in GGA message.
24223;GSA;;;;;;;
24224;GSV;;;;;;;
24225;GSV;;;;;;;
24226;;;;;;;;NMEA message parser not found for GRM.
24227;RMC;12/26/2016 10:38:44 PM;49.21476625;16.6002877333333;;;;
24228;;;;;;;;NMEA message parser not found for RMB.
24229;;;;;;;;Failed to parse: GGA.. Meters expected in GGA message.
24230;GSA;;;;;;;
24231;GSV;;;;;;;
24232;GSV;;;;;;;
24233;;;;;;;;NMEA message parser not found for GRM.
24234;RMC;12/26/2016 10:38:45 PM;49.2147575;16.6002925833333;;;;
24235;;;;;;;;NMEA message parser not found for RMB.
24236;;;;;;;;Failed to parse: GGA.. Meters expected in GGA message.
24237;GSA;;;;;;;
24238;GSV;;;;;;;
24239;GSV;;;;;;;
24240;;;;;;;;NMEA message parser not found for GRM.
24241;RMC;12/26/2016 10:38:46 PM;49.2147487333333;16.6002974166667;;;;
24242;;;;;;;;NMEA message parser not found for RMB.
24243;;;;;;;;Failed to parse: GGA.. Meters expected in GGA message.
24244;GSA;;;;;;;
24245;GSV;;;;;;;
24246;GSV;;;;;;;
24247;;;;;;;;NMEA message parser not found for GRM.
24248;RMC;12/26/2016 10:38:47 PM;49.2147399666667;16.6003022666667;;;;
24249;;;;;;;;NMEA message parser not found for RMB.
24250;;;;;;;;Failed to parse: GGA.. Meters expected in GGA message.
24251;GSA;;;;;;;
24252;GSV;;;;;;;
24253;GSV;;;;;;;
24254;;;;;;;;NMEA message parser not found for GRM.
24255;RMC;12/26/2016 10:38:48 PM;49.2147312166667;16.6003071;;;;
24256;;;;;;;;NMEA message parser not found for RMB.
24257;;;;;;;;Failed to parse: GGA.. Meters expected in GGA message.
24258;GSA;;;;;;;
24259;GSV;;;;;;;
24260;GSV;;;;;;;
24261;;;;;;;;NMEA message parser not found for GRM.
24262;RMC;12/26/2016 10:38:49 PM;49.21472245;16.60031195;;;;
24263;;;;;;;;NMEA message parser not found for RMB.
24264;;;;;;;;Failed to parse: GGA.. Meters expected in GGA message.
24265;GSA;;;;;;;
24266;GSV;;;;;;;
24267;GSV;;;;;;;
24268;;;;;;;;NMEA message parser not found for GRM.
24269;RMC;12/26/2016 10:38:50 PM;49.2147136833333;16.6003167833333;;;;
24270;;;;;;;;NMEA message parser not found for RMB.
24271;;;;;;;;Failed to parse: GGA.. Meters expected in GGA message.
24272;GSA;;;;;;;
24273;GSV;;;;;;;
24274;GSV;;;;;;;
24275;;;;;;;;NMEA message parser not found for GRM.
24276;RMC;12/26/2016 10:38:51 PM;49.2147049333333;16.6003216166667;;;;
24277;;;;;;;;NMEA message parser not found for RMB.
24278;;;;;;;;Failed to parse: GGA.. Meters expected in GGA message.
24279;GSA;;;;;;;
24280;GSV;;;;;;;
24281;GSV;;;;;;;
24282;;;;;;;;NMEA message parser not found for GRM.
24283;RMC;12/26/2016 10:38:52 PM;49.2146961666667;16.6003264666667;;;;
24284;;;;;;;;NMEA message parser not found for RMB.
24285;;;;;;;;Failed to parse: GGA.. Meters expected in GGA message.
24286;GSA;;;;;;;
24287;GSV;;;;;;;
24288;GSV;;;;;;;
24289;;;;;;;;NMEA message parser not found for GRM.
24290;RMC;12/26/2016 10:38:53 PM;49.2146874;16.6003313;;;;
24291;;;;;;;;NMEA message parser not found for RMB.
24292;;;;;;;;Failed to parse: GGA.. Meters expected in GGA message.
24293;GSA;;;;;;;
24294;GSV;;;;;;;
24295;GSV;;;;;;;
24296;;;;;;;;NMEA message parser not found for GRM.
24297;RMC;12/26/2016 10:38:54 PM;49.2146786333333;16.60033615;;;;
24298;;;;;;;;NMEA message parser not found for RMB.
24299;;;;;;;;Failed to parse: GGA.. Meters expected in GGA message.
24300;GSA;;;;;;;
24301;GSV;;;;;;;
24302;GSV;;;;;;;
24303;;;;;;;;NMEA message parser not found for GRM.
24304;RMC;12/26/2016 10:38:55 PM;49.2146698833333;16.6003409833333;;;;
24305;;;;;;;;NMEA message parser not found for RMB.
24306;;;;;;;;Failed to parse: GGA.. Meters expected in GGA message.
24307;GSA;;;;;;;
24308;GSV;;;;;;;
24309;GSV;;;;;;;
24310;;;;;;;;NMEA message parser not found for GRM.
24311;RMC;12/26/2016 10:38:56 PM;49.2146611166667;16.6003458333333;;;;
24312;;;;;;;;NMEA message parser not found for RMB.
24313;;;;;;;;Failed to parse: GGA.. Meters expected in GGA message.
24314;GSA;;;;;;;
24315;GSV;;;;;;;
24316;GSV;;;;;;;
24317;;;;;;;;NMEA message parser not found for GRM.
24318;RMC;12/26/2016 10:38:57 PM;49.21465235;16.6003506666667;;;;
24319;;;;;;;;NMEA message parser not found for RMB.
24320;;;;;;;;Failed to parse: GGA.. Meters expected in GGA message.
24321;GSA;;;;;;;
24322;GSV;;;;;;;
24323;GSV;;;;;;;
24324;;;;;;;;NMEA message parser not found for GRM.
24325;RMC;12/26/2016 10:38:58 PM;49.2146436;16.6003555;;;;
24326;;;;;;;;NMEA message parser not found for RMB.
24327;;;;;;;;Failed to parse: GGA.. Meters expected in GGA message.
24328;GSA;;;;;;;
24329;GSV;;;;;;;
24330;GSV;;;;;;;
24331;;;;;;;;NMEA message parser not found for GRM.
24332;RMC;12/26/2016 10:38:59 PM;49.2146348333333;16.60036035;;;;
24333;;;;;;;;NMEA message parser not found for RMB.
24334;;;;;;;;Failed to parse: GGA.. Meters expected in GGA message.
24335;GSA;;;;;;;
24336;GSV;;;;;;;
24337;GSV;;;;;;;
24338;;;;;;;;NMEA message parser not found for GRM.
24339;RMC;12/26/2016 10:39:00 PM;49.2146260666667;16.6003651833333;;;;
24340;;;;;;;;NMEA message parser not found for RMB.
24341;;;;;;;;Failed to parse: GGA.. Meters expected in GGA message.
24342;GSA;;;;;;;
24343;GSV;;;;;;;
24344;GSV;;;;;;;
24345;;;;;;;;NMEA message parser not found for GRM.
24346;RMC;12/26/2016 10:39:01 PM;49.2146173;16.6003700333333;;;;
24347;;;;;;;;NMEA message parser not found for RMB.
24348;;;;;;;;Failed to parse: GGA.. Meters expected in GGA message.
24349;GSA;;;;;;;
24350;GSV;;;;;;;
24351;GSV;;;;;;;
24352;;;;;;;;NMEA message parser not found for GRM.
24353;RMC;12/26/2016 10:39:02 PM;49.21460855;16.6003748666667;;;;
24354;;;;;;;;NMEA message parser not found for RMB.
24355;;;;;;;;Failed to parse: GGA.. Meters expected in GGA message.
24356;GSA;;;;;;;
24357;GSV;;;;;;;
24358;GSV;;;;;;;
24359;;;;;;;;NMEA message parser not found for GRM.
24360;RMC;12/26/2016 10:39:03 PM;49.2145997833333;16.6003797166667;;;;
24361;;;;;;;;NMEA message parser not found for RMB.
24362;;;;;;;;Failed to parse: GGA.. Meters expected in GGA message.
24363;GSA;;;;;;;
24364;GSV;;;;;;;
24365;GSV;;;;;;;
24366;;;;;;;;NMEA message parser not found for GRM.
24367;RMC;12/26/2016 10:39:04 PM;49.2145910166667;16.60038455;;;;
24368;;;;;;;;NMEA message parser not found for RMB.
24369;;;;;;;;Failed to parse: GGA.. Meters expected in GGA message.
24370;GSA;;;;;;;
24371;GSV;;;;;;;
24372;GSV;;;;;;;
24373;;;;;;;;NMEA message parser not found for GRM.
24374;RMC;12/26/2016 10:39:05 PM;49.2145822666667;16.6003894;;;;
24375;;;;;;;;NMEA message parser not found for RMB.
24376;;;;;;;;Failed to parse: GGA.. Meters expected in GGA message.
24377;GSA;;;;;;;
24378;GSV;;;;;;;
24379;GSV;;;;;;;
24380;;;;;;;;NMEA message parser not found for GRM.
24381;RMC;12/26/2016 10:39:06 PM;49.2145735;16.6003942333333;;;;
24382;;;;;;;;NMEA message parser not found for RMB.
24383;;;;;;;;Failed to parse: GGA.. Meters expected in GGA message.
24384;GSA;;;;;;;
24385;GSV;;;;;;;
24386;GSV;;;;;;;
24387;;;;;;;;NMEA message parser not found for GRM.
24388;RMC;12/26/2016 10:39:07 PM;49.2145647333333;16.6003990666667;;;;
24389;;;;;;;;NMEA message parser not found for RMB.
24390;;;;;;;;Failed to parse: GGA.. Meters expected in GGA message.
24391;GSA;;;;;;;
24392;GSV;;;;;;;
24393;GSV;;;;;;;
24394;;;;;;;;NMEA message parser not found for GRM.
24395;RMC;12/26/2016 10:39:08 PM;49.2145559833333;16.6004039166667;;;;
24396;;;;;;;;NMEA message parser not found for RMB.
24397;;;;;;;;Failed to parse: GGA.. Meters expected in GGA message.
24398;GSA;;;;;;;
24399;GSV;;;;;;;
24400;GSV;;;;;;;
24401;;;;;;;;NMEA message parser not found for GRM.
24402;RMC;12/26/2016 10:39:09 PM;49.2145472166667;16.60040875;;;;
24403;;;;;;;;NMEA message parser not found for RMB.
24404;;;;;;;;Failed to parse: GGA.. Meters expected in GGA message.
24405;GSA;;;;;;;
24406;GSV;;;;;;;
24407;GSV;;;;;;;
24408;;;;;;;;NMEA message parser not found for GRM.
24409;RMC;12/26/2016 10:39:10 PM;49.21453845;16.6004136;;;;
24410;;;;;;;;NMEA message parser not found for RMB.
24411;;;;;;;;Failed to parse: GGA.. Meters expected in GGA message.
24412;GSA;;;;;;;
24413;GSV;;;;;;;
24414;GSV;;;;;;;
24415;;;;;;;;NMEA message parser not found for GRM.
24416;RMC;12/26/2016 10:39:11 PM;49.2145296833333;16.6004184333333;;;;
24417;;;;;;;;NMEA message parser not found for RMB.
24418;;;;;;;;Failed to parse: GGA.. Meters expected in GGA message.
24419;GSA;;;;;;;
24420;GSV;;;;;;;
24421;GSV;;;;;;;
24422;;;;;;;;NMEA message parser not found for GRM.
24423;RMC;12/26/2016 10:39:12 PM;49.2145209333333;16.6004232833333;;;;
24424;;;;;;;;NMEA message parser not found for RMB.
24425;;;;;;;;Failed to parse: GGA.. Meters expected in GGA message.
24426;GSA;;;;;;;
24427;GSV;;;;;;;
24428;GSV;;;;;;;
24429;;;;;;;;NMEA message parser not found for GRM.
24430;RMC;12/26/2016 10:39:13 PM;49.2145121833333;16.60042815;;;;
24431;;;;;;;;NMEA message parser not found for RMB.
24432;;;;;;;;Failed to parse: GGA.. Meters expected in GGA message.
24433;GSA;;;;;;;
24434;GSV;;;;;;;
24435;GSV;;;;;;;
24436;;;;;;;;NMEA message parser not found for GRM.
24437;RMC;12/26/2016 10:39:14 PM;49.2145034666667;16.6004330666667;;;;
24438;;;;;;;;NMEA message parser not found for RMB.
24439;;;;;;;;Failed to parse: GGA.. Meters expected in GGA message.
24440;GSA;;;;;;;
24441;GSV;;;;;;;
24442;GSV;;;;;;;
24443;;;;;;;;NMEA message parser not found for GRM.
24444;RMC;12/26/2016 10:39:15 PM;49.21449475;16.6004379833333;;;;
24445;;;;;;;;NMEA message parser not found for RMB.
24446;;;;;;;;Failed to parse: GGA.. Meters expected in GGA message.
24447;GSA;;;;;;;
24448;GSV;;;;;;;
24449;GSV;;;;;;;
24450;;;;;;;;NMEA message parser not found for GRM.
24451;RMC;12/26/2016 10:39:16 PM;49.2144860333333;16.6004429166667;;;;
24452;;;;;;;;NMEA message parser not found for RMB.
24453;;;;;;;;Failed to parse: GGA.. Meters expected in GGA message.
24454;GSA;;;;;;;
24455;GSV;;;;;;;
24456;GSV;;;;;;;
24457;;;;;;;;NMEA message parser not found for GRM.
24458;RMC;12/26/2016 10:39:17 PM;49.2144773166667;16.6004478333333;;;;
24459;;;;;;;;NMEA message parser not found for RMB.
24460;;;;;;;;Failed to parse: GGA.. Meters expected in GGA message.
24461;GSA;;;;;;;
24462;GSV;;;;;;;
24463;GSV;;;;;;;
24464;;;;;;;;NMEA message parser not found for GRM.
24465;RMC;12/26/2016 10:39:18 PM;49.2144686;16.60045275;;;;
24466;;;;;;;;NMEA message parser not found for RMB.
24467;;;;;;;;Failed to parse: GGA.. Meters expected in GGA message.
24468;GSA;;;;;;;
24469;GSV;;;;;;;
24470;GSV;;;;;;;
24471;;;;;;;;NMEA message parser not found for GRM.
24472;RMC;12/26/2016 10:39:19 PM;49.2144598833333;16.6004576666667;;;;
24473;;;;;;;;NMEA message parser not found for RMB.
24474;;;;;;;;Failed to parse: GGA.. Meters expected in GGA message.
24475;GSA;;;;;;;
24476;GSV;;;;;;;
24477;GSV;;;;;;;
24478;;;;;;;;NMEA message parser not found for GRM.
24479;RMC;12/26/2016 10:39:20 PM;49.2144511666667;16.6004625833333;;;;
24480;;;;;;;;NMEA message parser not found for RMB.
24481;;;;;;;;Failed to parse: GGA.. Meters expected in GGA message.
24482;GSA;;;;;;;
24483;GSV;;;;;;;
24484;GSV;;;;;;;
24485;;;;;;;;NMEA message parser not found for GRM.
24486;RMC;12/26/2016 10:39:21 PM;49.21444245;16.6004675166667;;;;
24487;;;;;;;;NMEA message parser not found for RMB.
24488;;;;;;;;Failed to parse: GGA.. Meters expected in GGA message.
24489;GSA;;;;;;;
24490;GSV;;;;;;;
24491;GSV;;;;;;;
24492;;;;;;;;NMEA message parser not found for GRM.
24493;RMC;12/26/2016 10:39:22 PM;49.2144337333333;16.6004724333333;;;;
24494;;;;;;;;NMEA message parser not found for RMB.
24495;;;;;;;;Failed to parse: GGA.. Meters expected in GGA message.
24496;GSA;;;;;;;
24497;GSV;;;;;;;
24498;GSV;;;;;;;
24499;;;;;;;;NMEA message parser not found for GRM.
24500;RMC;12/26/2016 10:39:23 PM;49.2144250166667;16.60047735;;;;
24501;;;;;;;;NMEA message parser not found for RMB.
24502;;;;;;;;Failed to parse: GGA.. Meters expected in GGA message.
24503;GSA;;;;;;;
24504;GSV;;;;;;;
24505;GSV;;;;;;;
24506;;;;;;;;NMEA message parser not found for GRM.
24507;RMC;12/26/2016 10:39:24 PM;49.2144162833333;16.6004822666667;;;;
24508;;;;;;;;NMEA message parser not found for RMB.
24509;;;;;;;;Failed to parse: GGA.. Meters expected in GGA message.
24510;GSA;;;;;;;
24511;GSV;;;;;;;
24512;GSV;;;;;;;
24513;;;;;;;;NMEA message parser not found for GRM.
24514;RMC;12/26/2016 10:39:25 PM;49.2144075666667;16.6004871833333;;;;
24515;;;;;;;;NMEA message parser not found for RMB.
24516;;;;;;;;Failed to parse: GGA.. Meters expected in GGA message.
24517;GSA;;;;;;;
24518;GSV;;;;;;;
24519;GSV;;;;;;;
24520;;;;;;;;NMEA message parser not found for GRM.
24521;RMC;12/26/2016 10:39:26 PM;49.21439885;16.6004921;;;;
24522;;;;;;;;NMEA message parser not found for RMB.
24523;;;;;;;;Failed to parse: GGA.. Meters expected in GGA message.
24524;GSA;;;;;;;
24525;GSV;;;;;;;
24526;GSV;;;;;;;
24527;;;;;;;;NMEA message parser not found for GRM.
24528;RMC;12/26/2016 10:39:27 PM;49.2143901333333;16.6004970333333;;;;
24529;;;;;;;;NMEA message parser not found for RMB.
24530;;;;;;;;Failed to parse: GGA.. Meters expected in GGA message.
24531;GSA;;;;;;;
24532;GSV;;;;;;;
24533;GSV;;;;;;;
24534;;;;;;;;NMEA message parser not found for GRM.
24535;RMC;12/26/2016 10:39:28 PM;49.2143814166667;16.60050195;;;;
24536;;;;;;;;NMEA message parser not found for RMB.
24537;;;;;;;;Failed to parse: GGA.. Meters expected in GGA message.
24538;GSA;;;;;;;
24539;GSV;;;;;;;
24540;GSV;;;;;;;
24541;;;;;;;;NMEA message parser not found for GRM.
24542;RMC;12/26/2016 10:39:29 PM;49.2143727;16.6005068666667;;;;
24543;;;;;;;;NMEA message parser not found for RMB.
24544;;;;;;;;Failed to parse: GGA.. Meters expected in GGA message.
24545;GSA;;;;;;;
24546;GSV;;;;;;;
24547;GSV;;;;;;;
24548;;;;;;;;NMEA message parser not found for GRM.
24549;RMC;12/26/2016 10:39:30 PM;49.2143639833333;16.6005117833333;;;;
24550;;;;;;;;NMEA message parser not found for RMB.
24551;;;;;;;;Failed to parse: GGA.. Meters expected in GGA message.
24552;GSA;;;;;;;
24553;GSV;;;;;;;
24554;GSV;;;;;;;
24555;;;;;;;;NMEA message parser not found for GRM.
24556;RMC;12/26/2016 10:39:31 PM;49.2143552666667;16.6005167;;;;
24557;;;;;;;;NMEA message parser not found for RMB.
24558;;;;;;;;Failed to parse: GGA.. Meters expected in GGA message.
24559;GSA;;;;;;;
24560;GSV;;;;;;;
24561;GSV;;;;;;;
24562;;;;;;;;NMEA message parser not found for GRM.
24563;RMC;12/26/2016 10:39:32 PM;49.21434655;16.6005216166667;;;;
24564;;;;;;;;NMEA message parser not found for RMB.
24565;;;;;;;;Failed to parse: GGA.. Meters expected in GGA message.
24566;GSA;;;;;;;
24567;GSV;;;;;;;
24568;GSV;;;;;;;
24569;;;;;;;;NMEA message parser not found for GRM.
24570;RMC;12/26/2016 10:39:33 PM;49.2143378333333;16.60052655;;;;
24571;;;;;;;;NMEA message parser not found for RMB.
24572;;;;;;;;Failed to parse: GGA.. Meters expected in GGA message.
24573;GSA;;;;;;;
24574;GSV;;;;;;;
24575;GSV;;;;;;;
24576;;;;;;;;NMEA message parser not found for GRM.
24577;RMC;12/26/2016 10:39:34 PM;49.2143291166667;16.6005314666667;;;;
24578;;;;;;;;NMEA message parser not found for RMB.
24579;;;;;;;;Failed to parse: GGA.. Meters expected in GGA message.
24580;GSA;;;;;;;
24581;GSV;;;;;;;
24582;GSV;;;;;;;
24583;;;;;;;;NMEA message parser not found for GRM.
24584;RMC;12/26/2016 10:39:35 PM;49.2143204;16.6005363833333;;;;
24585;;;;;;;;NMEA message parser not found for RMB.
24586;;;;;;;;Failed to parse: GGA.. Meters expected in GGA message.
24587;GSA;;;;;;;
24588;GSV;;;;;;;
24589;GSV;;;;;;;
24590;;;;;;;;NMEA message parser not found for GRM.
24591;RMC;12/26/2016 10:39:36 PM;49.2143116833333;16.6005413;;;;
24592;;;;;;;;NMEA message parser not found for RMB.
24593;;;;;;;;Failed to parse: GGA.. Meters expected in GGA message.
24594;GSA;;;;;;;
24595;GSV;;;;;;;
24596;GSV;;;;;;;
24597;;;;;;;;NMEA message parser not found for GRM.
24598;RMC;12/26/2016 10:39:37 PM;49.2143029666667;16.6005462166667;;;;
24599;;;;;;;;NMEA message parser not found for RMB.
24600;;;;;;;;Failed to parse: GGA.. Meters expected in GGA message.
24601;GSA;;;;;;;
24602;GSV;;;;;;;
24603;GSV;;;;;;;
24604;;;;;;;;NMEA message parser not found for GRM.
24605;RMC;12/26/2016 10:39:38 PM;49.21429425;16.6005511333333;;;;
24606;;;;;;;;NMEA message parser not found for RMB.
24607;;;;;;;;Failed to parse: GGA.. Meters expected in GGA message.
24608;GSA;;;;;;;
24609;GSV;;;;;;;
24610;GSV;;;;;;;
24611;;;;;;;;NMEA message parser not found for GRM.
24612;RMC;12/26/2016 10:39:39 PM;49.2142855333333;16.6005560666667;;;;
24613;;;;;;;;NMEA message parser not found for RMB.
24614;;;;;;;;Failed to parse: GGA.. Meters expected in GGA message.
24615;GSA;;;;;;;
24616;GSV;;;;;;;
24617;GSV;;;;;;;
24618;;;;;;;;NMEA message parser not found for GRM.
24619;RMC;12/26/2016 10:39:40 PM;49.2142768166667;16.6005609833333;;;;
24620;;;;;;;;NMEA message parser not found for RMB.
24621;;;;;;;;Failed to parse: GGA.. Meters expected in GGA message.
24622;GSA;;;;;;;
24623;GSV;;;;;;;
24624;GSV;;;;;;;
24625;;;;;;;;NMEA message parser not found for GRM.
24626;RMC;12/26/2016 10:39:41 PM;49.2142680833333;16.6005659;;;;
24627;;;;;;;;NMEA message parser not found for RMB.
24628;;;;;;;;Failed to parse: GGA.. Meters expected in GGA message.
24629;GSA;;;;;;;
24630;GSV;;;;;;;
24631;GSV;;;;;;;
24632;;;;;;;;NMEA message parser not found for GRM.
24633;RMC;12/26/2016 10:39:42 PM;49.2142593666667;16.6005708166667;;;;
24634;;;;;;;;NMEA message parser not found for RMB.
24635;;;;;;;;Failed to parse: GGA.. Meters expected in GGA message.
24636;GSA;;;;;;;
24637;GSV;;;;;;;
24638;GSV;;;;;;;
24639;;;;;;;;NMEA message parser not found for GRM.
24640;RMC;12/26/2016 10:39:43 PM;49.21425065;16.6005757333333;;;;
24641;;;;;;;;NMEA message parser not found for RMB.
24642;;;;;;;;Failed to parse: GGA.. Meters expected in GGA message.
24643;GSA;;;;;;;
24644;GSV;;;;;;;
24645;GSV;;;;;;;
24646;;;;;;;;NMEA message parser not found for GRM.
24647;RMC;12/26/2016 10:39:44 PM;49.2142419333333;16.6005806666667;;;;
24648;;;;;;;;NMEA message parser not found for RMB.
24649;;;;;;;;Failed to parse: GGA.. Meters expected in GGA message.
24650;GSA;;;;;;;
24651;GSV;;;;;;;
24652;GSV;;;;;;;
24653;;;;;;;;NMEA message parser not found for GRM.
24654;RMC;12/26/2016 10:39:45 PM;49.2142332166667;16.6005855833333;;;;
24655;;;;;;;;NMEA message parser not found for RMB.
24656;;;;;;;;Failed to parse: GGA.. Meters expected in GGA message.
24657;GSA;;;;;;;
24658;GSV;;;;;;;
24659;GSV;;;;;;;
24660;;;;;;;;NMEA message parser not found for GRM.
24661;RMC;12/26/2016 10:39:46 PM;49.2142245;16.6005905;;;;
24662;;;;;;;;NMEA message parser not found for RMB.
24663;;;;;;;;Failed to parse: GGA.. Meters expected in GGA message.
24664;GSA;;;;;;;
24665;GSV;;;;;;;
24666;GSV;;;;;;;
24667;;;;;;;;NMEA message parser not found for GRM.
24668;RMC;12/26/2016 10:39:47 PM;49.2142157833333;16.6005954166667;;;;
24669;;;;;;;;NMEA message parser not found for RMB.
24670;;;;;;;;Failed to parse: GGA.. Meters expected in GGA message.
24671;GSA;;;;;;;
24672;GSV;;;;;;;
24673;GSV;;;;;;;
24674;;;;;;;;NMEA message parser not found for GRM.
24675;RMC;12/26/2016 10:39:48 PM;49.2142070666667;16.6006003333333;;;;
24676;;;;;;;;NMEA message parser not found for RMB.
24677;;;;;;;;Failed to parse: GGA.. Meters expected in GGA message.
24678;GSA;;;;;;;
24679;GSV;;;;;;;
24680;GSV;;;;;;;
24681;;;;;;;;NMEA message parser not found for GRM.
24682;RMC;12/26/2016 10:39:49 PM;49.21419835;16.60060525;;;;
24683;;;;;;;;NMEA message parser not found for RMB.
24684;;;;;;;;Failed to parse: GGA.. Meters expected in GGA message.
24685;GSA;;;;;;;
24686;GSV;;;;;;;
24687;GSV;;;;;;;
24688;;;;;;;;NMEA message parser not found for GRM.
24689;RMC;12/26/2016 10:39:50 PM;49.2141896333333;16.6006101833333;;;;
24690;;;;;;;;NMEA message parser not found for RMB.
24691;;;;;;;;Failed to parse: GGA.. Meters expected in GGA message.
24692;GSA;;;;;;;
24693;GSV;;;;;;;
24694;GSV;;;;;;;
24695;;;;;;;;NMEA message parser not found for GRM.
24696;RMC;12/26/2016 10:39:51 PM;49.2141809166667;16.6006151;;;;
24697;;;;;;;;NMEA message parser not found for RMB.
24698;;;;;;;;Failed to parse: GGA.. Meters expected in GGA message.
24699;GSA;;;;;;;
24700;GSV;;;;;;;
24701;GSV;;;;;;;
24702;;;;;;;;NMEA message parser not found for GRM.
24703;RMC;12/26/2016 10:39:52 PM;49.2141722;16.6006200166667;;;;
24704;;;;;;;;NMEA message parser not found for RMB.
24705;;;;;;;;Failed to parse: GGA.. Meters expected in GGA message.
24706;GSA;;;;;;;
24707;GSV;;;;;;;
24708;GSV;;;;;;;
24709;;;;;;;;NMEA message parser not found for GRM.
24710;RMC;12/26/2016 10:39:53 PM;49.2141634833333;16.6006249333333;;;;
24711;;;;;;;;NMEA message parser not found for RMB.
24712;;;;;;;;Failed to parse: GGA.. Meters expected in GGA message.
24713;GSA;;;;;;;
24714;GSV;;;;;;;
24715;GSV;;;;;;;
24716;;;;;;;;NMEA message parser not found for GRM.
24717;RMC;12/26/2016 10:39:54 PM;49.2141547666667;16.60062985;;;;
24718;;;;;;;;NMEA message parser not found for RMB.
24719;;;;;;;;Failed to parse: GGA.. Meters expected in GGA message.
24720;GSA;;;;;;;
24721;GSV;;;;;;;
24722;GSV;;;;;;;
24723;;;;;;;;NMEA message parser not found for GRM.
24724;RMC;12/26/2016 10:39:55 PM;49.21414605;16.6006347666667;;;;
24725;;;;;;;;NMEA message parser not found for RMB.
24726;;;;;;;;Failed to parse: GGA.. Meters expected in GGA message.
24727;GSA;;;;;;;
24728;GSV;;;;;;;
24729;GSV;;;;;;;
24730;;;;;;;;NMEA message parser not found for GRM.
24731;RMC;12/26/2016 10:39:56 PM;49.2141373333333;16.6006397;;;;
24732;;;;;;;;NMEA message parser not found for RMB.
24733;;;;;;;;Failed to parse: GGA.. Meters expected in GGA message.
24734;GSA;;;;;;;
24735;GSV;;;;;;;
24736;GSV;;;;;;;
24737;;;;;;;;NMEA message parser not found for GRM.
24738;RMC;12/26/2016 10:39:57 PM;49.2141286;16.6006446166667;;;;
24739;;;;;;;;NMEA message parser not found for RMB.
24740;;;;;;;;Failed to parse: GGA.. Meters expected in GGA message.
24741;GSA;;;;;;;
24742;GSV;;;;;;;
24743;GSV;;;;;;;
24744;;;;;;;;NMEA message parser not found for GRM.
24745;RMC;12/26/2016 10:39:58 PM;49.2141198833333;16.6006495333333;;;;
24746;;;;;;;;NMEA message parser not found for RMB.
24747;;;;;;;;Failed to parse: GGA.. Meters expected in GGA message.
24748;GSA;;;;;;;
24749;GSV;;;;;;;
24750;GSV;;;;;;;
24751;;;;;;;;NMEA message parser not found for GRM.
24752;RMC;12/26/2016 10:39:59 PM;49.2141111666667;16.60065445;;;;
24753;;;;;;;;NMEA message parser not found for RMB.
24754;;;;;;;;Failed to parse: GGA.. Meters expected in GGA message.
24755;GSA;;;;;;;
24756;GSV;;;;;;;
24757;GSV;;;;;;;
24758;;;;;;;;NMEA message parser not found for GRM.
24759;RMC;12/26/2016 10:40:00 PM;49.21410245;16.6006593666667;;;;
24760;;;;;;;;NMEA message parser not found for RMB.
24761;;;;;;;;Failed to parse: GGA.. Meters expected in GGA message.
24762;GSA;;;;;;;
24763;GSV;;;;;;;
24764;GSV;;;;;;;
24765;;;;;;;;NMEA message parser not found for GRM.
24766;RMC;12/26/2016 10:40:01 PM;49.2140937333333;16.6006642833333;;;;
24767;;;;;;;;NMEA message parser not found for RMB.
24768;;;;;;;;Failed to parse: GGA.. Meters expected in GGA message.
24769;GSA;;;;;;;
24770;GSV;;;;;;;
24771;GSV;;;;;;;
24772;;;;;;;;NMEA message parser not found for GRM.
24773;RMC;12/26/2016 10:40:02 PM;49.2140850166667;16.6006692166667;;;;
24774;;;;;;;;NMEA message parser not found for RMB.
24775;;;;;;;;Failed to parse: GGA.. Meters expected in GGA message.
24776;GSA;;;;;;;
24777;GSV;;;;;;;
24778;GSV;;;;;;;
24779;;;;;;;;NMEA message parser not found for GRM.
24780;RMC;12/26/2016 10:40:03 PM;49.2140763;16.6006741333333;;;;
24781;;;;;;;;NMEA message parser not found for RMB.
24782;;;;;;;;Failed to parse: GGA.. Meters expected in GGA message.
24783;GSA;;;;;;;
24784;GSV;;;;;;;
24785;GSV;;;;;;;
24786;;;;;;;;NMEA message parser not found for GRM.
24787;RMC;12/26/2016 10:40:04 PM;49.2140675833333;16.60067905;;;;
24788;;;;;;;;NMEA message parser not found for RMB.
24789;;;;;;;;Failed to parse: GGA.. Meters expected in GGA message.
24790;GSA;;;;;;;
24791;GSV;;;;;;;
24792;GSV;;;;;;;
24793;;;;;;;;NMEA message parser not found for GRM.
24794;RMC;12/26/2016 10:40:05 PM;49.2140588666667;16.6006839666667;;;;
24795;;;;;;;;NMEA message parser not found for RMB.
24796;;;;;;;;Failed to parse: GGA.. Meters expected in GGA message.
24797;GSA;;;;;;;
24798;GSV;;;;;;;
24799;GSV;;;;;;;
24800;;;;;;;;NMEA message parser not found for GRM.
24801;RMC;12/26/2016 10:40:06 PM;49.21405015;16.6006888833333;;;;
24802;;;;;;;;NMEA message parser not found for RMB.
24803;;;;;;;;Failed to parse: GGA.. Meters expected in GGA message.
24804;GSA;;;;;;;
24805;GSV;;;;;;;
24806;GSV;;;;;;;
24807;;;;;;;;NMEA message parser not found for GRM.
24808;RMC;12/26/2016 10:40:07 PM;49.2140414333333;16.6006938166667;;;;
24809;;;;;;;;NMEA message parser not found for RMB.
24810;;;;;;;;Failed to parse: GGA.. Meters expected in GGA message.
24811;GSA;;;;;;;
24812;GSV;;;;;;;
24813;GSV;;;;;;;
24814;;;;;;;;NMEA message parser not found for GRM.
24815;RMC;12/26/2016 10:40:08 PM;49.2140327166667;16.6006987333333;;;;
24816;;;;;;;;NMEA message parser not found for RMB.
24817;;;;;;;;Failed to parse: GGA.. Meters expected in GGA message.
24818;GSA;;;;;;;
24819;GSV;;;;;;;
24820;GSV;;;;;;;
24821;;;;;;;;NMEA message parser not found for GRM.
24822;RMC;12/26/2016 10:40:09 PM;49.214024;16.60070365;;;;
24823;;;;;;;;NMEA message parser not found for RMB.
24824;;;;;;;;Failed to parse: GGA.. Meters expected in GGA message.
24825;GSA;;;;;;;
24826;GSV;;;;;;;
24827;GSV;;;;;;;
24828;;;;;;;;NMEA message parser not found for GRM.
24829;RMC;12/26/2016 10:40:10 PM;49.2140152833333;16.6007085666667;;;;
24830;;;;;;;;NMEA message parser not found for RMB.
24831;;;;;;;;Failed to parse: GGA.. Meters expected in GGA message.
24832;GSA;;;;;;;
24833;GSV;;;;;;;
24834;GSV;;;;;;;
24835;;;;;;;;NMEA message parser not found for GRM.
24836;RMC;12/26/2016 10:40:11 PM;49.2140065666667;16.6007134833333;;;;
24837;;;;;;;;NMEA message parser not found for RMB.
24838;;;;;;;;Failed to parse: GGA.. Meters expected in GGA message.
24839;GSA;;;;;;;
24840;GSV;;;;;;;
24841;GSV;;;;;;;
24842;;;;;;;;NMEA message parser not found for GRM.
24843;RMC;12/26/2016 10:40:12 PM;49.21399785;16.6007184;;;;
24844;;;;;;;;NMEA message parser not found for RMB.
24845;;;;;;;;Failed to parse: GGA.. Meters expected in GGA message.
24846;GSA;;;;;;;
24847;GSV;;;;;;;
24848;GSV;;;;;;;
24849;;;;;;;;NMEA message parser not found for GRM.
24850;RMC;12/26/2016 10:40:13 PM;49.2139891166667;16.6007233333333;;;;
24851;;;;;;;;NMEA message parser not found for RMB.
24852;;;;;;;;Failed to parse: GGA.. Meters expected in GGA message.
24853;GSA;;;;;;;
24854;GSV;;;;;;;
24855;GSV;;;;;;;
24856;;;;;;;;NMEA message parser not found for GRM.
24857;RMC;12/26/2016 10:40:14 PM;49.2139804;16.60072825;;;;
24858;;;;;;;;NMEA message parser not found for RMB.
24859;;;;;;;;Failed to parse: GGA.. Meters expected in GGA message.
24860;GSA;;;;;;;
24861;GSV;;;;;;;
24862;GSV;;;;;;;
24863;;;;;;;;NMEA message parser not found for GRM.
24864;RMC;12/26/2016 10:40:15 PM;49.2139716833333;16.6007331666667;;;;
24865;;;;;;;;NMEA message parser not found for RMB.
24866;;;;;;;;Failed to parse: GGA.. Meters expected in GGA message.
24867;GSA;;;;;;;
24868;GSV;;;;;;;
24869;GSV;;;;;;;
24870;;;;;;;;NMEA message parser not found for GRM.
24871;RMC;12/26/2016 10:40:16 PM;49.2139629666667;16.6007380833333;;;;
24872;;;;;;;;NMEA message parser not found for RMB.
24873;;;;;;;;Failed to parse: GGA.. Meters expected in GGA message.
24874;GSA;;;;;;;
24875;GSV;;;;;;;
24876;GSV;;;;;;;
24877;;;;;;;;NMEA message parser not found for GRM.
24878;RMC;12/26/2016 10:40:17 PM;49.21395425;16.600743;;;;
24879;;;;;;;;NMEA message parser not found for RMB.
24880;;;;;;;;Failed to parse: GGA.. Meters expected in GGA message.
24881;GSA;;;;;;;
24882;GSV;;;;;;;
24883;GSV;;;;;;;
24884;;;;;;;;NMEA message parser not found for GRM.
24885;RMC;12/26/2016 10:40:18 PM;49.2139455333333;16.6007479166667;;;;
24886;;;;;;;;NMEA message parser not found for RMB.
24887;;;;;;;;Failed to parse: GGA.. Meters expected in GGA message.
24888;GSA;;;;;;;
24889;GSV;;;;;;;
24890;GSV;;;;;;;
24891;;;;;;;;NMEA message parser not found for GRM.
24892;RMC;12/26/2016 10:40:19 PM;49.2139368166667;16.60075285;;;;
24893;;;;;;;;NMEA message parser not found for RMB.
24894;;;;;;;;Failed to parse: GGA.. Meters expected in GGA message.
24895;GSA;;;;;;;
24896;GSV;;;;;;;
24897;GSV;;;;;;;
24898;;;;;;;;NMEA message parser not found for GRM.
24899;RMC;12/26/2016 10:40:20 PM;49.2139281;16.6007577666667;;;;
24900;;;;;;;;NMEA message parser not found for RMB.
24901;;;;;;;;Failed to parse: GGA.. Meters expected in GGA message.
24902;GSA;;;;;;;
24903;GSV;;;;;;;
24904;GSV;;;;;;;
24905;;;;;;;;NMEA message parser not found for GRM.
24906;RMC;12/26/2016 10:40:21 PM;49.2139193833333;16.6007626833333;;;;
24907;;;;;;;;NMEA message parser not found for RMB.
24908;;;;;;;;Failed to parse: GGA.. Meters expected in GGA message.
24909;GSA;;;;;;;
24910;GSV;;;;;;;
24911;GSV;;;;;;;
24912;;;;;;;;NMEA message parser not found for GRM.
24913;RMC;12/26/2016 10:40:22 PM;49.2139106666667;16.6007676;;;;
24914;;;;;;;;NMEA message parser not found for RMB.
24915;;;;;;;;Failed to parse: GGA.. Meters expected in GGA message.
24916;GSA;;;;;;;
24917;GSV;;;;;;;
24918;GSV;;;;;;;
24919;;;;;;;;NMEA message parser not found for GRM.
24920;RMC;12/26/2016 10:40:23 PM;49.21390195;16.6007725166667;;;;
24921;;;;;;;;NMEA message parser not found for RMB.
24922;;;;;;;;Failed to parse: GGA.. Meters expected in GGA message.
24923;GSA;;;;;;;
24924;GSV;;;;;;;
24925;GSV;;;;;;;
24926;;;;;;;;NMEA message parser not found for GRM.
24927;RMC;12/26/2016 10:40:24 PM;49.2138932333333;16.6007774333333;;;;
24928;;;;;;;;NMEA message parser not found for RMB.
24929;;;;;;;;Failed to parse: GGA.. Meters expected in GGA message.
24930;GSA;;;;;;;
24931;GSV;;;;;;;
24932;GSV;;;;;;;
24933;;;;;;;;NMEA message parser not found for GRM.
24934;RMC;12/26/2016 10:40:25 PM;49.2138845166667;16.6007823666667;;;;
24935;;;;;;;;NMEA message parser not found for RMB.
24936;;;;;;;;Failed to parse: GGA.. Meters expected in GGA message.
24937;GSA;;;;;;;
24938;GSV;;;;;;;
24939;GSV;;;;;;;
24940;;;;;;;;NMEA message parser not found for GRM.
24941;RMC;12/26/2016 10:40:26 PM;49.2138758;16.6007872833333;;;;
24942;;;;;;;;NMEA message parser not found for RMB.
24943;;;;;;;;Failed to parse: GGA.. Meters expected in GGA message.
24944;GSA;;;;;;;
24945;GSV;;;;;;;
24946;GSV;;;;;;;
24947;;;;;;;;NMEA message parser not found for GRM.
24948;RMC;12/26/2016 10:40:27 PM;49.2138670833333;16.6007922;;;;
24949;;;;;;;;NMEA message parser not found for RMB.
24950;;;;;;;;Failed to parse: GGA.. Meters expected in GGA message.
24951;GSA;;;;;;;
24952;GSV;;;;;;;
24953;GSV;;;;;;;
24954;;;;;;;;NMEA message parser not found for GRM.
24955;RMC;12/26/2016 10:40:28 PM;49.2138583666667;16.6007971166667;;;;
24956;;;;;;;;NMEA message parser not found for RMB.
24957;;;;;;;;Failed to parse: GGA.. Meters expected in GGA message.
24958;GSA;;;;;;;
24959;GSV;;;;;;;
24960;GSV;;;;;;;
24961;;;;;;;;NMEA message parser not found for GRM.
24962;RMC;12/26/2016 10:40:29 PM;49.2138496333333;16.6008020333333;;;;
24963;;;;;;;;NMEA message parser not found for RMB.
24964;;;;;;;;Failed to parse: GGA.. Meters expected in GGA message.
24965;GSA;;;;;;;
24966;GSV;;;;;;;
24967;GSV;;;;;;;
24968;;;;;;;;NMEA message parser not found for GRM.
24969;RMC;12/26/2016 10:40:30 PM;49.2138409166667;16.6008069666667;;;;
24970;;;;;;;;NMEA message parser not found for RMB.
24971;;;;;;;;Failed to parse: GGA.. Meters expected in GGA message.
24972;GSA;;;;;;;
24973;GSV;;;;;;;
24974;GSV;;;;;;;
24975;;;;;;;;NMEA message parser not found for GRM.
24976;RMC;12/26/2016 10:40:31 PM;49.2138322;16.6008118833333;;;;
24977;;;;;;;;NMEA message parser not found for RMB.
24978;;;;;;;;Failed to parse: GGA.. Meters expected in GGA message.
24979;GSA;;;;;;;
24980;GSV;;;;;;;
24981;GSV;;;;;;;
24982;;;;;;;;NMEA message parser not found for GRM.
24983;RMC;12/26/2016 10:40:32 PM;49.2138234833333;16.6008168;;;;
24984;;;;;;;;NMEA message parser not found for RMB.
24985;;;;;;;;Failed to parse: GGA.. Meters expected in GGA message.
24986;GSA;;;;;;;
24987;GSV;;;;;;;
24988;GSV;;;;;;;
24989;;;;;;;;NMEA message parser not found for GRM.
24990;RMC;12/26/2016 10:40:33 PM;49.2138147666667;16.6008217166667;;;;
24991;;;;;;;;NMEA message parser not found for RMB.
24992;;;;;;;;Failed to parse: GGA.. Meters expected in GGA message.
24993;GSA;;;;;;;
24994;GSV;;;;;;;
24995;GSV;;;;;;;
24996;;;;;;;;NMEA message parser not found for GRM.
24997;RMC;12/26/2016 10:40:34 PM;49.21380605;16.6008266333333;;;;
24998;;;;;;;;NMEA message parser not found for RMB.
24999;;;;;;;;Failed to parse: GGA.. Meters expected in GGA message.
25000;GSA;;;;;;;
25001;GSV;;;;;;;
25002;GSV;;;;;;;
25003;;;;;;;;NMEA message parser not found for GRM.
25004;RMC;12/26/2016 10:40:35 PM;49.2137973333333;16.60083155;;;;
25005;;;;;;;;NMEA message parser not found for RMB.
25006;;;;;;;;Failed to parse: GGA.. Meters expected in GGA message.
25007;GSA;;;;;;;
25008;GSV;;;;;;;
25009;GSV;;;;;;;
25010;;;;;;;;NMEA message parser not found for GRM.
25011;RMC;12/26/2016 10:40:36 PM;49.2137886166667;16.6008364833333;;;;
25012;;;;;;;;NMEA message parser not found for RMB.
25013;;;;;;;;Failed to parse: GGA.. Meters expected in GGA message.
25014;GSA;;;;;;;
25015;GSV;;;;;;;
25016;GSV;;;;;;;
25017;;;;;;;;NMEA message parser not found for GRM.
25018;RMC;12/26/2016 10:40:37 PM;49.2137799;16.6008414;;;;
25019;;;;;;;;NMEA message parser not found for RMB.
25020;;;;;;;;Failed to parse: GGA.. Meters expected in GGA message.
25021;GSA;;;;;;;
25022;GSV;;;;;;;
25023;GSV;;;;;;;
25024;;;;;;;;NMEA message parser not found for GRM.
25025;RMC;12/26/2016 10:40:38 PM;49.2137711833333;16.6008463166667;;;;
25026;;;;;;;;NMEA message parser not found for RMB.
25027;;;;;;;;Failed to parse: GGA.. Meters expected in GGA message.
25028;GSA;;;;;;;
25029;GSV;;;;;;;
25030;GSV;;;;;;;
25031;;;;;;;;NMEA message parser not found for GRM.
25032;RMC;12/26/2016 10:40:39 PM;49.2137624666667;16.6008512333333;;;;
25033;;;;;;;;NMEA message parser not found for RMB.
25034;;;;;;;;Failed to parse: GGA.. Meters expected in GGA message.
25035;GSA;;;;;;;
25036;GSV;;;;;;;
25037;GSV;;;;;;;
25038;;;;;;;;NMEA message parser not found for GRM.
25039;RMC;12/26/2016 10:40:40 PM;49.21375375;16.60085615;;;;
25040;;;;;;;;NMEA message parser not found for RMB.
25041;;;;;;;;Failed to parse: GGA.. Meters expected in GGA message.
25042;GSA;;;;;;;
25043;GSV;;;;;;;
25044;GSV;;;;;;;
25045;;;;;;;;NMEA message parser not found for GRM.
25046;RMC;12/26/2016 10:40:41 PM;49.2137450333333;16.6008610666667;;;;
25047;;;;;;;;NMEA message parser not found for RMB.
25048;;;;;;;;Failed to parse: GGA.. Meters expected in GGA message.
25049;GSA;;;;;;;
25050;GSV;;;;;;;
25051;GSV;;;;;;;
25052;;;;;;;;NMEA message parser not found for GRM.
25053;RMC;12/26/2016 10:40:42 PM;49.2137363166667;16.600866;;;;
25054;;;;;;;;NMEA message parser not found for RMB.
25055;;;;;;;;Failed to parse: GGA.. Meters expected in GGA message.
25056;GSA;;;;;;;
25057;GSV;;;;;;;
25058;GSV;;;;;;;
25059;;;;;;;;NMEA message parser not found for GRM.
25060;RMC;12/26/2016 10:40:43 PM;49.2137276;16.6008709166667;;;;
25061;;;;;;;;NMEA message parser not found for RMB.
25062;;;;;;;;Failed to parse: GGA.. Meters expected in GGA message.
25063;GSA;;;;;;;
25064;GSV;;;;;;;
25065;GSV;;;;;;;
25066;;;;;;;;NMEA message parser not found for GRM.
25067;RMC;12/26/2016 10:40:44 PM;49.2137188833333;16.6008758333333;;;;
25068;;;;;;;;NMEA message parser not found for RMB.
25069;;;;;;;;Failed to parse: GGA.. Meters expected in GGA message.
25070;GSA;;;;;;;
25071;GSV;;;;;;;
25072;GSV;;;;;;;
25073;;;;;;;;NMEA message parser not found for GRM.
25074;RMC;12/26/2016 10:40:45 PM;49.21371015;16.60088075;;;;
25075;;;;;;;;NMEA message parser not found for RMB.
25076;;;;;;;;Failed to parse: GGA.. Meters expected in GGA message.
25077;GSA;;;;;;;
25078;GSV;;;;;;;
25079;GSV;;;;;;;
25080;;;;;;;;NMEA message parser not found for GRM.
25081;RMC;12/26/2016 10:40:46 PM;49.2137014333333;16.6008856666667;;;;
25082;;;;;;;;NMEA message parser not found for RMB.
25083;;;;;;;;Failed to parse: GGA.. Meters expected in GGA message.
25084;GSA;;;;;;;
25085;GSV;;;;;;;
25086;GSV;;;;;;;
25087;;;;;;;;NMEA message parser not found for GRM.
25088;RMC;12/26/2016 10:40:47 PM;49.2136927166667;16.6008905833333;;;;
25089;;;;;;;;NMEA message parser not found for RMB.
25090;;;;;;;;Failed to parse: GGA.. Meters expected in GGA message.
25091;GSA;;;;;;;
25092;GSV;;;;;;;
25093;GSV;;;;;;;
25094;;;;;;;;NMEA message parser not found for GRM.
25095;RMC;12/26/2016 10:40:48 PM;49.213684;16.6008955166667;;;;
25096;;;;;;;;NMEA message parser not found for RMB.
25097;;;;;;;;Failed to parse: GGA.. Meters expected in GGA message.
25098;GSA;;;;;;;
25099;GSV;;;;;;;
25100;GSV;;;;;;;
25101;;;;;;;;NMEA message parser not found for GRM.
25102;RMC;12/26/2016 10:40:49 PM;49.2136752833333;16.6009004333333;;;;
25103;;;;;;;;NMEA message parser not found for RMB.
25104;;;;;;;;Failed to parse: GGA.. Meters expected in GGA message.
25105;GSA;;;;;;;
25106;GSV;;;;;;;
25107;GSV;;;;;;;
25108;;;;;;;;NMEA message parser not found for GRM.
25109;RMC;12/26/2016 10:40:50 PM;49.2136665666667;16.60090535;;;;
25110;;;;;;;;NMEA message parser not found for RMB.
25111;;;;;;;;Failed to parse: GGA.. Meters expected in GGA message.
25112;GSA;;;;;;;
25113;GSV;;;;;;;
25114;GSV;;;;;;;
25115;;;;;;;;NMEA message parser not found for GRM.
25116;RMC;12/26/2016 10:40:51 PM;49.21365785;16.6009102666667;;;;
25117;;;;;;;;NMEA message parser not found for RMB.
25118;;;;;;;;Failed to parse: GGA.. Meters expected in GGA message.
25119;GSA;;;;;;;
25120;GSV;;;;;;;
25121;GSV;;;;;;;
25122;;;;;;;;NMEA message parser not found for GRM.
25123;RMC;12/26/2016 10:40:52 PM;49.2136491333333;16.6009151833333;;;;
25124;;;;;;;;NMEA message parser not found for RMB.
25125;;;;;;;;Failed to parse: GGA.. Meters expected in GGA message.
25126;GSA;;;;;;;
25127;GSV;;;;;;;
25128;GSV;;;;;;;
25129;;;;;;;;NMEA message parser not found for GRM.
25130;RMC;12/26/2016 10:40:53 PM;49.2136404166667;16.6009201166667;;;;
25131;;;;;;;;NMEA message parser not found for RMB.
25132;;;;;;;;Failed to parse: GGA.. Meters expected in GGA message.
25133;GSA;;;;;;;
25134;GSV;;;;;;;
25135;GSV;;;;;;;
25136;;;;;;;;NMEA message parser not found for GRM.
25137;RMC;12/26/2016 10:40:54 PM;49.2136317;16.6009250333333;;;;
25138;;;;;;;;NMEA message parser not found for RMB.
25139;;;;;;;;Failed to parse: GGA.. Meters expected in GGA message.
25140;GSA;;;;;;;
25141;GSV;;;;;;;
25142;GSV;;;;;;;
25143;;;;;;;;NMEA message parser not found for GRM.
25144;RMC;12/26/2016 10:40:55 PM;49.2136229833333;16.60092995;;;;
25145;;;;;;;;NMEA message parser not found for RMB.
25146;;;;;;;;Failed to parse: GGA.. Meters expected in GGA message.
25147;GSA;;;;;;;
25148;GSV;;;;;;;
25149;GSV;;;;;;;
25150;;;;;;;;NMEA message parser not found for GRM.
25151;RMC;12/26/2016 10:40:56 PM;49.2136142666667;16.6009348666667;;;;
25152;;;;;;;;NMEA message parser not found for RMB.
25153;;;;;;;;Failed to parse: GGA.. Meters expected in GGA message.
25154;GSA;;;;;;;
25155;GSV;;;;;;;
25156;GSV;;;;;;;
25157;;;;;;;;NMEA message parser not found for GRM.
25158;RMC;12/26/2016 10:40:57 PM;49.21360555;16.6009397833333;;;;
25159;;;;;;;;NMEA message parser not found for RMB.
25160;;;;;;;;Failed to parse: GGA.. Meters expected in GGA message.
25161;GSA;;;;;;;
25162;GSV;;;;;;;
25163;GSV;;;;;;;
25164;;;;;;;;NMEA message parser not found for GRM.
25165;RMC;12/26/2016 10:40:58 PM;49.2135968333333;16.6009447;;;;
25166;;;;;;;;NMEA message parser not found for RMB.
25167;;;;;;;;Failed to parse: GGA.. Meters expected in GGA message.
25168;GSA;;;;;;;
25169;GSV;;;;;;;
25170;GSV;;;;;;;
25171;;;;;;;;NMEA message parser not found for GRM.
25172;RMC;12/26/2016 10:40:59 PM;49.2135881166667;16.6009496333333;;;;
25173;;;;;;;;NMEA message parser not found for RMB.
25174;;;;;;;;Failed to parse: GGA.. Meters expected in GGA message.
25175;GSA;;;;;;;
25176;GSV;;;;;;;
25177;GSV;;;;;;;
25178;;;;;;;;NMEA message parser not found for GRM.
25179;RMC;12/26/2016 10:41:00 PM;49.2135794;16.60095455;;;;
25180;;;;;;;;NMEA message parser not found for RMB.
25181;;;;;;;;Failed to parse: GGA.. Meters expected in GGA message.
25182;GSA;;;;;;;
25183;GSV;;;;;;;
25184;GSV;;;;;;;
25185;;;;;;;;NMEA message parser not found for GRM.
25186;RMC;12/26/2016 10:41:01 PM;49.2135706833333;16.6009594666667;;;;
25187;;;;;;;;NMEA message parser not found for RMB.
25188;;;;;;;;Failed to parse: GGA.. Meters expected in GGA message.
25189;GSA;;;;;;;
25190;GSV;;;;;;;
25191;GSV;;;;;;;
25192;;;;;;;;NMEA message parser not found for GRM.
25193;RMC;12/26/2016 10:41:02 PM;49.21356195;16.6009643833333;;;;
25194;;;;;;;;NMEA message parser not found for RMB.
25195;;;;;;;;Failed to parse: GGA.. Meters expected in GGA message.
25196;GSA;;;;;;;
25197;GSV;;;;;;;
25198;GSV;;;;;;;
25199;;;;;;;;NMEA message parser not found for GRM.
25200;RMC;12/26/2016 10:41:03 PM;49.2135532333333;16.6009693;;;;
25201;;;;;;;;NMEA message parser not found for RMB.
25202;;;;;;;;Failed to parse: GGA.. Meters expected in GGA message.
25203;GSA;;;;;;;
25204;GSV;;;;;;;
25205;GSV;;;;;;;
25206;;;;;;;;NMEA message parser not found for GRM.
25207;RMC;12/26/2016 10:41:04 PM;49.2135445166667;16.6009742166667;;;;
25208;;;;;;;;NMEA message parser not found for RMB.
25209;;;;;;;;Failed to parse: GGA.. Meters expected in GGA message.
25210;GSA;;;;;;;
25211;GSV;;;;;;;
25212;GSV;;;;;;;
25213;;;;;;;;NMEA message parser not found for GRM.
25214;RMC;12/26/2016 10:41:05 PM;49.2135358;16.60097915;;;;
25215;;;;;;;;NMEA message parser not found for RMB.
25216;;;;;;;;Failed to parse: GGA.. Meters expected in GGA message.
25217;GSA;;;;;;;
25218;GSV;;;;;;;
25219;GSV;;;;;;;
25220;;;;;;;;NMEA message parser not found for GRM.
25221;RMC;12/26/2016 10:41:06 PM;49.2135270833333;16.6009840666667;;;;
25222;;;;;;;;NMEA message parser not found for RMB.
25223;;;;;;;;Failed to parse: GGA.. Meters expected in GGA message.
25224;GSA;;;;;;;
25225;GSV;;;;;;;
25226;GSV;;;;;;;
25227;;;;;;;;NMEA message parser not found for GRM.
25228;RMC;12/26/2016 10:41:07 PM;49.2135183666667;16.6009889833333;;;;
25229;;;;;;;;NMEA message parser not found for RMB.
25230;;;;;;;;Failed to parse: GGA.. Meters expected in GGA message.
25231;GSA;;;;;;;
25232;GSV;;;;;;;
25233;GSV;;;;;;;
25234;;;;;;;;NMEA message parser not found for GRM.
25235;RMC;12/26/2016 10:41:08 PM;49.21350965;16.6009939;;;;
25236;;;;;;;;NMEA message parser not found for RMB.
25237;;;;;;;;Failed to parse: GGA.. Meters expected in GGA message.
25238;GSA;;;;;;;
25239;GSV;;;;;;;
25240;GSV;;;;;;;
25241;;;;;;;;NMEA message parser not found for GRM.
25242;RMC;12/26/2016 10:41:09 PM;49.2135009333333;16.6009988166667;;;;
25243;;;;;;;;NMEA message parser not found for RMB.
25244;;;;;;;;Failed to parse: GGA.. Meters expected in GGA message.
25245;GSA;;;;;;;
25246;GSV;;;;;;;
25247;GSV;;;;;;;
25248;;;;;;;;NMEA message parser not found for GRM.
25249;RMC;12/26/2016 10:41:10 PM;49.2134922166667;16.6010037333333;;;;
25250;;;;;;;;NMEA message parser not found for RMB.
25251;;;;;;;;Failed to parse: GGA.. Meters expected in GGA message.
25252;GSA;;;;;;;
25253;GSV;;;;;;;
25254;GSV;;;;;;;
25255;;;;;;;;NMEA message parser not found for GRM.
25256;RMC;12/26/2016 10:41:11 PM;49.2134835;16.6010086666667;;;;
25257;;;;;;;;NMEA message parser not found for RMB.
25258;;;;;;;;Failed to parse: GGA.. Meters expected in GGA message.
25259;GSA;;;;;;;
25260;GSV;;;;;;;
25261;GSV;;;;;;;
25262;;;;;;;;NMEA message parser not found for GRM.
25263;RMC;12/26/2016 10:41:12 PM;49.2134747833333;16.6010135833333;;;;
25264;;;;;;;;NMEA message parser not found for RMB.
25265;;;;;;;;Failed to parse: GGA.. Meters expected in GGA message.
25266;GSA;;;;;;;
25267;GSV;;;;;;;
25268;GSV;;;;;;;
25269;;;;;;;;NMEA message parser not found for GRM.
25270;RMC;12/26/2016 10:41:13 PM;49.2134660666667;16.6010185;;;;
25271;;;;;;;;NMEA message parser not found for RMB.
25272;;;;;;;;Failed to parse: GGA.. Meters expected in GGA message.
25273;GSA;;;;;;;
25274;GSV;;;;;;;
25275;GSV;;;;;;;
25276;;;;;;;;NMEA message parser not found for GRM.
25277;RMC;12/26/2016 10:41:14 PM;49.21345735;16.6010234166667;;;;
25278;;;;;;;;NMEA message parser not found for RMB.
25279;;;;;;;;Failed to parse: GGA.. Meters expected in GGA message.
25280;GSA;;;;;;;
25281;GSV;;;;;;;
25282;GSV;;;;;;;
25283;;;;;;;;NMEA message parser not found for GRM.
25284;RMC;12/26/2016 10:41:15 PM;49.2134487333333;16.6010285;;;;
25285;;;;;;;;NMEA message parser not found for RMB.
25286;;;;;;;;Failed to parse: GGA.. Meters expected in GGA message.
25287;GSA;;;;;;;
25288;GSV;;;;;;;
25289;GSV;;;;;;;
25290;;;;;;;;NMEA message parser not found for GRM.
25291;RMC;12/26/2016 10:41:16 PM;49.2134403833333;16.6010340166667;;;;
25292;;;;;;;;NMEA message parser not found for RMB.
25293;;;;;;;;Failed to parse: GGA.. Meters expected in GGA message.
25294;GSA;;;;;;;
25295;GSV;;;;;;;
25296;GSV;;;;;;;
25297;;;;;;;;NMEA message parser not found for GRM.
25298;RMC;12/26/2016 10:41:17 PM;49.2134320333333;16.6010395333333;;;;
25299;;;;;;;;NMEA message parser not found for RMB.
25300;;;;;;;;Failed to parse: GGA.. Meters expected in GGA message.
25301;GSA;;;;;;;
25302;GSV;;;;;;;
25303;GSV;;;;;;;
25304;;;;;;;;NMEA message parser not found for GRM.
25305;RMC;12/26/2016 10:41:18 PM;49.2134236666667;16.6010450666667;;;;
25306;;;;;;;;NMEA message parser not found for RMB.
25307;;;;;;;;Failed to parse: GGA.. Meters expected in GGA message.
25308;GSA;;;;;;;
25309;GSV;;;;;;;
25310;GSV;;;;;;;
25311;;;;;;;;NMEA message parser not found for GRM.
25312;RMC;12/26/2016 10:41:19 PM;49.2134153166667;16.6010505833333;;;;
25313;;;;;;;;NMEA message parser not found for RMB.
25314;;;;;;;;Failed to parse: GGA.. Meters expected in GGA message.
25315;GSA;;;;;;;
25316;GSV;;;;;;;
25317;GSV;;;;;;;
25318;;;;;;;;NMEA message parser not found for GRM.
25319;RMC;12/26/2016 10:41:20 PM;49.2134069666667;16.6010561;;;;
25320;;;;;;;;NMEA message parser not found for RMB.
25321;;;;;;;;Failed to parse: GGA.. Meters expected in GGA message.
25322;GSA;;;;;;;
25323;GSV;;;;;;;
25324;GSV;;;;;;;
25325;;;;;;;;NMEA message parser not found for GRM.
25326;RMC;12/26/2016 10:41:21 PM;49.2133986166667;16.6010616166667;;;;
25327;;;;;;;;NMEA message parser not found for RMB.
25328;;;;;;;;Failed to parse: GGA.. Meters expected in GGA message.
25329;GSA;;;;;;;
25330;GSV;;;;;;;
25331;GSV;;;;;;;
25332;;;;;;;;NMEA message parser not found for GRM.
25333;RMC;12/26/2016 10:41:22 PM;49.2133902666667;16.6010671333333;;;;
25334;;;;;;;;NMEA message parser not found for RMB.
25335;;;;;;;;Failed to parse: GGA.. Meters expected in GGA message.
25336;GSA;;;;;;;
25337;GSV;;;;;;;
25338;GSV;;;;;;;
25339;;;;;;;;NMEA message parser not found for GRM.
25340;RMC;12/26/2016 10:41:23 PM;49.2133819166667;16.60107265;;;;
25341;;;;;;;;NMEA message parser not found for RMB.
25342;;;;;;;;Failed to parse: GGA.. Meters expected in GGA message.
25343;GSA;;;;;;;
25344;GSV;;;;;;;
25345;GSV;;;;;;;
25346;;;;;;;;NMEA message parser not found for GRM.
25347;RMC;12/26/2016 10:41:24 PM;49.2133735666667;16.6010781666667;;;;
25348;;;;;;;;NMEA message parser not found for RMB.
25349;;;;;;;;Failed to parse: GGA.. Meters expected in GGA message.
25350;GSA;;;;;;;
25351;GSV;;;;;;;
25352;GSV;;;;;;;
25353;;;;;;;;NMEA message parser not found for GRM.
25354;RMC;12/26/2016 10:41:25 PM;49.2133652166667;16.6010837;;;;
25355;;;;;;;;NMEA message parser not found for RMB.
25356;;;;;;;;Failed to parse: GGA.. Meters expected in GGA message.
25357;GSA;;;;;;;
25358;GSV;;;;;;;
25359;GSV;;;;;;;
25360;;;;;;;;NMEA message parser not found for GRM.
25361;RMC;12/26/2016 10:41:26 PM;49.2133568666667;16.6010892166667;;;;
25362;;;;;;;;NMEA message parser not found for RMB.
25363;;;;;;;;Failed to parse: GGA.. Meters expected in GGA message.
25364;GSA;;;;;;;
25365;GSV;;;;;;;
25366;GSV;;;;;;;
25367;;;;;;;;NMEA message parser not found for GRM.
25368;RMC;12/26/2016 10:41:27 PM;49.2133485166667;16.6010947333333;;;;
25369;;;;;;;;NMEA message parser not found for RMB.
25370;;;;;;;;Failed to parse: GGA.. Meters expected in GGA message.
25371;GSA;;;;;;;
25372;GSV;;;;;;;
25373;GSV;;;;;;;
25374;;;;;;;;NMEA message parser not found for GRM.
25375;RMC;12/26/2016 10:41:28 PM;49.2133401666667;16.60110025;;;;
25376;;;;;;;;NMEA message parser not found for RMB.
25377;;;;;;;;Failed to parse: GGA.. Meters expected in GGA message.
25378;GSA;;;;;;;
25379;GSV;;;;;;;
25380;GSV;;;;;;;
25381;;;;;;;;NMEA message parser not found for GRM.
25382;RMC;12/26/2016 10:41:29 PM;49.2133318166667;16.6011057666667;;;;
25383;;;;;;;;NMEA message parser not found for RMB.
25384;;;;;;;;Failed to parse: GGA.. Meters expected in GGA message.
25385;GSA;;;;;;;
25386;GSV;;;;;;;
25387;GSV;;;;;;;
25388;;;;;;;;NMEA message parser not found for GRM.
25389;RMC;12/26/2016 10:41:30 PM;49.2133234666667;16.6011112833333;;;;
25390;;;;;;;;NMEA message parser not found for RMB.
25391;;;;;;;;Failed to parse: GGA.. Meters expected in GGA message.
25392;GSA;;;;;;;
25393;GSV;;;;;;;
25394;GSV;;;;;;;
25395;;;;;;;;NMEA message parser not found for GRM.
25396;RMC;12/26/2016 10:41:31 PM;49.2133151166667;16.6011168;;;;
25397;;;;;;;;NMEA message parser not found for RMB.
25398;;;;;;;;Failed to parse: GGA.. Meters expected in GGA message.
25399;GSA;;;;;;;
25400;GSV;;;;;;;
25401;GSV;;;;;;;
25402;;;;;;;;NMEA message parser not found for GRM.
25403;RMC;12/26/2016 10:41:32 PM;49.2133067666667;16.6011223333333;;;;
25404;;;;;;;;NMEA message parser not found for RMB.
25405;;;;;;;;Failed to parse: GGA.. Meters expected in GGA message.
25406;GSA;;;;;;;
25407;GSV;;;;;;;
25408;GSV;;;;;;;
25409;;;;;;;;NMEA message parser not found for GRM.
25410;RMC;12/26/2016 10:41:33 PM;49.2132984166667;16.60112785;;;;
25411;;;;;;;;NMEA message parser not found for RMB.
25412;;;;;;;;Failed to parse: GGA.. Meters expected in GGA message.
25413;GSA;;;;;;;
25414;GSV;;;;;;;
25415;GSV;;;;;;;
25416;;;;;;;;NMEA message parser not found for GRM.
25417;RMC;12/26/2016 10:41:34 PM;49.21329005;16.6011333666667;;;;
25418;;;;;;;;NMEA message parser not found for RMB.
25419;;;;;;;;Failed to parse: GGA.. Meters expected in GGA message.
25420;GSA;;;;;;;
25421;GSV;;;;;;;
25422;GSV;;;;;;;
25423;;;;;;;;NMEA message parser not found for GRM.
25424;RMC;12/26/2016 10:41:35 PM;49.2132817;16.6011388833333;;;;
25425;;;;;;;;NMEA message parser not found for RMB.
25426;;;;;;;;Failed to parse: GGA.. Meters expected in GGA message.
25427;GSA;;;;;;;
25428;GSV;;;;;;;
25429;GSV;;;;;;;
25430;;;;;;;;NMEA message parser not found for GRM.
25431;RMC;12/26/2016 10:41:36 PM;49.21327335;16.6011444;;;;
25432;;;;;;;;NMEA message parser not found for RMB.
25433;;;;;;;;Failed to parse: GGA.. Meters expected in GGA message.
25434;GSA;;;;;;;
25435;GSV;;;;;;;
25436;GSV;;;;;;;
25437;;;;;;;;NMEA message parser not found for GRM.
25438;RMC;12/26/2016 10:41:37 PM;49.213265;16.6011499166667;;;;
25439;;;;;;;;NMEA message parser not found for RMB.
25440;;;;;;;;Failed to parse: GGA.. Meters expected in GGA message.
25441;GSA;;;;;;;
25442;GSV;;;;;;;
25443;GSV;;;;;;;
25444;;;;;;;;NMEA message parser not found for GRM.
25445;RMC;12/26/2016 10:41:38 PM;49.21325665;16.6011554333333;;;;
25446;;;;;;;;NMEA message parser not found for RMB.
25447;;;;;;;;Failed to parse: GGA.. Meters expected in GGA message.
25448;GSA;;;;;;;
25449;GSV;;;;;;;
25450;GSV;;;;;;;
25451;;;;;;;;NMEA message parser not found for GRM.
25452;RMC;12/26/2016 10:41:39 PM;49.2132483;16.6011609666667;;;;
25453;;;;;;;;NMEA message parser not found for RMB.
25454;;;;;;;;Failed to parse: GGA.. Meters expected in GGA message.
25455;GSA;;;;;;;
25456;GSV;;;;;;;
25457;GSV;;;;;;;
25458;;;;;;;;NMEA message parser not found for GRM.
25459;RMC;12/26/2016 10:41:40 PM;49.21323995;16.6011664833333;;;;
25460;;;;;;;;NMEA message parser not found for RMB.
25461;;;;;;;;Failed to parse: GGA.. Meters expected in GGA message.
25462;GSA;;;;;;;
25463;GSV;;;;;;;
25464;GSV;;;;;;;
25465;;;;;;;;NMEA message parser not found for GRM.
25466;RMC;12/26/2016 10:41:41 PM;49.2132316;16.601172;;;;
25467;;;;;;;;NMEA message parser not found for RMB.
25468;;;;;;;;Failed to parse: GGA.. Meters expected in GGA message.
25469;GSA;;;;;;;
25470;GSV;;;;;;;
25471;GSV;;;;;;;
25472;;;;;;;;NMEA message parser not found for GRM.
25473;RMC;12/26/2016 10:41:42 PM;49.21322325;16.6011775166667;;;;
25474;;;;;;;;NMEA message parser not found for RMB.
25475;;;;;;;;Failed to parse: GGA.. Meters expected in GGA message.
25476;GSA;;;;;;;
25477;GSV;;;;;;;
25478;GSV;;;;;;;
25479;;;;;;;;NMEA message parser not found for GRM.
25480;RMC;12/26/2016 10:41:43 PM;49.2132149;16.6011830333333;;;;
25481;;;;;;;;NMEA message parser not found for RMB.
25482;;;;;;;;Failed to parse: GGA.. Meters expected in GGA message.
25483;GSA;;;;;;;
25484;GSV;;;;;;;
25485;GSV;;;;;;;
25486;;;;;;;;NMEA message parser not found for GRM.
25487;RMC;12/26/2016 10:41:44 PM;49.21320655;16.60118855;;;;
25488;;;;;;;;NMEA message parser not found for RMB.
25489;;;;;;;;Failed to parse: GGA.. Meters expected in GGA message.
25490;GSA;;;;;;;
25491;GSV;;;;;;;
25492;GSV;;;;;;;
25493;;;;;;;;NMEA message parser not found for GRM.
25494;RMC;12/26/2016 10:41:45 PM;49.2131982;16.6011940666667;;;;
25495;;;;;;;;NMEA message parser not found for RMB.
25496;;;;;;;;Failed to parse: GGA.. Meters expected in GGA message.
25497;GSA;;;;;;;
25498;GSV;;;;;;;
25499;GSV;;;;;;;
25500;;;;;;;;NMEA message parser not found for GRM.
25501;RMC;12/26/2016 10:41:46 PM;49.21318985;16.6011996;;;;
25502;;;;;;;;NMEA message parser not found for RMB.
25503;;;;;;;;Failed to parse: GGA.. Meters expected in GGA message.
25504;GSA;;;;;;;
25505;GSV;;;;;;;
25506;GSV;;;;;;;
25507;;;;;;;;NMEA message parser not found for GRM.
25508;RMC;12/26/2016 10:41:47 PM;49.2131815;16.6012051166667;;;;
25509;;;;;;;;NMEA message parser not found for RMB.
25510;;;;;;;;Failed to parse: GGA.. Meters expected in GGA message.
25511;GSA;;;;;;;
25512;GSV;;;;;;;
25513;GSV;;;;;;;
25514;;;;;;;;NMEA message parser not found for GRM.
25515;RMC;12/26/2016 10:41:48 PM;49.21317315;16.6012106333333;;;;
25516;;;;;;;;NMEA message parser not found for RMB.
25517;;;;;;;;Failed to parse: GGA.. Meters expected in GGA message.
25518;GSA;;;;;;;
25519;GSV;;;;;;;
25520;GSV;;;;;;;
25521;;;;;;;;NMEA message parser not found for GRM.
25522;RMC;12/26/2016 10:41:49 PM;49.2131647833333;16.60121615;;;;
25523;;;;;;;;NMEA message parser not found for RMB.
25524;;;;;;;;Failed to parse: GGA.. Meters expected in GGA message.
25525;GSA;;;;;;;
25526;GSV;;;;;;;
25527;GSV;;;;;;;
25528;;;;;;;;NMEA message parser not found for GRM.
25529;RMC;12/26/2016 10:41:50 PM;49.2131564333333;16.6012216666667;;;;
25530;;;;;;;;NMEA message parser not found for RMB.
25531;;;;;;;;Failed to parse: GGA.. Meters expected in GGA message.
25532;GSA;;;;;;;
25533;GSV;;;;;;;
25534;GSV;;;;;;;
25535;;;;;;;;NMEA message parser not found for GRM.
25536;RMC;12/26/2016 10:41:51 PM;49.2131480833333;16.6012271833333;;;;
25537;;;;;;;;NMEA message parser not found for RMB.
25538;;;;;;;;Failed to parse: GGA.. Meters expected in GGA message.
25539;GSA;;;;;;;
25540;GSV;;;;;;;
25541;GSV;;;;;;;
25542;;;;;;;;NMEA message parser not found for GRM.
25543;RMC;12/26/2016 10:41:52 PM;49.2131397333333;16.6012327166667;;;;
25544;;;;;;;;NMEA message parser not found for RMB.
25545;;;;;;;;Failed to parse: GGA.. Meters expected in GGA message.
25546;GSA;;;;;;;
25547;GSV;;;;;;;
25548;GSV;;;;;;;
25549;;;;;;;;NMEA message parser not found for GRM.
25550;RMC;12/26/2016 10:41:53 PM;49.2131313833333;16.6012382333333;;;;
25551;;;;;;;;NMEA message parser not found for RMB.
25552;;;;;;;;Failed to parse: GGA.. Meters expected in GGA message.
25553;GSA;;;;;;;
25554;GSV;;;;;;;
25555;GSV;;;;;;;
25556;;;;;;;;NMEA message parser not found for GRM.
25557;RMC;12/26/2016 10:41:54 PM;49.2131230333333;16.60124375;;;;
25558;;;;;;;;NMEA message parser not found for RMB.
25559;;;;;;;;Failed to parse: GGA.. Meters expected in GGA message.
25560;GSA;;;;;;;
25561;GSV;;;;;;;
25562;GSV;;;;;;;
25563;;;;;;;;NMEA message parser not found for GRM.
25564;RMC;12/26/2016 10:41:55 PM;49.2131146833333;16.6012492666667;;;;
25565;;;;;;;;NMEA message parser not found for RMB.
25566;;;;;;;;Failed to parse: GGA.. Meters expected in GGA message.
25567;GSA;;;;;;;
25568;GSV;;;;;;;
25569;GSV;;;;;;;
25570;;;;;;;;NMEA message parser not found for GRM.
25571;RMC;12/26/2016 10:41:56 PM;49.2131063333333;16.6012547833333;;;;
25572;;;;;;;;NMEA message parser not found for RMB.
25573;;;;;;;;Failed to parse: GGA.. Meters expected in GGA message.
25574;GSA;;;;;;;
25575;GSV;;;;;;;
25576;GSV;;;;;;;
25577;;;;;;;;NMEA message parser not found for GRM.
25578;RMC;12/26/2016 10:41:57 PM;49.2130979833333;16.6012603;;;;
25579;;;;;;;;NMEA message parser not found for RMB.
25580;;;;;;;;Failed to parse: GGA.. Meters expected in GGA message.
25581;GSA;;;;;;;
25582;GSV;;;;;;;
25583;GSV;;;;;;;
25584;;;;;;;;NMEA message parser not found for GRM.
25585;RMC;12/26/2016 10:41:58 PM;49.2130896333333;16.6012658166667;;;;
25586;;;;;;;;NMEA message parser not found for RMB.
25587;;;;;;;;Failed to parse: GGA.. Meters expected in GGA message.
25588;GSA;;;;;;;
25589;GSV;;;;;;;
25590;GSV;;;;;;;
25591;;;;;;;;NMEA message parser not found for GRM.
25592;RMC;12/26/2016 10:41:59 PM;49.2130812833333;16.60127135;;;;
25593;;;;;;;;NMEA message parser not found for RMB.
25594;;;;;;;;Failed to parse: GGA.. Meters expected in GGA message.
25595;GSA;;;;;;;
25596;GSV;;;;;;;
25597;GSV;;;;;;;
25598;;;;;;;;NMEA message parser not found for GRM.
25599;RMC;12/26/2016 10:42:00 PM;49.2130729333333;16.6012768666667;;;;
25600;;;;;;;;NMEA message parser not found for RMB.
25601;;;;;;;;Failed to parse: GGA.. Meters expected in GGA message.
25602;GSA;;;;;;;
25603;GSV;;;;;;;
25604;GSV;;;;;;;
25605;;;;;;;;NMEA message parser not found for GRM.
25606;RMC;12/26/2016 10:42:01 PM;49.2130645833333;16.6012823833333;;;;
25607;;;;;;;;NMEA message parser not found for RMB.
25608;;;;;;;;Failed to parse: GGA.. Meters expected in GGA message.
25609;GSA;;;;;;;
25610;GSV;;;;;;;
25611;GSV;;;;;;;
25612;;;;;;;;NMEA message parser not found for GRM.
25613;RMC;12/26/2016 10:42:02 PM;49.2130562333333;16.6012879;;;;
25614;;;;;;;;NMEA message parser not found for RMB.
25615;;;;;;;;Failed to parse: GGA.. Meters expected in GGA message.
25616;GSA;;;;;;;
25617;GSV;;;;;;;
25618;GSV;;;;;;;
25619;;;;;;;;NMEA message parser not found for GRM.
25620;RMC;12/26/2016 10:42:03 PM;49.2130478833333;16.6012934166667;;;;
25621;;;;;;;;NMEA message parser not found for RMB.
25622;;;;;;;;Failed to parse: GGA.. Meters expected in GGA message.
25623;GSA;;;;;;;
25624;GSV;;;;;;;
25625;GSV;;;;;;;
25626;;;;;;;;NMEA message parser not found for GRM.
25627;RMC;12/26/2016 10:42:04 PM;49.2130395333333;16.6012989333333;;;;
25628;;;;;;;;NMEA message parser not found for RMB.
25629;;;;;;;;Failed to parse: GGA.. Meters expected in GGA message.
25630;GSA;;;;;;;
25631;GSV;;;;;;;
25632;GSV;;;;;;;
25633;;;;;;;;NMEA message parser not found for GRM.
25634;RMC;12/26/2016 10:42:05 PM;49.2130311666667;16.60130445;;;;
25635;;;;;;;;NMEA message parser not found for RMB.
25636;;;;;;;;Failed to parse: GGA.. Meters expected in GGA message.
25637;GSA;;;;;;;
25638;GSV;;;;;;;
25639;GSV;;;;;;;
25640;;;;;;;;NMEA message parser not found for GRM.
25641;RMC;12/26/2016 10:42:06 PM;49.2130228166667;16.6013099833333;;;;
25642;;;;;;;;NMEA message parser not found for RMB.
25643;;;;;;;;Failed to parse: GGA.. Meters expected in GGA message.
25644;GSA;;;;;;;
25645;GSV;;;;;;;
25646;GSV;;;;;;;
25647;;;;;;;;NMEA message parser not found for GRM.
25648;RMC;12/26/2016 10:42:07 PM;49.2130144666667;16.6013155;;;;
25649;;;;;;;;NMEA message parser not found for RMB.
25650;;;;;;;;Failed to parse: GGA.. Meters expected in GGA message.
25651;GSA;;;;;;;
25652;GSV;;;;;;;
25653;GSV;;;;;;;
25654;;;;;;;;NMEA message parser not found for GRM.
25655;RMC;12/26/2016 10:42:08 PM;49.2130061166667;16.6013210166667;;;;
25656;;;;;;;;NMEA message parser not found for RMB.
25657;;;;;;;;Failed to parse: GGA.. Meters expected in GGA message.
25658;GSA;;;;;;;
25659;GSV;;;;;;;
25660;GSV;;;;;;;
25661;;;;;;;;NMEA message parser not found for GRM.
25662;RMC;12/26/2016 10:42:09 PM;49.2129977666667;16.6013265333333;;;;
25663;;;;;;;;NMEA message parser not found for RMB.
25664;;;;;;;;Failed to parse: GGA.. Meters expected in GGA message.
25665;GSA;;;;;;;
25666;GSV;;;;;;;
25667;GSV;;;;;;;
25668;;;;;;;;NMEA message parser not found for GRM.
25669;RMC;12/26/2016 10:42:10 PM;49.2129894166667;16.60133205;;;;
25670;;;;;;;;NMEA message parser not found for RMB.
25671;;;;;;;;Failed to parse: GGA.. Meters expected in GGA message.
25672;GSA;;;;;;;
25673;GSV;;;;;;;
25674;GSV;;;;;;;
25675;;;;;;;;NMEA message parser not found for GRM.
25676;RMC;12/26/2016 10:42:11 PM;49.2129810666667;16.6013375666667;;;;
25677;;;;;;;;NMEA message parser not found for RMB.
25678;;;;;;;;Failed to parse: GGA.. Meters expected in GGA message.
25679;GSA;;;;;;;
25680;GSV;;;;;;;
25681;GSV;;;;;;;
25682;;;;;;;;NMEA message parser not found for GRM.
25683;RMC;12/26/2016 10:42:12 PM;49.2129727166667;16.6013430833333;;;;
25684;;;;;;;;NMEA message parser not found for RMB.
25685;;;;;;;;Failed to parse: GGA.. Meters expected in GGA message.
25686;GSA;;;;;;;
25687;GSV;;;;;;;
25688;GSV;;;;;;;
25689;;;;;;;;NMEA message parser not found for GRM.
25690;RMC;12/26/2016 10:42:13 PM;49.2129643666667;16.6013486166667;;;;
25691;;;;;;;;NMEA message parser not found for RMB.
25692;;;;;;;;Failed to parse: GGA.. Meters expected in GGA message.
25693;GSA;;;;;;;
25694;GSV;;;;;;;
25695;GSV;;;;;;;
25696;;;;;;;;NMEA message parser not found for GRM.
25697;RMC;12/26/2016 10:42:14 PM;49.2129560166667;16.6013541333333;;;;
25698;;;;;;;;NMEA message parser not found for RMB.
25699;;;;;;;;Failed to parse: GGA.. Meters expected in GGA message.
25700;GSA;;;;;;;
25701;GSV;;;;;;;
25702;GSV;;;;;;;
25703;;;;;;;;NMEA message parser not found for GRM.
25704;RMC;12/26/2016 10:42:15 PM;49.2129476666667;16.60135965;;;;
25705;;;;;;;;NMEA message parser not found for RMB.
25706;;;;;;;;Failed to parse: GGA.. Meters expected in GGA message.
25707;GSA;;;;;;;
25708;GSV;;;;;;;
25709;GSV;;;;;;;
25710;;;;;;;;NMEA message parser not found for GRM.
25711;RMC;12/26/2016 10:42:16 PM;49.2129393166667;16.6013651666667;;;;
25712;;;;;;;;NMEA message parser not found for RMB.
25713;;;;;;;;Failed to parse: GGA.. Meters expected in GGA message.
25714;GSA;;;;;;;
25715;GSV;;;;;;;
25716;GSV;;;;;;;
25717;;;;;;;;NMEA message parser not found for GRM.
25718;RMC;12/26/2016 10:42:17 PM;49.2129309333333;16.6013706333333;;;;
25719;;;;;;;;NMEA message parser not found for RMB.
25720;;;;;;;;Failed to parse: GGA.. Meters expected in GGA message.
25721;GSA;;;;;;;
25722;GSV;;;;;;;
25723;GSV;;;;;;;
25724;;;;;;;;NMEA message parser not found for GRM.
25725;RMC;12/26/2016 10:42:18 PM;49.2129222666667;16.6013756666667;;;;
25726;;;;;;;;NMEA message parser not found for RMB.
25727;;;;;;;;Failed to parse: GGA.. Meters expected in GGA message.
25728;GSA;;;;;;;
25729;GSV;;;;;;;
25730;GSV;;;;;;;
25731;;;;;;;;NMEA message parser not found for GRM.
25732;RMC;12/26/2016 10:42:19 PM;49.2129136166667;16.6013807;;;;
25733;;;;;;;;NMEA message parser not found for RMB.
25734;;;;;;;;Failed to parse: GGA.. Meters expected in GGA message.
25735;GSA;;;;;;;
25736;GSV;;;;;;;
25737;GSV;;;;;;;
25738;;;;;;;;NMEA message parser not found for GRM.
25739;RMC;12/26/2016 10:42:20 PM;49.2129049666667;16.6013857333333;;;;
25740;;;;;;;;NMEA message parser not found for RMB.
25741;;;;;;;;Failed to parse: GGA.. Meters expected in GGA message.
25742;GSA;;;;;;;
25743;GSV;;;;;;;
25744;GSV;;;;;;;
25745;;;;;;;;NMEA message parser not found for GRM.
25746;RMC;12/26/2016 10:42:21 PM;49.2128963166667;16.6013907666667;;;;
25747;;;;;;;;NMEA message parser not found for RMB.
25748;;;;;;;;Failed to parse: GGA.. Meters expected in GGA message.
25749;GSA;;;;;;;
25750;GSV;;;;;;;
25751;GSV;;;;;;;
25752;;;;;;;;NMEA message parser not found for GRM.
25753;RMC;12/26/2016 10:42:22 PM;49.2128876666667;16.6013958;;;;
25754;;;;;;;;NMEA message parser not found for RMB.
25755;;;;;;;;Failed to parse: GGA.. Meters expected in GGA message.
25756;GSA;;;;;;;
25757;GSV;;;;;;;
25758;GSV;;;;;;;
25759;;;;;;;;NMEA message parser not found for GRM.
25760;RMC;12/26/2016 10:42:23 PM;49.2128790166667;16.6014008333333;;;;
25761;;;;;;;;NMEA message parser not found for RMB.
25762;;;;;;;;Failed to parse: GGA.. Meters expected in GGA message.
25763;GSA;;;;;;;
25764;GSV;;;;;;;
25765;GSV;;;;;;;
25766;;;;;;;;NMEA message parser not found for GRM.
25767;RMC;12/26/2016 10:42:24 PM;49.2128703666667;16.6014058666667;;;;
25768;;;;;;;;NMEA message parser not found for RMB.
25769;;;;;;;;Failed to parse: GGA.. Meters expected in GGA message.
25770;GSA;;;;;;;
25771;GSV;;;;;;;
25772;GSV;;;;;;;
25773;;;;;;;;NMEA message parser not found for GRM.
25774;RMC;12/26/2016 10:42:25 PM;49.2128617166667;16.6014109;;;;
25775;;;;;;;;NMEA message parser not found for RMB.
25776;;;;;;;;Failed to parse: GGA.. Meters expected in GGA message.
25777;GSA;;;;;;;
25778;GSV;;;;;;;
25779;GSV;;;;;;;
25780;;;;;;;;NMEA message parser not found for GRM.
25781;RMC;12/26/2016 10:42:26 PM;49.2128530666667;16.60141595;;;;
25782;;;;;;;;NMEA message parser not found for RMB.
25783;;;;;;;;Failed to parse: GGA.. Meters expected in GGA message.
25784;GSA;;;;;;;
25785;GSV;;;;;;;
25786;GSV;;;;;;;
25787;;;;;;;;NMEA message parser not found for GRM.
25788;RMC;12/26/2016 10:42:27 PM;49.2128444166667;16.6014209833333;;;;
25789;;;;;;;;NMEA message parser not found for RMB.
25790;;;;;;;;Failed to parse: GGA.. Meters expected in GGA message.
25791;GSA;;;;;;;
25792;GSV;;;;;;;
25793;GSV;;;;;;;
25794;;;;;;;;NMEA message parser not found for GRM.
25795;RMC;12/26/2016 10:42:28 PM;49.2128357666667;16.6014260166667;;;;
25796;;;;;;;;NMEA message parser not found for RMB.
25797;;;;;;;;Failed to parse: GGA.. Meters expected in GGA message.
25798;GSA;;;;;;;
25799;GSV;;;;;;;
25800;GSV;;;;;;;
25801;;;;;;;;NMEA message parser not found for GRM.
25802;RMC;12/26/2016 10:42:29 PM;49.2128271166667;16.60143105;;;;
25803;;;;;;;;NMEA message parser not found for RMB.
25804;;;;;;;;Failed to parse: GGA.. Meters expected in GGA message.
25805;GSA;;;;;;;
25806;GSV;;;;;;;
25807;GSV;;;;;;;
25808;;;;;;;;NMEA message parser not found for GRM.
25809;RMC;12/26/2016 10:42:30 PM;49.21281845;16.6014360833333;;;;
25810;;;;;;;;NMEA message parser not found for RMB.
25811;;;;;;;;Failed to parse: GGA.. Meters expected in GGA message.
25812;GSA;;;;;;;
25813;GSV;;;;;;;
25814;GSV;;;;;;;
25815;;;;;;;;NMEA message parser not found for GRM.
25816;RMC;12/26/2016 10:42:31 PM;49.2128098;16.6014411166667;;;;
25817;;;;;;;;NMEA message parser not found for RMB.
25818;;;;;;;;Failed to parse: GGA.. Meters expected in GGA message.
25819;GSA;;;;;;;
25820;GSV;;;;;;;
25821;GSV;;;;;;;
25822;;;;;;;;NMEA message parser not found for GRM.
25823;RMC;12/26/2016 10:42:32 PM;49.21280115;16.60144615;;;;
25824;;;;;;;;NMEA message parser not found for RMB.
25825;;;;;;;;Failed to parse: GGA.. Meters expected in GGA message.
25826;GSA;;;;;;;
25827;GSV;;;;;;;
25828;GSV;;;;;;;
25829;;;;;;;;NMEA message parser not found for GRM.
25830;RMC;12/26/2016 10:42:33 PM;49.2127925;16.6014511833333;;;;
25831;;;;;;;;NMEA message parser not found for RMB.
25832;;;;;;;;Failed to parse: GGA.. Meters expected in GGA message.
25833;GSA;;;;;;;
25834;GSV;;;;;;;
25835;GSV;;;;;;;
25836;;;;;;;;NMEA message parser not found for GRM.
25837;RMC;12/26/2016 10:42:34 PM;49.21278385;16.6014562333333;;;;
25838;;;;;;;;NMEA message parser not found for RMB.
25839;;;;;;;;Failed to parse: GGA.. Meters expected in GGA message.
25840;GSA;;;;;;;
25841;GSV;;;;;;;
25842;GSV;;;;;;;
25843;;;;;;;;NMEA message parser not found for GRM.
25844;RMC;12/26/2016 10:42:35 PM;49.2127752;16.6014612666667;;;;
25845;;;;;;;;NMEA message parser not found for RMB.
25846;;;;;;;;Failed to parse: GGA.. Meters expected in GGA message.
25847;GSA;;;;;;;
25848;GSV;;;;;;;
25849;GSV;;;;;;;
25850;;;;;;;;NMEA message parser not found for GRM.
25851;RMC;12/26/2016 10:42:36 PM;49.21276655;16.6014663;;;;
25852;;;;;;;;NMEA message parser not found for RMB.
25853;;;;;;;;Failed to parse: GGA.. Meters expected in GGA message.
25854;GSA;;;;;;;
25855;GSV;;;;;;;
25856;GSV;;;;;;;
25857;;;;;;;;NMEA message parser not found for GRM.
25858;RMC;12/26/2016 10:42:37 PM;49.2127579;16.6014713333333;;;;
25859;;;;;;;;NMEA message parser not found for RMB.
25860;;;;;;;;Failed to parse: GGA.. Meters expected in GGA message.
25861;GSA;;;;;;;
25862;GSV;;;;;;;
25863;GSV;;;;;;;
25864;;;;;;;;NMEA message parser not found for GRM.
25865;RMC;12/26/2016 10:42:38 PM;49.21274925;16.6014763666667;;;;
25866;;;;;;;;NMEA message parser not found for RMB.
25867;;;;;;;;Failed to parse: GGA.. Meters expected in GGA message.
25868;GSA;;;;;;;
25869;GSV;;;;;;;
25870;GSV;;;;;;;
25871;;;;;;;;NMEA message parser not found for GRM.
25872;RMC;12/26/2016 10:42:39 PM;49.2127406;16.6014814;;;;
25873;;;;;;;;NMEA message parser not found for RMB.
25874;;;;;;;;Failed to parse: GGA.. Meters expected in GGA message.
25875;GSA;;;;;;;
25876;GSV;;;;;;;
25877;GSV;;;;;;;
25878;;;;;;;;NMEA message parser not found for GRM.
25879;RMC;12/26/2016 10:42:40 PM;49.21273195;16.6014864333333;;;;
25880;;;;;;;;NMEA message parser not found for RMB.
25881;;;;;;;;Failed to parse: GGA.. Meters expected in GGA message.
25882;GSA;;;;;;;
25883;GSV;;;;;;;
25884;GSV;;;;;;;
25885;;;;;;;;NMEA message parser not found for GRM.
25886;RMC;12/26/2016 10:42:41 PM;49.2127233;16.6014914666667;;;;
25887;;;;;;;;NMEA message parser not found for RMB.
25888;;;;;;;;Failed to parse: GGA.. Meters expected in GGA message.
25889;GSA;;;;;;;
25890;GSV;;;;;;;
25891;GSV;;;;;;;
25892;;;;;;;;NMEA message parser not found for GRM.
25893;RMC;12/26/2016 10:42:42 PM;49.2127146333333;16.6014965166667;;;;
25894;;;;;;;;NMEA message parser not found for RMB.
25895;;;;;;;;Failed to parse: GGA.. Meters expected in GGA message.
25896;GSA;;;;;;;
25897;GSV;;;;;;;
25898;GSV;;;;;;;
25899;;;;;;;;NMEA message parser not found for GRM.
25900;RMC;12/26/2016 10:42:43 PM;49.2127059833333;16.60150155;;;;
25901;;;;;;;;NMEA message parser not found for RMB.
25902;;;;;;;;Failed to parse: GGA.. Meters expected in GGA message.
25903;GSA;;;;;;;
25904;GSV;;;;;;;
25905;GSV;;;;;;;
25906;;;;;;;;NMEA message parser not found for GRM.
25907;RMC;12/26/2016 10:42:44 PM;49.2126973333333;16.6015065833333;;;;
25908;;;;;;;;NMEA message parser not found for RMB.
25909;;;;;;;;Failed to parse: GGA.. Meters expected in GGA message.
25910;GSA;;;;;;;
25911;GSV;;;;;;;
25912;GSV;;;;;;;
25913;;;;;;;;NMEA message parser not found for GRM.
25914;RMC;12/26/2016 10:42:45 PM;49.2126886833333;16.6015116166667;;;;
25915;;;;;;;;NMEA message parser not found for RMB.
25916;;;;;;;;Failed to parse: GGA.. Meters expected in GGA message.
25917;GSA;;;;;;;
25918;GSV;;;;;;;
25919;GSV;;;;;;;
25920;;;;;;;;NMEA message parser not found for GRM.
25921;RMC;12/26/2016 10:42:46 PM;49.2126800333333;16.60151665;;;;
25922;;;;;;;;NMEA message parser not found for RMB.
25923;;;;;;;;Failed to parse: GGA.. Meters expected in GGA message.
25924;GSA;;;;;;;
25925;GSV;;;;;;;
25926;GSV;;;;;;;
25927;;;;;;;;NMEA message parser not found for GRM.
25928;RMC;12/26/2016 10:42:47 PM;49.2126713833333;16.6015216833333;;;;
25929;;;;;;;;NMEA message parser not found for RMB.
25930;;;;;;;;Failed to parse: GGA.. Meters expected in GGA message.
25931;GSA;;;;;;;
25932;GSV;;;;;;;
25933;GSV;;;;;;;
25934;;;;;;;;NMEA message parser not found for GRM.
25935;RMC;12/26/2016 10:42:48 PM;49.2126627333333;16.6015267166667;;;;
25936;;;;;;;;NMEA message parser not found for RMB.
25937;;;;;;;;Failed to parse: GGA.. Meters expected in GGA message.
25938;GSA;;;;;;;
25939;GSV;;;;;;;
25940;GSV;;;;;;;
25941;;;;;;;;NMEA message parser not found for GRM.
25942;RMC;12/26/2016 10:42:49 PM;49.2126540833333;16.60153175;;;;
25943;;;;;;;;NMEA message parser not found for RMB.
25944;;;;;;;;Failed to parse: GGA.. Meters expected in GGA message.
25945;GSA;;;;;;;
25946;GSV;;;;;;;
25947;GSV;;;;;;;
25948;;;;;;;;NMEA message parser not found for GRM.
25949;RMC;12/26/2016 10:42:50 PM;49.2126454333333;16.6015367833333;;;;
25950;;;;;;;;NMEA message parser not found for RMB.
25951;;;;;;;;Failed to parse: GGA.. Meters expected in GGA message.
25952;GSA;;;;;;;
25953;GSV;;;;;;;
25954;GSV;;;;;;;
25955;;;;;;;;NMEA message parser not found for GRM.
25956;RMC;12/26/2016 10:42:51 PM;49.2126367833333;16.6015418333333;;;;
25957;;;;;;;;NMEA message parser not found for RMB.
25958;;;;;;;;Failed to parse: GGA.. Meters expected in GGA message.
25959;GSA;;;;;;;
25960;GSV;;;;;;;
25961;GSV;;;;;;;
25962;;;;;;;;NMEA message parser not found for GRM.
25963;RMC;12/26/2016 10:42:52 PM;49.2126281333333;16.6015468666667;;;;
25964;;;;;;;;NMEA message parser not found for RMB.
25965;;;;;;;;Failed to parse: GGA.. Meters expected in GGA message.
25966;GSA;;;;;;;
25967;GSV;;;;;;;
25968;GSV;;;;;;;
25969;;;;;;;;NMEA message parser not found for GRM.
25970;RMC;12/26/2016 10:42:53 PM;49.2126194833333;16.6015519;;;;
25971;;;;;;;;NMEA message parser not found for RMB.
25972;;;;;;;;Failed to parse: GGA.. Meters expected in GGA message.
25973;GSA;;;;;;;
25974;GSV;;;;;;;
25975;GSV;;;;;;;
25976;;;;;;;;NMEA message parser not found for GRM.
25977;RMC;12/26/2016 10:42:54 PM;49.2126108166667;16.6015569333333;;;;
25978;;;;;;;;NMEA message parser not found for RMB.
25979;;;;;;;;Failed to parse: GGA.. Meters expected in GGA message.
25980;GSA;;;;;;;
25981;GSV;;;;;;;
25982;GSV;;;;;;;
25983;;;;;;;;NMEA message parser not found for GRM.
25984;RMC;12/26/2016 10:42:55 PM;49.2126021666667;16.6015619666667;;;;
25985;;;;;;;;NMEA message parser not found for RMB.
25986;;;;;;;;Failed to parse: GGA.. Meters expected in GGA message.
25987;GSA;;;;;;;
25988;GSV;;;;;;;
25989;GSV;;;;;;;
25990;;;;;;;;NMEA message parser not found for GRM.
25991;RMC;12/26/2016 10:42:56 PM;49.2125935166667;16.601567;;;;
25992;;;;;;;;NMEA message parser not found for RMB.
25993;;;;;;;;Failed to parse: GGA.. Meters expected in GGA message.
25994;GSA;;;;;;;
25995;GSV;;;;;;;
25996;GSV;;;;;;;
25997;;;;;;;;NMEA message parser not found for GRM.
25998;RMC;12/26/2016 10:42:57 PM;49.2125848666667;16.6015720333333;;;;
25999;;;;;;;;NMEA message parser not found for RMB.
26000;;;;;;;;Failed to parse: GGA.. Meters expected in GGA message.
26001;GSA;;;;;;;
26002;GSV;;;;;;;
26003;GSV;;;;;;;
26004;;;;;;;;NMEA message parser not found for GRM.
26005;RMC;12/26/2016 10:42:58 PM;49.2125762166667;16.6015770666667;;;;
26006;;;;;;;;NMEA message parser not found for RMB.
26007;;;;;;;;Failed to parse: GGA.. Meters expected in GGA message.
26008;GSA;;;;;;;
26009;GSV;;;;;;;
26010;GSV;;;;;;;
26011;;;;;;;;NMEA message parser not found for GRM.
26012;RMC;12/26/2016 10:42:59 PM;49.2125675666667;16.6015821166667;;;;
26013;;;;;;;;NMEA message parser not found for RMB.
26014;;;;;;;;Failed to parse: GGA.. Meters expected in GGA message.
26015;GSA;;;;;;;
26016;GSV;;;;;;;
26017;GSV;;;;;;;
26018;;;;;;;;NMEA message parser not found for GRM.
26019;RMC;12/26/2016 10:43:00 PM;49.2125589166667;16.60158715;;;;
26020;;;;;;;;NMEA message parser not found for RMB.
26021;;;;;;;;Failed to parse: GGA.. Meters expected in GGA message.
26022;GSA;;;;;;;
26023;GSV;;;;;;;
26024;GSV;;;;;;;
26025;;;;;;;;NMEA message parser not found for GRM.
26026;RMC;12/26/2016 10:43:01 PM;49.2125502666667;16.6015921833333;;;;
26027;;;;;;;;NMEA message parser not found for RMB.
26028;;;;;;;;Failed to parse: GGA.. Meters expected in GGA message.
26029;GSA;;;;;;;
26030;GSV;;;;;;;
26031;GSV;;;;;;;
26032;;;;;;;;NMEA message parser not found for GRM.
26033;RMC;12/26/2016 10:43:02 PM;49.2125416166667;16.6015972166667;;;;
26034;;;;;;;;NMEA message parser not found for RMB.
26035;;;;;;;;Failed to parse: GGA.. Meters expected in GGA message.
26036;GSA;;;;;;;
26037;GSV;;;;;;;
26038;GSV;;;;;;;
26039;;;;;;;;NMEA message parser not found for GRM.
26040;RMC;12/26/2016 10:43:03 PM;49.2125329666667;16.60160225;;;;
26041;;;;;;;;NMEA message parser not found for RMB.
26042;;;;;;;;Failed to parse: GGA.. Meters expected in GGA message.
26043;GSA;;;;;;;
26044;GSV;;;;;;;
26045;GSV;;;;;;;
26046;;;;;;;;NMEA message parser not found for GRM.
26047;RMC;12/26/2016 10:43:04 PM;49.2125243166667;16.6016072833333;;;;
26048;;;;;;;;NMEA message parser not found for RMB.
26049;;;;;;;;Failed to parse: GGA.. Meters expected in GGA message.
26050;GSA;;;;;;;
26051;GSV;;;;;;;
26052;GSV;;;;;;;
26053;;;;;;;;NMEA message parser not found for GRM.
26054;RMC;12/26/2016 10:43:05 PM;49.2125156666667;16.6016123166667;;;;
26055;;;;;;;;NMEA message parser not found for RMB.
26056;;;;;;;;Failed to parse: GGA.. Meters expected in GGA message.
26057;GSA;;;;;;;
26058;GSV;;;;;;;
26059;GSV;;;;;;;
26060;;;;;;;;NMEA message parser not found for GRM.
26061;RMC;12/26/2016 10:43:06 PM;49.2125070166667;16.60161735;;;;
26062;;;;;;;;NMEA message parser not found for RMB.
26063;;;;;;;;Failed to parse: GGA.. Meters expected in GGA message.
26064;GSA;;;;;;;
26065;GSV;;;;;;;
26066;GSV;;;;;;;
26067;;;;;;;;NMEA message parser not found for GRM.
26068;RMC;12/26/2016 10:43:07 PM;49.21249835;16.6016223833333;;;;
26069;;;;;;;;NMEA message parser not found for RMB.
26070;;;;;;;;Failed to parse: GGA.. Meters expected in GGA message.
26071;GSA;;;;;;;
26072;GSV;;;;;;;
26073;GSV;;;;;;;
26074;;;;;;;;NMEA message parser not found for GRM.
26075;RMC;12/26/2016 10:43:08 PM;49.2124897;16.6016274333333;;;;
26076;;;;;;;;NMEA message parser not found for RMB.
26077;;;;;;;;Failed to parse: GGA.. Meters expected in GGA message.
26078;GSA;;;;;;;
26079;GSV;;;;;;;
26080;GSV;;;;;;;
26081;;;;;;;;NMEA message parser not found for GRM.
26082;RMC;12/26/2016 10:43:09 PM;49.21248105;16.6016324666667;;;;
26083;;;;;;;;NMEA message parser not found for RMB.
26084;;;;;;;;Failed to parse: GGA.. Meters expected in GGA message.
26085;GSA;;;;;;;
26086;GSV;;;;;;;
26087;GSV;;;;;;;
26088;;;;;;;;NMEA message parser not found for GRM.
26089;RMC;12/26/2016 10:43:10 PM;49.2124724;16.6016375;;;;
26090;;;;;;;;NMEA message parser not found for RMB.
26091;;;;;;;;Failed to parse: GGA.. Meters expected in GGA message.
26092;GSA;;;;;;;
26093;GSV;;;;;;;
26094;GSV;;;;;;;
26095;;;;;;;;NMEA message parser not found for GRM.
26096;RMC;12/26/2016 10:43:11 PM;49.21246375;16.6016425333333;;;;
26097;;;;;;;;NMEA message parser not found for RMB.
26098;;;;;;;;Failed to parse: GGA.. Meters expected in GGA message.
26099;GSA;;;;;;;
26100;GSV;;;;;;;
26101;GSV;;;;;;;
26102;;;;;;;;NMEA message parser not found for GRM.
26103;RMC;12/26/2016 10:43:12 PM;49.2124551;16.6016475666667;;;;
26104;;;;;;;;NMEA message parser not found for RMB.
26105;;;;;;;;Failed to parse: GGA.. Meters expected in GGA message.
26106;GSA;;;;;;;
26107;GSV;;;;;;;
26108;GSV;;;;;;;
26109;;;;;;;;NMEA message parser not found for GRM.
26110;RMC;12/26/2016 10:43:13 PM;49.21244645;16.6016526;;;;
26111;;;;;;;;NMEA message parser not found for RMB.
26112;;;;;;;;Failed to parse: GGA.. Meters expected in GGA message.
26113;GSA;;;;;;;
26114;GSV;;;;;;;
26115;GSV;;;;;;;
26116;;;;;;;;NMEA message parser not found for GRM.
26117;RMC;12/26/2016 10:43:14 PM;49.2124378;16.6016576333333;;;;
26118;;;;;;;;NMEA message parser not found for RMB.
26119;;;;;;;;Failed to parse: GGA.. Meters expected in GGA message.
26120;GSA;;;;;;;
26121;GSV;;;;;;;
26122;GSV;;;;;;;
26123;;;;;;;;NMEA message parser not found for GRM.
26124;RMC;12/26/2016 10:43:15 PM;49.21242915;16.6016626666667;;;;
26125;;;;;;;;NMEA message parser not found for RMB.
26126;;;;;;;;Failed to parse: GGA.. Meters expected in GGA message.
26127;GSA;;;;;;;
26128;GSV;;;;;;;
26129;GSV;;;;;;;
26130;;;;;;;;NMEA message parser not found for GRM.
26131;RMC;12/26/2016 10:43:16 PM;49.2124205;16.6016677166667;;;;
26132;;;;;;;;NMEA message parser not found for RMB.
26133;;;;;;;;Failed to parse: GGA.. Meters expected in GGA message.
26134;GSA;;;;;;;
26135;GSV;;;;;;;
26136;GSV;;;;;;;
26137;;;;;;;;NMEA message parser not found for GRM.
26138;RMC;12/26/2016 10:43:17 PM;49.21241185;16.60167275;;;;
26139;;;;;;;;NMEA message parser not found for RMB.
26140;;;;;;;;Failed to parse: GGA.. Meters expected in GGA message.
26141;GSA;;;;;;;
26142;GSV;;;;;;;
26143;GSV;;;;;;;
26144;;;;;;;;NMEA message parser not found for GRM.
26145;RMC;12/26/2016 10:43:18 PM;49.2124032;16.6016777833333;;;;
26146;;;;;;;;NMEA message parser not found for RMB.
26147;;;;;;;;Failed to parse: GGA.. Meters expected in GGA message.
26148;GSA;;;;;;;
26149;GSV;;;;;;;
26150;GSV;;;;;;;
26151;;;;;;;;NMEA message parser not found for GRM.
26152;RMC;12/26/2016 10:43:19 PM;49.2123945333333;16.6016828166667;;;;
26153;;;;;;;;NMEA message parser not found for RMB.
26154;;;;;;;;Failed to parse: GGA.. Meters expected in GGA message.
26155;GSA;;;;;;;
26156;GSV;;;;;;;
26157;GSV;;;;;;;
26158;;;;;;;;NMEA message parser not found for GRM.
26159;RMC;12/26/2016 10:43:20 PM;49.2123858833333;16.60168785;;;;
26160;;;;;;;;NMEA message parser not found for RMB.
26161;;;;;;;;Failed to parse: GGA.. Meters expected in GGA message.
26162;GSA;;;;;;;
26163;GSV;;;;;;;
26164;GSV;;;;;;;
26165;;;;;;;;NMEA message parser not found for GRM.
26166;RMC;12/26/2016 10:43:21 PM;49.2123772333333;16.6016928833333;;;;
26167;;;;;;;;NMEA message parser not found for RMB.
26168;;;;;;;;Failed to parse: GGA.. Meters expected in GGA message.
26169;GSA;;;;;;;
26170;GSV;;;;;;;
26171;GSV;;;;;;;
26172;;;;;;;;NMEA message parser not found for GRM.
26173;RMC;12/26/2016 10:43:22 PM;49.2123685833333;16.6016979166667;;;;
26174;;;;;;;;NMEA message parser not found for RMB.
26175;;;;;;;;Failed to parse: GGA.. Meters expected in GGA message.
26176;GSA;;;;;;;
26177;GSV;;;;;;;
26178;GSV;;;;;;;
26179;;;;;;;;NMEA message parser not found for GRM.
26180;RMC;12/26/2016 10:43:23 PM;49.2123599333333;16.60170295;;;;
26181;;;;;;;;NMEA message parser not found for RMB.
26182;;;;;;;;Failed to parse: GGA.. Meters expected in GGA message.
26183;GSA;;;;;;;
26184;GSV;;;;;;;
26185;GSV;;;;;;;
26186;;;;;;;;NMEA message parser not found for GRM.
26187;RMC;12/26/2016 10:43:24 PM;49.2123512833333;16.6017079833333;;;;
26188;;;;;;;;NMEA message parser not found for RMB.
26189;;;;;;;;Failed to parse: GGA.. Meters expected in GGA message.
26190;GSA;;;;;;;
26191;GSV;;;;;;;
26192;GSV;;;;;;;
26193;;;;;;;;NMEA message parser not found for GRM.
26194;RMC;12/26/2016 10:43:25 PM;49.2123426333333;16.6017130333333;;;;
26195;;;;;;;;NMEA message parser not found for RMB.
26196;;;;;;;;Failed to parse: GGA.. Meters expected in GGA message.
26197;GSA;;;;;;;
26198;GSV;;;;;;;
26199;GSV;;;;;;;
26200;;;;;;;;NMEA message parser not found for GRM.
26201;RMC;12/26/2016 10:43:26 PM;49.2123339833333;16.6017180666667;;;;
26202;;;;;;;;NMEA message parser not found for RMB.
26203;;;;;;;;Failed to parse: GGA.. Meters expected in GGA message.
26204;GSA;;;;;;;
26205;GSV;;;;;;;
26206;GSV;;;;;;;
26207;;;;;;;;NMEA message parser not found for GRM.
26208;RMC;12/26/2016 10:43:27 PM;49.2123253333333;16.6017231;;;;
26209;;;;;;;;NMEA message parser not found for RMB.
26210;;;;;;;;Failed to parse: GGA.. Meters expected in GGA message.
26211;GSA;;;;;;;
26212;GSV;;;;;;;
26213;GSV;;;;;;;
26214;;;;;;;;NMEA message parser not found for GRM.
26215;RMC;12/26/2016 10:43:28 PM;49.2123166833333;16.6017281333333;;;;
26216;;;;;;;;NMEA message parser not found for RMB.
26217;;;;;;;;Failed to parse: GGA.. Meters expected in GGA message.
26218;GSA;;;;;;;
26219;GSV;;;;;;;
26220;GSV;;;;;;;
26221;;;;;;;;NMEA message parser not found for GRM.
26222;RMC;12/26/2016 10:43:29 PM;49.2123080333333;16.6017331666667;;;;
26223;;;;;;;;NMEA message parser not found for RMB.
26224;;;;;;;;Failed to parse: GGA.. Meters expected in GGA message.
26225;GSA;;;;;;;
26226;GSV;;;;;;;
26227;GSV;;;;;;;
26228;;;;;;;;NMEA message parser not found for GRM.
26229;RMC;12/26/2016 10:43:30 PM;49.2122993833333;16.6017382;;;;
26230;;;;;;;;NMEA message parser not found for RMB.
26231;;;;;;;;Failed to parse: GGA.. Meters expected in GGA message.
26232;GSA;;;;;;;
26233;GSV;;;;;;;
26234;GSV;;;;;;;
26235;;;;;;;;NMEA message parser not found for GRM.
26236;RMC;12/26/2016 10:43:31 PM;49.2122907166667;16.6017432333333;;;;
26237;;;;;;;;NMEA message parser not found for RMB.
26238;;;;;;;;Failed to parse: GGA.. Meters expected in GGA message.
26239;GSA;;;;;;;
26240;GSV;;;;;;;
26241;GSV;;;;;;;
26242;;;;;;;;NMEA message parser not found for GRM.
26243;RMC;12/26/2016 10:43:32 PM;49.2122820666667;16.6017482666667;;;;
26244;;;;;;;;NMEA message parser not found for RMB.
26245;;;;;;;;Failed to parse: GGA.. Meters expected in GGA message.
26246;GSA;;;;;;;
26247;GSV;;;;;;;
26248;GSV;;;;;;;
26249;;;;;;;;NMEA message parser not found for GRM.
26250;RMC;12/26/2016 10:43:33 PM;49.2122734166667;16.6017533166667;;;;
26251;;;;;;;;NMEA message parser not found for RMB.
26252;;;;;;;;Failed to parse: GGA.. Meters expected in GGA message.
26253;GSA;;;;;;;
26254;GSV;;;;;;;
26255;GSV;;;;;;;
26256;;;;;;;;NMEA message parser not found for GRM.
26257;RMC;12/26/2016 10:43:34 PM;49.2122647666667;16.60175835;;;;
26258;;;;;;;;NMEA message parser not found for RMB.
26259;;;;;;;;Failed to parse: GGA.. Meters expected in GGA message.
26260;GSA;;;;;;;
26261;GSV;;;;;;;
26262;GSV;;;;;;;
26263;;;;;;;;NMEA message parser not found for GRM.
26264;RMC;12/26/2016 10:43:35 PM;49.2122561166667;16.6017633833333;;;;
26265;;;;;;;;NMEA message parser not found for RMB.
26266;;;;;;;;Failed to parse: GGA.. Meters expected in GGA message.
26267;GSA;;;;;;;
26268;GSV;;;;;;;
26269;GSV;;;;;;;
26270;;;;;;;;NMEA message parser not found for GRM.
26271;RMC;12/26/2016 10:43:36 PM;49.2122474666667;16.6017684166667;;;;
26272;;;;;;;;NMEA message parser not found for RMB.
26273;;;;;;;;Failed to parse: GGA.. Meters expected in GGA message.
26274;GSA;;;;;;;
26275;GSV;;;;;;;
26276;GSV;;;;;;;
26277;;;;;;;;NMEA message parser not found for GRM.
26278;RMC;12/26/2016 10:43:37 PM;49.2122388166667;16.60177345;;;;
26279;;;;;;;;NMEA message parser not found for RMB.
26280;;;;;;;;Failed to parse: GGA.. Meters expected in GGA message.
26281;GSA;;;;;;;
26282;GSV;;;;;;;
26283;GSV;;;;;;;
26284;;;;;;;;NMEA message parser not found for GRM.
26285;RMC;12/26/2016 10:43:38 PM;49.2122301333333;16.6017784333333;;;;
26286;;;;;;;;NMEA message parser not found for RMB.
26287;;;;;;;;Failed to parse: GGA.. Meters expected in GGA message.
26288;GSA;;;;;;;
26289;GSV;;;;;;;
26290;GSV;;;;;;;
26291;;;;;;;;NMEA message parser not found for GRM.
26292;RMC;12/26/2016 10:43:39 PM;49.21222115;16.6017828333333;;;;
26293;;;;;;;;NMEA message parser not found for RMB.
26294;;;;;;;;Failed to parse: GGA.. Meters expected in GGA message.
26295;GSA;;;;;;;
26296;GSV;;;;;;;
26297;GSV;;;;;;;
26298;;;;;;;;NMEA message parser not found for GRM.
26299;RMC;12/26/2016 10:43:40 PM;49.2122121666667;16.60178725;;;;
26300;;;;;;;;NMEA message parser not found for RMB.
26301;;;;;;;;Failed to parse: GGA.. Meters expected in GGA message.
26302;GSA;;;;;;;
26303;GSV;;;;;;;
26304;GSV;;;;;;;
26305;;;;;;;;NMEA message parser not found for GRM.
26306;RMC;12/26/2016 10:43:41 PM;49.2122031833333;16.6017916666667;;;;
26307;;;;;;;;NMEA message parser not found for RMB.
26308;;;;;;;;Failed to parse: GGA.. Meters expected in GGA message.
26309;GSA;;;;;;;
26310;GSV;;;;;;;
26311;GSV;;;;;;;
26312;;;;;;;;NMEA message parser not found for GRM.
26313;RMC;12/26/2016 10:43:42 PM;49.2121942;16.6017960833333;;;;
26314;;;;;;;;NMEA message parser not found for RMB.
26315;;;;;;;;Failed to parse: GGA.. Meters expected in GGA message.
26316;GSA;;;;;;;
26317;GSV;;;;;;;
26318;GSV;;;;;;;
26319;;;;;;;;NMEA message parser not found for GRM.
26320;RMC;12/26/2016 10:43:43 PM;49.2121852166667;16.6018005;;;;
26321;;;;;;;;NMEA message parser not found for RMB.
26322;;;;;;;;Failed to parse: GGA.. Meters expected in GGA message.
26323;GSA;;;;;;;
26324;GSV;;;;;;;
26325;GSV;;;;;;;
26326;;;;;;;;NMEA message parser not found for GRM.
26327;RMC;12/26/2016 10:43:44 PM;49.2121762333333;16.6018049;;;;
26328;;;;;;;;NMEA message parser not found for RMB.
26329;;;;;;;;Failed to parse: GGA.. Meters expected in GGA message.
26330;GSA;;;;;;;
26331;GSV;;;;;;;
26332;GSV;;;;;;;
26333;;;;;;;;NMEA message parser not found for GRM.
26334;RMC;12/26/2016 10:43:45 PM;49.21216725;16.6018093166667;;;;
26335;;;;;;;;NMEA message parser not found for RMB.
26336;;;;;;;;Failed to parse: GGA.. Meters expected in GGA message.
26337;GSA;;;;;;;
26338;GSV;;;;;;;
26339;GSV;;;;;;;
26340;;;;;;;;NMEA message parser not found for GRM.
26341;RMC;12/26/2016 10:43:46 PM;49.21215825;16.6018137333333;;;;
26342;;;;;;;;NMEA message parser not found for RMB.
26343;;;;;;;;Failed to parse: GGA.. Meters expected in GGA message.
26344;GSA;;;;;;;
26345;GSV;;;;;;;
26346;GSV;;;;;;;
26347;;;;;;;;NMEA message parser not found for GRM.
26348;RMC;12/26/2016 10:43:47 PM;49.2121492666667;16.60181815;;;;
26349;;;;;;;;NMEA message parser not found for RMB.
26350;;;;;;;;Failed to parse: GGA.. Meters expected in GGA message.
26351;GSA;;;;;;;
26352;GSV;;;;;;;
26353;GSV;;;;;;;
26354;;;;;;;;NMEA message parser not found for GRM.
26355;RMC;12/26/2016 10:43:48 PM;49.2121402833333;16.6018225666667;;;;
26356;;;;;;;;NMEA message parser not found for RMB.
26357;;;;;;;;Failed to parse: GGA.. Meters expected in GGA message.
26358;GSA;;;;;;;
26359;GSV;;;;;;;
26360;GSV;;;;;;;
26361;;;;;;;;NMEA message parser not found for GRM.
26362;RMC;12/26/2016 10:43:49 PM;49.2121313;16.6018269833333;;;;
26363;;;;;;;;NMEA message parser not found for RMB.
26364;;;;;;;;Failed to parse: GGA.. Meters expected in GGA message.
26365;GSA;;;;;;;
26366;GSV;;;;;;;
26367;GSV;;;;;;;
26368;;;;;;;;NMEA message parser not found for GRM.
26369;RMC;12/26/2016 10:43:50 PM;49.2121223166667;16.6018313833333;;;;
26370;;;;;;;;NMEA message parser not found for RMB.
26371;;;;;;;;Failed to parse: GGA.. Meters expected in GGA message.
26372;GSA;;;;;;;
26373;GSV;;;;;;;
26374;GSV;;;;;;;
26375;;;;;;;;NMEA message parser not found for GRM.
26376;RMC;12/26/2016 10:43:51 PM;49.2121133333333;16.6018358;;;;
26377;;;;;;;;NMEA message parser not found for RMB.
26378;;;;;;;;Failed to parse: GGA.. Meters expected in GGA message.
26379;GSA;;;;;;;
26380;GSV;;;;;;;
26381;GSV;;;;;;;
26382;;;;;;;;NMEA message parser not found for GRM.
26383;RMC;12/26/2016 10:43:52 PM;49.21210435;16.6018402166667;;;;
26384;;;;;;;;NMEA message parser not found for RMB.
26385;;;;;;;;Failed to parse: GGA.. Meters expected in GGA message.
26386;GSA;;;;;;;
26387;GSV;;;;;;;
26388;GSV;;;;;;;
26389;;;;;;;;NMEA message parser not found for GRM.
26390;RMC;12/26/2016 10:43:53 PM;49.2120953666667;16.6018446333333;;;;
26391;;;;;;;;NMEA message parser not found for RMB.
26392;;;;;;;;Failed to parse: GGA.. Meters expected in GGA message.
26393;GSA;;;;;;;
26394;GSV;;;;;;;
26395;GSV;;;;;;;
26396;;;;;;;;NMEA message parser not found for GRM.
26397;RMC;12/26/2016 10:43:54 PM;49.2120863833333;16.60184905;;;;
26398;;;;;;;;NMEA message parser not found for RMB.
26399;;;;;;;;Failed to parse: GGA.. Meters expected in GGA message.
26400;GSA;;;;;;;
26401;GSV;;;;;;;
26402;GSV;;;;;;;
26403;;;;;;;;NMEA message parser not found for GRM.
26404;RMC;12/26/2016 10:43:55 PM;49.2120774;16.60185345;;;;
26405;;;;;;;;NMEA message parser not found for RMB.
26406;;;;;;;;Failed to parse: GGA.. Meters expected in GGA message.
26407;GSA;;;;;;;
26408;GSV;;;;;;;
26409;GSV;;;;;;;
26410;;;;;;;;NMEA message parser not found for GRM.
26411;RMC;12/26/2016 10:43:56 PM;49.2120684166667;16.6018578666667;;;;
26412;;;;;;;;NMEA message parser not found for RMB.
26413;;;;;;;;Failed to parse: GGA.. Meters expected in GGA message.
26414;GSA;;;;;;;
26415;GSV;;;;;;;
26416;GSV;;;;;;;
26417;;;;;;;;NMEA message parser not found for GRM.
26418;RMC;12/26/2016 10:43:57 PM;49.2120594333333;16.6018622833333;;;;
26419;;;;;;;;NMEA message parser not found for RMB.
26420;;;;;;;;Failed to parse: GGA.. Meters expected in GGA message.
26421;GSA;;;;;;;
26422;GSV;;;;;;;
26423;GSV;;;;;;;
26424;;;;;;;;NMEA message parser not found for GRM.
26425;RMC;12/26/2016 10:43:58 PM;49.21205045;16.6018667;;;;
26426;;;;;;;;NMEA message parser not found for RMB.
26427;;;;;;;;Failed to parse: GGA.. Meters expected in GGA message.
26428;GSA;;;;;;;
26429;GSV;;;;;;;
26430;GSV;;;;;;;
26431;;;;;;;;NMEA message parser not found for GRM.
26432;RMC;12/26/2016 10:43:59 PM;49.2120414666667;16.6018711166667;;;;
26433;;;;;;;;NMEA message parser not found for RMB.
26434;;;;;;;;Failed to parse: GGA.. Meters expected in GGA message.
26435;GSA;;;;;;;
26436;GSV;;;;;;;
26437;GSV;;;;;;;
26438;;;;;;;;NMEA message parser not found for GRM.
26439;RMC;12/26/2016 10:44:00 PM;49.2120324833333;16.6018755333333;;;;
26440;;;;;;;;NMEA message parser not found for RMB.
26441;;;;;;;;Failed to parse: GGA.. Meters expected in GGA message.
26442;GSA;;;;;;;
26443;GSV;;;;;;;
26444;GSV;;;;;;;
26445;;;;;;;;NMEA message parser not found for GRM.
26446;RMC;12/26/2016 10:44:01 PM;49.2120234833333;16.6018799333333;;;;
26447;;;;;;;;NMEA message parser not found for RMB.
26448;;;;;;;;Failed to parse: GGA.. Meters expected in GGA message.
26449;GSA;;;;;;;
26450;GSV;;;;;;;
26451;GSV;;;;;;;
26452;;;;;;;;NMEA message parser not found for GRM.
26453;RMC;12/26/2016 10:44:02 PM;49.2120145;16.60188435;;;;
26454;;;;;;;;NMEA message parser not found for RMB.
26455;;;;;;;;Failed to parse: GGA.. Meters expected in GGA message.
26456;GSA;;;;;;;
26457;GSV;;;;;;;
26458;GSV;;;;;;;
26459;;;;;;;;NMEA message parser not found for GRM.
26460;RMC;12/26/2016 10:44:03 PM;49.2120055166667;16.6018887666667;;;;
26461;;;;;;;;NMEA message parser not found for RMB.
26462;;;;;;;;Failed to parse: GGA.. Meters expected in GGA message.
26463;GSA;;;;;;;
26464;GSV;;;;;;;
26465;GSV;;;;;;;
26466;;;;;;;;NMEA message parser not found for GRM.
26467;RMC;12/26/2016 10:44:04 PM;49.2119965333333;16.6018931833333;;;;
26468;;;;;;;;NMEA message parser not found for RMB.
26469;;;;;;;;Failed to parse: GGA.. Meters expected in GGA message.
26470;GSA;;;;;;;
26471;GSV;;;;;;;
26472;GSV;;;;;;;
26473;;;;;;;;NMEA message parser not found for GRM.
26474;RMC;12/26/2016 10:44:05 PM;49.21198755;16.6018976;;;;
26475;;;;;;;;NMEA message parser not found for RMB.
26476;;;;;;;;Failed to parse: GGA.. Meters expected in GGA message.
26477;GSA;;;;;;;
26478;GSV;;;;;;;
26479;GSV;;;;;;;
26480;;;;;;;;NMEA message parser not found for GRM.
26481;RMC;12/26/2016 10:44:06 PM;49.2119785666667;16.601902;;;;
26482;;;;;;;;NMEA message parser not found for RMB.
26483;;;;;;;;Failed to parse: GGA.. Meters expected in GGA message.
26484;GSA;;;;;;;
26485;GSV;;;;;;;
26486;GSV;;;;;;;
26487;;;;;;;;NMEA message parser not found for GRM.
26488;RMC;12/26/2016 10:44:07 PM;49.2119695833333;16.6019064166667;;;;
26489;;;;;;;;NMEA message parser not found for RMB.
26490;;;;;;;;Failed to parse: GGA.. Meters expected in GGA message.
26491;GSA;;;;;;;
26492;GSV;;;;;;;
26493;GSV;;;;;;;
26494;;;;;;;;NMEA message parser not found for GRM.
26495;RMC;12/26/2016 10:44:08 PM;49.2119606;16.6019108333333;;;;
26496;;;;;;;;NMEA message parser not found for RMB.
26497;;;;;;;;Failed to parse: GGA.. Meters expected in GGA message.
26498;GSA;;;;;;;
26499;GSV;;;;;;;
26500;GSV;;;;;;;
26501;;;;;;;;NMEA message parser not found for GRM.
26502;RMC;12/26/2016 10:44:09 PM;49.2119516166667;16.60191525;;;;
26503;;;;;;;;NMEA message parser not found for RMB.
26504;;;;;;;;Failed to parse: GGA.. Meters expected in GGA message.
26505;GSA;;;;;;;
26506;GSV;;;;;;;
26507;GSV;;;;;;;
26508;;;;;;;;NMEA message parser not found for GRM.
26509;RMC;12/26/2016 10:44:10 PM;49.2119426333333;16.6019196666667;;;;
26510;;;;;;;;NMEA message parser not found for RMB.
26511;;;;;;;;Failed to parse: GGA.. Meters expected in GGA message.
26512;GSA;;;;;;;
26513;GSV;;;;;;;
26514;GSV;;;;;;;
26515;;;;;;;;NMEA message parser not found for GRM.
26516;RMC;12/26/2016 10:44:11 PM;49.21193365;16.6019240833333;;;;
26517;;;;;;;;NMEA message parser not found for RMB.
26518;;;;;;;;Failed to parse: GGA.. Meters expected in GGA message.
26519;GSA;;;;;;;
26520;GSV;;;;;;;
26521;GSV;;;;;;;
26522;;;;;;;;NMEA message parser not found for GRM.
26523;RMC;12/26/2016 10:44:12 PM;49.2119246666667;16.6019284833333;;;;
26524;;;;;;;;NMEA message parser not found for RMB.
26525;;;;;;;;Failed to parse: GGA.. Meters expected in GGA message.
26526;GSA;;;;;;;
26527;GSV;;;;;;;
26528;GSV;;;;;;;
26529;;;;;;;;NMEA message parser not found for GRM.
26530;RMC;12/26/2016 10:44:13 PM;49.2119156833333;16.6019329;;;;
26531;;;;;;;;NMEA message parser not found for RMB.
26532;;;;;;;;Failed to parse: GGA.. Meters expected in GGA message.
26533;GSA;;;;;;;
26534;GSV;;;;;;;
26535;GSV;;;;;;;
26536;;;;;;;;NMEA message parser not found for GRM.
26537;RMC;12/26/2016 10:44:14 PM;49.2119067;16.6019373166667;;;;
26538;;;;;;;;NMEA message parser not found for RMB.
26539;;;;;;;;Failed to parse: GGA.. Meters expected in GGA message.
26540;GSA;;;;;;;
26541;GSV;;;;;;;
26542;GSV;;;;;;;
26543;;;;;;;;NMEA message parser not found for GRM.
26544;RMC;12/26/2016 10:44:15 PM;49.2118977166667;16.6019417333333;;;;
26545;;;;;;;;NMEA message parser not found for RMB.
26546;;;;;;;;Failed to parse: GGA.. Meters expected in GGA message.
26547;GSA;;;;;;;
26548;GSV;;;;;;;
26549;GSV;;;;;;;
26550;;;;;;;;NMEA message parser not found for GRM.
26551;RMC;12/26/2016 10:44:16 PM;49.2118887166667;16.60194615;;;;
26552;;;;;;;;NMEA message parser not found for RMB.
26553;;;;;;;;Failed to parse: GGA.. Meters expected in GGA message.
26554;GSA;;;;;;;
26555;GSV;;;;;;;
26556;GSV;;;;;;;
26557;;;;;;;;NMEA message parser not found for GRM.
26558;RMC;12/26/2016 10:44:17 PM;49.2118797333333;16.60195055;;;;
26559;;;;;;;;NMEA message parser not found for RMB.
26560;;;;;;;;Failed to parse: GGA.. Meters expected in GGA message.
26561;GSA;;;;;;;
26562;GSV;;;;;;;
26563;GSV;;;;;;;
26564;;;;;;;;NMEA message parser not found for GRM.
26565;RMC;12/26/2016 10:44:18 PM;49.21187075;16.6019549666667;;;;
26566;;;;;;;;NMEA message parser not found for RMB.
26567;;;;;;;;Failed to parse: GGA.. Meters expected in GGA message.
26568;GSA;;;;;;;
26569;GSV;;;;;;;
26570;GSV;;;;;;;
26571;;;;;;;;NMEA message parser not found for GRM.
26572;RMC;12/26/2016 10:44:19 PM;49.2118617666667;16.6019593833333;;;;
26573;;;;;;;;NMEA message parser not found for RMB.
26574;;;;;;;;Failed to parse: GGA.. Meters expected in GGA message.
26575;GSA;;;;;;;
26576;GSV;;;;;;;
26577;GSV;;;;;;;
26578;;;;;;;;NMEA message parser not found for GRM.
26579;RMC;12/26/2016 10:44:20 PM;49.2118527833333;16.6019638;;;;
26580;;;;;;;;NMEA message parser not found for RMB.
26581;;;;;;;;Failed to parse: GGA.. Meters expected in GGA message.
26582;GSA;;;;;;;
26583;GSV;;;;;;;
26584;GSV;;;;;;;
26585;;;;;;;;NMEA message parser not found for GRM.
26586;RMC;12/26/2016 10:44:21 PM;49.2118438;16.6019682166667;;;;
26587;;;;;;;;NMEA message parser not found for RMB.
26588;;;;;;;;Failed to parse: GGA.. Meters expected in GGA message.
26589;GSA;;;;;;;
26590;GSV;;;;;;;
26591;GSV;;;;;;;
26592;;;;;;;;NMEA message parser not found for GRM.
26593;RMC;12/26/2016 10:44:22 PM;49.2118348166667;16.6019726333333;;;;
26594;;;;;;;;NMEA message parser not found for RMB.
26595;;;;;;;;Failed to parse: GGA.. Meters expected in GGA message.
26596;GSA;;;;;;;
26597;GSV;;;;;;;
26598;GSV;;;;;;;
26599;;;;;;;;NMEA message parser not found for GRM.
26600;RMC;12/26/2016 10:44:23 PM;49.2118258333333;16.6019770333333;;;;
26601;;;;;;;;NMEA message parser not found for RMB.
26602;;;;;;;;Failed to parse: GGA.. Meters expected in GGA message.
26603;GSA;;;;;;;
26604;GSV;;;;;;;
26605;GSV;;;;;;;
26606;;;;;;;;NMEA message parser not found for GRM.
26607;RMC;12/26/2016 10:44:24 PM;49.21181685;16.60198145;;;;
26608;;;;;;;;NMEA message parser not found for RMB.
26609;;;;;;;;Failed to parse: GGA.. Meters expected in GGA message.
26610;GSA;;;;;;;
26611;GSV;;;;;;;
26612;GSV;;;;;;;
26613;;;;;;;;NMEA message parser not found for GRM.
26614;RMC;12/26/2016 10:44:25 PM;49.2118078666667;16.6019858666667;;;;
26615;;;;;;;;NMEA message parser not found for RMB.
26616;;;;;;;;Failed to parse: GGA.. Meters expected in GGA message.
26617;GSA;;;;;;;
26618;GSV;;;;;;;
26619;GSV;;;;;;;
26620;;;;;;;;NMEA message parser not found for GRM.
26621;RMC;12/26/2016 10:44:26 PM;49.2117988833333;16.6019902833333;;;;
26622;;;;;;;;NMEA message parser not found for RMB.
26623;;;;;;;;Failed to parse: GGA.. Meters expected in GGA message.
26624;GSA;;;;;;;
26625;GSV;;;;;;;
26626;GSV;;;;;;;
26627;;;;;;;;NMEA message parser not found for GRM.
26628;RMC;12/26/2016 10:44:27 PM;49.2117899;16.6019947;;;;
26629;;;;;;;;NMEA message parser not found for RMB.
26630;;;;;;;;Failed to parse: GGA.. Meters expected in GGA message.
26631;GSA;;;;;;;
26632;GSV;;;;;;;
26633;GSV;;;;;;;
26634;;;;;;;;NMEA message parser not found for GRM.
26635;RMC;12/26/2016 10:44:28 PM;49.2117809166667;16.6019991;;;;
26636;;;;;;;;NMEA message parser not found for RMB.
26637;;;;;;;;Failed to parse: GGA.. Meters expected in GGA message.
26638;GSA;;;;;;;
26639;GSV;;;;;;;
26640;GSV;;;;;;;
26641;;;;;;;;NMEA message parser not found for GRM.
26642;RMC;12/26/2016 10:44:29 PM;49.2117719333333;16.6020035166667;;;;
26643;;;;;;;;NMEA message parser not found for RMB.
26644;;;;;;;;Failed to parse: GGA.. Meters expected in GGA message.
26645;GSA;;;;;;;
26646;GSV;;;;;;;
26647;GSV;;;;;;;
26648;;;;;;;;NMEA message parser not found for GRM.
26649;RMC;12/26/2016 10:44:30 PM;49.21176295;16.6020079333333;;;;
26650;;;;;;;;NMEA message parser not found for RMB.
26651;;;;;;;;Failed to parse: GGA.. Meters expected in GGA message.
26652;GSA;;;;;;;
26653;GSV;;;;;;;
26654;GSV;;;;;;;
26655;;;;;;;;NMEA message parser not found for GRM.
26656;RMC;12/26/2016 10:44:31 PM;49.21175395;16.60201235;;;;
26657;;;;;;;;NMEA message parser not found for RMB.
26658;;;;;;;;Failed to parse: GGA.. Meters expected in GGA message.
26659;GSA;;;;;;;
26660;GSV;;;;;;;
26661;GSV;;;;;;;
26662;;;;;;;;NMEA message parser not found for GRM.
26663;RMC;12/26/2016 10:44:32 PM;49.2117449666667;16.6020167666667;;;;
26664;;;;;;;;NMEA message parser not found for RMB.
26665;;;;;;;;Failed to parse: GGA.. Meters expected in GGA message.
26666;GSA;;;;;;;
26667;GSV;;;;;;;
26668;GSV;;;;;;;
26669;;;;;;;;NMEA message parser not found for GRM.
26670;RMC;12/26/2016 10:44:33 PM;49.2117359833333;16.6020211833333;;;;
26671;;;;;;;;NMEA message parser not found for RMB.
26672;;;;;;;;Failed to parse: GGA.. Meters expected in GGA message.
26673;GSA;;;;;;;
26674;GSV;;;;;;;
26675;GSV;;;;;;;
26676;;;;;;;;NMEA message parser not found for GRM.
26677;RMC;12/26/2016 10:44:34 PM;49.211727;16.6020255833333;;;;
26678;;;;;;;;NMEA message parser not found for RMB.
26679;;;;;;;;Failed to parse: GGA.. Meters expected in GGA message.
26680;GSA;;;;;;;
26681;GSV;;;;;;;
26682;GSV;;;;;;;
26683;;;;;;;;NMEA message parser not found for GRM.
26684;RMC;12/26/2016 10:44:35 PM;49.2117180166667;16.60203;;;;
26685;;;;;;;;NMEA message parser not found for RMB.
26686;;;;;;;;Failed to parse: GGA.. Meters expected in GGA message.
26687;GSA;;;;;;;
26688;GSV;;;;;;;
26689;GSV;;;;;;;
26690;;;;;;;;NMEA message parser not found for GRM.
26691;RMC;12/26/2016 10:44:36 PM;49.2117090333333;16.6020344166667;;;;
26692;;;;;;;;NMEA message parser not found for RMB.
26693;;;;;;;;Failed to parse: GGA.. Meters expected in GGA message.
26694;GSA;;;;;;;
26695;GSV;;;;;;;
26696;GSV;;;;;;;
26697;;;;;;;;NMEA message parser not found for GRM.
26698;RMC;12/26/2016 10:44:37 PM;49.21170005;16.6020388333333;;;;
26699;;;;;;;;NMEA message parser not found for RMB.
26700;;;;;;;;Failed to parse: GGA.. Meters expected in GGA message.
26701;GSA;;;;;;;
26702;GSV;;;;;;;
26703;GSV;;;;;;;
26704;;;;;;;;NMEA message parser not found for GRM.
26705;RMC;12/26/2016 10:44:38 PM;49.2116910666667;16.60204325;;;;
26706;;;;;;;;NMEA message parser not found for RMB.
26707;;;;;;;;Failed to parse: GGA.. Meters expected in GGA message.
26708;GSA;;;;;;;
26709;GSV;;;;;;;
26710;GSV;;;;;;;
26711;;;;;;;;NMEA message parser not found for GRM.
26712;RMC;12/26/2016 10:44:39 PM;49.2116820833333;16.60204765;;;;
26713;;;;;;;;NMEA message parser not found for RMB.
26714;;;;;;;;Failed to parse: GGA.. Meters expected in GGA message.
26715;GSA;;;;;;;
26716;GSV;;;;;;;
26717;GSV;;;;;;;
26718;;;;;;;;NMEA message parser not found for GRM.
26719;RMC;12/26/2016 10:44:40 PM;49.2116731;16.6020520666667;;;;
26720;;;;;;;;NMEA message parser not found for RMB.
26721;;;;;;;;Failed to parse: GGA.. Meters expected in GGA message.
26722;GSA;;;;;;;
26723;GSV;;;;;;;
26724;GSV;;;;;;;
26725;;;;;;;;NMEA message parser not found for GRM.
26726;RMC;12/26/2016 10:44:41 PM;49.2116641166667;16.6020564833333;;;;
26727;;;;;;;;NMEA message parser not found for RMB.
26728;;;;;;;;Failed to parse: GGA.. Meters expected in GGA message.
26729;GSA;;;;;;;
26730;GSV;;;;;;;
26731;GSV;;;;;;;
26732;;;;;;;;NMEA message parser not found for GRM.
26733;RMC;12/26/2016 10:44:42 PM;49.2116551333333;16.6020609;;;;
26734;;;;;;;;NMEA message parser not found for RMB.
26735;;;;;;;;Failed to parse: GGA.. Meters expected in GGA message.
26736;GSA;;;;;;;
26737;GSV;;;;;;;
26738;GSV;;;;;;;
26739;;;;;;;;NMEA message parser not found for GRM.
26740;RMC;12/26/2016 10:44:43 PM;49.21164615;16.6020653166667;;;;
26741;;;;;;;;NMEA message parser not found for RMB.
26742;;;;;;;;Failed to parse: GGA.. Meters expected in GGA message.
26743;GSA;;;;;;;
26744;GSV;;;;;;;
26745;GSV;;;;;;;
26746;;;;;;;;NMEA message parser not found for GRM.
26747;RMC;12/26/2016 10:44:44 PM;49.2116371666667;16.6020697166667;;;;
26748;;;;;;;;NMEA message parser not found for RMB.
26749;;;;;;;;Failed to parse: GGA.. Meters expected in GGA message.
26750;GSA;;;;;;;
26751;GSV;;;;;;;
26752;GSV;;;;;;;
26753;;;;;;;;NMEA message parser not found for GRM.
26754;RMC;12/26/2016 10:44:45 PM;49.2116281833333;16.6020741333333;;;;
26755;;;;;;;;NMEA message parser not found for RMB.
26756;;;;;;;;Failed to parse: GGA.. Meters expected in GGA message.
26757;GSA;;;;;;;
26758;GSV;;;;;;;
26759;GSV;;;;;;;
26760;;;;;;;;NMEA message parser not found for GRM.
26761;RMC;12/26/2016 10:44:46 PM;49.2116191833333;16.60207855;;;;
26762;;;;;;;;NMEA message parser not found for RMB.
26763;;;;;;;;Failed to parse: GGA.. Meters expected in GGA message.
26764;GSA;;;;;;;
26765;GSV;;;;;;;
26766;GSV;;;;;;;
26767;;;;;;;;NMEA message parser not found for GRM.
26768;RMC;12/26/2016 10:44:47 PM;49.2116102;16.6020829666667;;;;
26769;;;;;;;;NMEA message parser not found for RMB.
26770;;;;;;;;Failed to parse: GGA.. Meters expected in GGA message.
26771;GSA;;;;;;;
26772;GSV;;;;;;;
26773;GSV;;;;;;;
26774;;;;;;;;NMEA message parser not found for GRM.
26775;RMC;12/26/2016 10:44:48 PM;49.2116012166667;16.6020873833333;;;;
26776;;;;;;;;NMEA message parser not found for RMB.
26777;;;;;;;;Failed to parse: GGA.. Meters expected in GGA message.
26778;GSA;;;;;;;
26779;GSV;;;;;;;
26780;GSV;;;;;;;
26781;;;;;;;;NMEA message parser not found for GRM.
26782;RMC;12/26/2016 10:44:49 PM;49.2115922333333;16.6020918;;;;
26783;;;;;;;;NMEA message parser not found for RMB.
26784;;;;;;;;Failed to parse: GGA.. Meters expected in GGA message.
26785;GSA;;;;;;;
26786;GSV;;;;;;;
26787;GSV;;;;;;;
26788;;;;;;;;NMEA message parser not found for GRM.
26789;RMC;12/26/2016 10:44:50 PM;49.21158325;16.6020962;;;;
26790;;;;;;;;NMEA message parser not found for RMB.
26791;;;;;;;;Failed to parse: GGA.. Meters expected in GGA message.
26792;GSA;;;;;;;
26793;GSV;;;;;;;
26794;GSV;;;;;;;
26795;;;;;;;;NMEA message parser not found for GRM.
26796;RMC;12/26/2016 10:44:51 PM;49.2115742666667;16.6021006166667;;;;
26797;;;;;;;;NMEA message parser not found for RMB.
26798;;;;;;;;Failed to parse: GGA.. Meters expected in GGA message.
26799;GSA;;;;;;;
26800;GSV;;;;;;;
26801;GSV;;;;;;;
26802;;;;;;;;NMEA message parser not found for GRM.
26803;RMC;12/26/2016 10:44:52 PM;49.2115652833333;16.6021050333333;;;;
26804;;;;;;;;NMEA message parser not found for RMB.
26805;;;;;;;;Failed to parse: GGA.. Meters expected in GGA message.
26806;GSA;;;;;;;
26807;GSV;;;;;;;
26808;GSV;;;;;;;
26809;;;;;;;;NMEA message parser not found for GRM.
26810;RMC;12/26/2016 10:44:53 PM;49.2115563;16.60210945;;;;
26811;;;;;;;;NMEA message parser not found for RMB.
26812;;;;;;;;Failed to parse: GGA.. Meters expected in GGA message.
26813;GSA;;;;;;;
26814;GSV;;;;;;;
26815;GSV;;;;;;;
26816;;;;;;;;NMEA message parser not found for GRM.
26817;RMC;12/26/2016 10:44:54 PM;49.2115473166667;16.6021138666667;;;;
26818;;;;;;;;NMEA message parser not found for RMB.
26819;;;;;;;;Failed to parse: GGA.. Meters expected in GGA message.
26820;GSA;;;;;;;
26821;GSV;;;;;;;
26822;GSV;;;;;;;
26823;;;;;;;;NMEA message parser not found for GRM.
26824;RMC;12/26/2016 10:44:55 PM;49.2115383333333;16.6021182666667;;;;
26825;;;;;;;;NMEA message parser not found for RMB.
26826;;;;;;;;Failed to parse: GGA.. Meters expected in GGA message.
26827;GSA;;;;;;;
26828;GSV;;;;;;;
26829;GSV;;;;;;;
26830;;;;;;;;NMEA message parser not found for GRM.
26831;RMC;12/26/2016 10:44:56 PM;49.21152935;16.6021226833333;;;;
26832;;;;;;;;NMEA message parser not found for RMB.
26833;;;;;;;;Failed to parse: GGA.. Meters expected in GGA message.
26834;GSA;;;;;;;
26835;GSV;;;;;;;
26836;GSV;;;;;;;
26837;;;;;;;;NMEA message parser not found for GRM.
26838;RMC;12/26/2016 10:44:57 PM;49.2115203666667;16.6021271;;;;
26839;;;;;;;;NMEA message parser not found for RMB.
26840;;;;;;;;Failed to parse: GGA.. Meters expected in GGA message.
26841;GSA;;;;;;;
26842;GSV;;;;;;;
26843;GSV;;;;;;;
26844;;;;;;;;NMEA message parser not found for GRM.
26845;RMC;12/26/2016 10:44:58 PM;49.2115113833333;16.6021315166667;;;;
26846;;;;;;;;NMEA message parser not found for RMB.
26847;;;;;;;;Failed to parse: GGA.. Meters expected in GGA message.
26848;GSA;;;;;;;
26849;GSV;;;;;;;
26850;GSV;;;;;;;
26851;;;;;;;;NMEA message parser not found for GRM.
26852;RMC;12/26/2016 10:44:59 PM;49.2115024;16.6021359333333;;;;
26853;;;;;;;;NMEA message parser not found for RMB.
26854;;;;;;;;Failed to parse: GGA.. Meters expected in GGA message.
26855;GSA;;;;;;;
26856;GSV;;;;;;;
26857;GSV;;;;;;;
26858;;;;;;;;NMEA message parser not found for GRM.
26859;RMC;12/26/2016 10:45:00 PM;49.2114934166667;16.60214035;;;;
26860;;;;;;;;NMEA message parser not found for RMB.
26861;;;;;;;;Failed to parse: GGA.. Meters expected in GGA message.
26862;GSA;;;;;;;
26863;GSV;;;;;;;
26864;GSV;;;;;;;
26865;;;;;;;;NMEA message parser not found for GRM.
26866;RMC;12/26/2016 10:45:01 PM;49.21148445;16.6021448166667;;;;
26867;;;;;;;;NMEA message parser not found for RMB.
26868;;;;;;;;Failed to parse: GGA.. Meters expected in GGA message.
26869;GSA;;;;;;;
26870;GSV;;;;;;;
26871;GSV;;;;;;;
26872;;;;;;;;NMEA message parser not found for GRM.
26873;RMC;12/26/2016 10:45:02 PM;49.2114755333333;16.60214935;;;;
26874;;;;;;;;NMEA message parser not found for RMB.
26875;;;;;;;;Failed to parse: GGA.. Meters expected in GGA message.
26876;GSA;;;;;;;
26877;GSV;;;;;;;
26878;GSV;;;;;;;
26879;;;;;;;;NMEA message parser not found for GRM.
26880;RMC;12/26/2016 10:45:03 PM;49.2114666166667;16.6021539;;;;
26881;;;;;;;;NMEA message parser not found for RMB.
26882;;;;;;;;Failed to parse: GGA.. Meters expected in GGA message.
26883;GSA;;;;;;;
26884;GSV;;;;;;;
26885;GSV;;;;;;;
26886;;;;;;;;NMEA message parser not found for GRM.
26887;RMC;12/26/2016 10:45:04 PM;49.2114577;16.60215845;;;;
26888;;;;;;;;NMEA message parser not found for RMB.
26889;;;;;;;;Failed to parse: GGA.. Meters expected in GGA message.
26890;GSA;;;;;;;
26891;GSV;;;;;;;
26892;GSV;;;;;;;
26893;;;;;;;;NMEA message parser not found for GRM.
26894;RMC;12/26/2016 10:45:05 PM;49.2114487833333;16.602163;;;;
26895;;;;;;;;NMEA message parser not found for RMB.
26896;;;;;;;;Failed to parse: GGA.. Meters expected in GGA message.
26897;GSA;;;;;;;
26898;GSV;;;;;;;
26899;GSV;;;;;;;
26900;;;;;;;;NMEA message parser not found for GRM.
26901;RMC;12/26/2016 10:45:06 PM;49.2114398666667;16.60216755;;;;
26902;;;;;;;;NMEA message parser not found for RMB.
26903;;;;;;;;Failed to parse: GGA.. Meters expected in GGA message.
26904;GSA;;;;;;;
26905;GSV;;;;;;;
26906;GSV;;;;;;;
26907;;;;;;;;NMEA message parser not found for GRM.
26908;RMC;12/26/2016 10:45:07 PM;49.21143095;16.6021721;;;;
26909;;;;;;;;NMEA message parser not found for RMB.
26910;;;;;;;;Failed to parse: GGA.. Meters expected in GGA message.
26911;GSA;;;;;;;
26912;GSV;;;;;;;
26913;GSV;;;;;;;
26914;;;;;;;;NMEA message parser not found for GRM.
26915;RMC;12/26/2016 10:45:08 PM;49.2114220333333;16.6021766333333;;;;
26916;;;;;;;;NMEA message parser not found for RMB.
26917;;;;;;;;Failed to parse: GGA.. Meters expected in GGA message.
26918;GSA;;;;;;;
26919;GSV;;;;;;;
26920;GSV;;;;;;;
26921;;;;;;;;NMEA message parser not found for GRM.
26922;RMC;12/26/2016 10:45:09 PM;49.2114131166667;16.6021811833333;;;;
26923;;;;;;;;NMEA message parser not found for RMB.
26924;;;;;;;;Failed to parse: GGA.. Meters expected in GGA message.
26925;GSA;;;;;;;
26926;GSV;;;;;;;
26927;GSV;;;;;;;
26928;;;;;;;;NMEA message parser not found for GRM.
26929;RMC;12/26/2016 10:45:10 PM;49.2114042;16.6021857333333;;;;
26930;;;;;;;;NMEA message parser not found for RMB.
26931;;;;;;;;Failed to parse: GGA.. Meters expected in GGA message.
26932;GSA;;;;;;;
26933;GSV;;;;;;;
26934;GSV;;;;;;;
26935;;;;;;;;NMEA message parser not found for GRM.
26936;RMC;12/26/2016 10:45:11 PM;49.2113952666667;16.6021902833333;;;;
26937;;;;;;;;NMEA message parser not found for RMB.
26938;;;;;;;;Failed to parse: GGA.. Meters expected in GGA message.
26939;GSA;;;;;;;
26940;GSV;;;;;;;
26941;GSV;;;;;;;
26942;;;;;;;;NMEA message parser not found for GRM.
26943;RMC;12/26/2016 10:45:12 PM;49.21138635;16.6021948333333;;;;
26944;;;;;;;;NMEA message parser not found for RMB.
26945;;;;;;;;Failed to parse: GGA.. Meters expected in GGA message.
26946;GSA;;;;;;;
26947;GSV;;;;;;;
26948;GSV;;;;;;;
26949;;;;;;;;NMEA message parser not found for GRM.
26950;RMC;12/26/2016 10:45:13 PM;49.2113774333333;16.6021993833333;;;;
26951;;;;;;;;NMEA message parser not found for RMB.
26952;;;;;;;;Failed to parse: GGA.. Meters expected in GGA message.
26953;GSA;;;;;;;
26954;GSV;;;;;;;
26955;GSV;;;;;;;
26956;;;;;;;;NMEA message parser not found for GRM.
26957;RMC;12/26/2016 10:45:14 PM;49.2113685166667;16.6022039166667;;;;
26958;;;;;;;;NMEA message parser not found for RMB.
26959;;;;;;;;Failed to parse: GGA.. Meters expected in GGA message.
26960;GSA;;;;;;;
26961;GSV;;;;;;;
26962;GSV;;;;;;;
26963;;;;;;;;NMEA message parser not found for GRM.
26964;RMC;12/26/2016 10:45:15 PM;49.2113596;16.6022084666667;;;;
26965;;;;;;;;NMEA message parser not found for RMB.
26966;;;;;;;;Failed to parse: GGA.. Meters expected in GGA message.
26967;GSA;;;;;;;
26968;GSV;;;;;;;
26969;GSV;;;;;;;
26970;;;;;;;;NMEA message parser not found for GRM.
26971;RMC;12/26/2016 10:45:16 PM;49.2113506833333;16.6022130166667;;;;
26972;;;;;;;;NMEA message parser not found for RMB.
26973;;;;;;;;Failed to parse: GGA.. Meters expected in GGA message.
26974;GSA;;;;;;;
26975;GSV;;;;;;;
26976;GSV;;;;;;;
26977;;;;;;;;NMEA message parser not found for GRM.
26978;RMC;12/26/2016 10:45:17 PM;49.2113417666667;16.6022175666667;;;;
26979;;;;;;;;NMEA message parser not found for RMB.
26980;;;;;;;;Failed to parse: GGA.. Meters expected in GGA message.
26981;GSA;;;;;;;
26982;GSV;;;;;;;
26983;GSV;;;;;;;
26984;;;;;;;;NMEA message parser not found for GRM.
26985;RMC;12/26/2016 10:45:18 PM;49.21133285;16.6022221166667;;;;
26986;;;;;;;;NMEA message parser not found for RMB.
26987;;;;;;;;Failed to parse: GGA.. Meters expected in GGA message.
26988;GSA;;;;;;;
26989;GSV;;;;;;;
26990;GSV;;;;;;;
26991;;;;;;;;NMEA message parser not found for GRM.
26992;RMC;12/26/2016 10:45:19 PM;49.2113239333333;16.6022266666667;;;;
26993;;;;;;;;NMEA message parser not found for RMB.
26994;;;;;;;;Failed to parse: GGA.. Meters expected in GGA message.
26995;GSA;;;;;;;
26996;GSV;;;;;;;
26997;GSV;;;;;;;
26998;;;;;;;;NMEA message parser not found for GRM.
26999;RMC;12/26/2016 10:45:20 PM;49.2113150166667;16.6022312;;;;
27000;;;;;;;;NMEA message parser not found for RMB.
27001;;;;;;;;Failed to parse: GGA.. Meters expected in GGA message.
27002;GSA;;;;;;;
27003;GSV;;;;;;;
27004;GSV;;;;;;;
27005;;;;;;;;NMEA message parser not found for GRM.
27006;RMC;12/26/2016 10:45:21 PM;49.2113061;16.60223575;;;;
27007;;;;;;;;NMEA message parser not found for RMB.
27008;;;;;;;;Failed to parse: GGA.. Meters expected in GGA message.
27009;GSA;;;;;;;
27010;GSV;;;;;;;
27011;GSV;;;;;;;
27012;;;;;;;;NMEA message parser not found for GRM.
27013;RMC;12/26/2016 10:45:22 PM;49.2112971833333;16.6022403;;;;
27014;;;;;;;;NMEA message parser not found for RMB.
27015;;;;;;;;Failed to parse: GGA.. Meters expected in GGA message.
27016;GSA;;;;;;;
27017;GSV;;;;;;;
27018;GSV;;;;;;;
27019;;;;;;;;NMEA message parser not found for GRM.
27020;RMC;12/26/2016 10:45:23 PM;49.2112882666667;16.60224485;;;;
27021;;;;;;;;NMEA message parser not found for RMB.
27022;;;;;;;;Failed to parse: GGA.. Meters expected in GGA message.
27023;GSA;;;;;;;
27024;GSV;;;;;;;
27025;GSV;;;;;;;
27026;;;;;;;;NMEA message parser not found for GRM.
27027;RMC;12/26/2016 10:45:24 PM;49.21127935;16.6022494;;;;
27028;;;;;;;;NMEA message parser not found for RMB.
27029;;;;;;;;Failed to parse: GGA.. Meters expected in GGA message.
27030;GSA;;;;;;;
27031;GSV;;;;;;;
27032;GSV;;;;;;;
27033;;;;;;;;NMEA message parser not found for GRM.
27034;RMC;12/26/2016 10:45:25 PM;49.2112704333333;16.6022539333333;;;;
27035;;;;;;;;NMEA message parser not found for RMB.
27036;;;;;;;;Failed to parse: GGA.. Meters expected in GGA message.
27037;GSA;;;;;;;
27038;GSV;;;;;;;
27039;GSV;;;;;;;
27040;;;;;;;;NMEA message parser not found for GRM.
27041;RMC;12/26/2016 10:45:26 PM;49.2112615166667;16.6022584833333;;;;
27042;;;;;;;;NMEA message parser not found for RMB.
27043;;;;;;;;Failed to parse: GGA.. Meters expected in GGA message.
27044;GSA;;;;;;;
27045;GSV;;;;;;;
27046;GSV;;;;;;;
27047;;;;;;;;NMEA message parser not found for GRM.
27048;RMC;12/26/2016 10:45:27 PM;49.2112526;16.6022630333333;;;;
27049;;;;;;;;NMEA message parser not found for RMB.
27050;;;;;;;;Failed to parse: GGA.. Meters expected in GGA message.
27051;GSA;;;;;;;
27052;GSV;;;;;;;
27053;GSV;;;;;;;
27054;;;;;;;;NMEA message parser not found for GRM.
27055;RMC;12/26/2016 10:45:28 PM;49.2112436833333;16.6022675833333;;;;
27056;;;;;;;;NMEA message parser not found for RMB.
27057;;;;;;;;Failed to parse: GGA.. Meters expected in GGA message.
27058;GSA;;;;;;;
27059;GSV;;;;;;;
27060;GSV;;;;;;;
27061;;;;;;;;NMEA message parser not found for GRM.
27062;RMC;12/26/2016 10:45:29 PM;49.21123475;16.6022721333333;;;;
27063;;;;;;;;NMEA message parser not found for RMB.
27064;;;;;;;;Failed to parse: GGA.. Meters expected in GGA message.
27065;GSA;;;;;;;
27066;GSV;;;;;;;
27067;GSV;;;;;;;
27068;;;;;;;;NMEA message parser not found for GRM.
27069;RMC;12/26/2016 10:45:30 PM;49.2112258333333;16.6022766833333;;;;
27070;;;;;;;;NMEA message parser not found for RMB.
27071;;;;;;;;Failed to parse: GGA.. Meters expected in GGA message.
27072;GSA;;;;;;;
27073;GSV;;;;;;;
27074;GSV;;;;;;;
27075;;;;;;;;NMEA message parser not found for GRM.
27076;RMC;12/26/2016 10:45:31 PM;49.2112169166667;16.6022812166667;;;;
27077;;;;;;;;NMEA message parser not found for RMB.
27078;;;;;;;;Failed to parse: GGA.. Meters expected in GGA message.
27079;GSA;;;;;;;
27080;GSV;;;;;;;
27081;GSV;;;;;;;
27082;;;;;;;;NMEA message parser not found for GRM.
27083;RMC;12/26/2016 10:45:32 PM;49.211208;16.6022857666667;;;;
27084;;;;;;;;NMEA message parser not found for RMB.
27085;;;;;;;;Failed to parse: GGA.. Meters expected in GGA message.
27086;GSA;;;;;;;
27087;GSV;;;;;;;
27088;GSV;;;;;;;
27089;;;;;;;;NMEA message parser not found for GRM.
27090;RMC;12/26/2016 10:45:33 PM;49.2111990833333;16.6022903166667;;;;
27091;;;;;;;;NMEA message parser not found for RMB.
27092;;;;;;;;Failed to parse: GGA.. Meters expected in GGA message.
27093;GSA;;;;;;;
27094;GSV;;;;;;;
27095;GSV;;;;;;;
27096;;;;;;;;NMEA message parser not found for GRM.
27097;RMC;12/26/2016 10:45:34 PM;49.2111901666667;16.6022948666667;;;;
27098;;;;;;;;NMEA message parser not found for RMB.
27099;;;;;;;;Failed to parse: GGA.. Meters expected in GGA message.
27100;GSA;;;;;;;
27101;GSV;;;;;;;
27102;GSV;;;;;;;
27103;;;;;;;;NMEA message parser not found for GRM.
27104;RMC;12/26/2016 10:45:35 PM;49.21118125;16.6022994166667;;;;
27105;;;;;;;;NMEA message parser not found for RMB.
27106;;;;;;;;Failed to parse: GGA.. Meters expected in GGA message.
27107;GSA;;;;;;;
27108;GSV;;;;;;;
27109;GSV;;;;;;;
27110;;;;;;;;NMEA message parser not found for GRM.
27111;RMC;12/26/2016 10:45:36 PM;49.2111723333333;16.6023039666667;;;;
27112;;;;;;;;NMEA message parser not found for RMB.
27113;;;;;;;;Failed to parse: GGA.. Meters expected in GGA message.
27114;GSA;;;;;;;
27115;GSV;;;;;;;
27116;GSV;;;;;;;
27117;;;;;;;;NMEA message parser not found for GRM.
27118;RMC;12/26/2016 10:45:37 PM;49.2111634166667;16.6023085;;;;
27119;;;;;;;;NMEA message parser not found for RMB.
27120;;;;;;;;Failed to parse: GGA.. Meters expected in GGA message.
27121;GSA;;;;;;;
27122;GSV;;;;;;;
27123;GSV;;;;;;;
27124;;;;;;;;NMEA message parser not found for GRM.
27125;RMC;12/26/2016 10:45:38 PM;49.2111545;16.60231305;;;;
27126;;;;;;;;NMEA message parser not found for RMB.
27127;;;;;;;;Failed to parse: GGA.. Meters expected in GGA message.
27128;GSA;;;;;;;
27129;GSV;;;;;;;
27130;GSV;;;;;;;
27131;;;;;;;;NMEA message parser not found for GRM.
27132;RMC;12/26/2016 10:45:39 PM;49.2111455833333;16.6023176;;;;
27133;;;;;;;;NMEA message parser not found for RMB.
27134;;;;;;;;Failed to parse: GGA.. Meters expected in GGA message.
27135;GSA;;;;;;;
27136;GSV;;;;;;;
27137;GSV;;;;;;;
27138;;;;;;;;NMEA message parser not found for GRM.
27139;RMC;12/26/2016 10:45:40 PM;49.2111366666667;16.60232215;;;;
27140;;;;;;;;NMEA message parser not found for RMB.
27141;;;;;;;;Failed to parse: GGA.. Meters expected in GGA message.
27142;GSA;;;;;;;
27143;GSV;;;;;;;
27144;GSV;;;;;;;
27145;;;;;;;;NMEA message parser not found for GRM.
27146;RMC;12/26/2016 10:45:41 PM;49.21112775;16.6023267;;;;
27147;;;;;;;;NMEA message parser not found for RMB.
27148;;;;;;;;Failed to parse: GGA.. Meters expected in GGA message.
27149;GSA;;;;;;;
27150;GSV;;;;;;;
27151;GSV;;;;;;;
27152;;;;;;;;NMEA message parser not found for GRM.
27153;RMC;12/26/2016 10:45:42 PM;49.2111188333333;16.60233125;;;;
27154;;;;;;;;NMEA message parser not found for RMB.
27155;;;;;;;;Failed to parse: GGA.. Meters expected in GGA message.
27156;GSA;;;;;;;
27157;GSV;;;;;;;
27158;GSV;;;;;;;
27159;;;;;;;;NMEA message parser not found for GRM.
27160;RMC;12/26/2016 10:45:43 PM;49.2111099166667;16.6023357833333;;;;
27161;;;;;;;;NMEA message parser not found for RMB.
27162;;;;;;;;Failed to parse: GGA.. Meters expected in GGA message.
27163;GSA;;;;;;;
27164;GSV;;;;;;;
27165;GSV;;;;;;;
27166;;;;;;;;NMEA message parser not found for GRM.
27167;RMC;12/26/2016 10:45:44 PM;49.211101;16.6023403333333;;;;
27168;;;;;;;;NMEA message parser not found for RMB.
27169;;;;;;;;Failed to parse: GGA.. Meters expected in GGA message.
27170;GSA;;;;;;;
27171;GSV;;;;;;;
27172;GSV;;;;;;;
27173;;;;;;;;NMEA message parser not found for GRM.
27174;RMC;12/26/2016 10:45:45 PM;49.2110920833333;16.6023448833333;;;;
27175;;;;;;;;NMEA message parser not found for RMB.
27176;;;;;;;;Failed to parse: GGA.. Meters expected in GGA message.
27177;GSA;;;;;;;
27178;GSV;;;;;;;
27179;GSV;;;;;;;
27180;;;;;;;;NMEA message parser not found for GRM.
27181;RMC;12/26/2016 10:45:46 PM;49.2110831666667;16.6023494333333;;;;
27182;;;;;;;;NMEA message parser not found for RMB.
27183;;;;;;;;Failed to parse: GGA.. Meters expected in GGA message.
27184;GSA;;;;;;;
27185;GSV;;;;;;;
27186;GSV;;;;;;;
27187;;;;;;;;NMEA message parser not found for GRM.
27188;RMC;12/26/2016 10:45:47 PM;49.2110742333333;16.6023539833333;;;;
27189;;;;;;;;NMEA message parser not found for RMB.
27190;;;;;;;;Failed to parse: GGA.. Meters expected in GGA message.
27191;GSA;;;;;;;
27192;GSV;;;;;;;
27193;GSV;;;;;;;
27194;;;;;;;;NMEA message parser not found for GRM.
27195;RMC;12/26/2016 10:45:48 PM;49.2110653166667;16.6023585333333;;;;
27196;;;;;;;;NMEA message parser not found for RMB.
27197;;;;;;;;Failed to parse: GGA.. Meters expected in GGA message.
27198;GSA;;;;;;;
27199;GSV;;;;;;;
27200;GSV;;;;;;;
27201;;;;;;;;NMEA message parser not found for GRM.
27202;RMC;12/26/2016 10:45:49 PM;49.2110564;16.6023630666667;;;;
27203;;;;;;;;NMEA message parser not found for RMB.
27204;;;;;;;;Failed to parse: GGA.. Meters expected in GGA message.
27205;GSA;;;;;;;
27206;GSV;;;;;;;
27207;GSV;;;;;;;
27208;;;;;;;;NMEA message parser not found for GRM.
27209;RMC;12/26/2016 10:45:50 PM;49.2110474833333;16.6023676166667;;;;
27210;;;;;;;;NMEA message parser not found for RMB.
27211;;;;;;;;Failed to parse: GGA.. Meters expected in GGA message.
27212;GSA;;;;;;;
27213;GSV;;;;;;;
27214;GSV;;;;;;;
27215;;;;;;;;NMEA message parser not found for GRM.
27216;RMC;12/26/2016 10:45:51 PM;49.2110385666667;16.6023721666667;;;;
27217;;;;;;;;NMEA message parser not found for RMB.
27218;;;;;;;;Failed to parse: GGA.. Meters expected in GGA message.
27219;GSA;;;;;;;
27220;GSV;;;;;;;
27221;GSV;;;;;;;
27222;;;;;;;;NMEA message parser not found for GRM.
27223;RMC;12/26/2016 10:45:52 PM;49.21102965;16.6023767166667;;;;
27224;;;;;;;;NMEA message parser not found for RMB.
27225;;;;;;;;Failed to parse: GGA.. Meters expected in GGA message.
27226;GSA;;;;;;;
27227;GSV;;;;;;;
27228;GSV;;;;;;;
27229;;;;;;;;NMEA message parser not found for GRM.
27230;RMC;12/26/2016 10:45:53 PM;49.2110207333333;16.6023812666667;;;;
27231;;;;;;;;NMEA message parser not found for RMB.
27232;;;;;;;;Failed to parse: GGA.. Meters expected in GGA message.
27233;GSA;;;;;;;
27234;GSV;;;;;;;
27235;GSV;;;;;;;
27236;;;;;;;;NMEA message parser not found for GRM.
27237;RMC;12/26/2016 10:45:54 PM;49.2110118166667;16.6023858166667;;;;
27238;;;;;;;;NMEA message parser not found for RMB.
27239;;;;;;;;Failed to parse: GGA.. Meters expected in GGA message.
27240;GSA;;;;;;;
27241;GSV;;;;;;;
27242;GSV;;;;;;;
27243;;;;;;;;NMEA message parser not found for GRM.
27244;RMC;12/26/2016 10:45:55 PM;49.2110029;16.60239035;;;;
27245;;;;;;;;NMEA message parser not found for RMB.
27246;;;;;;;;Failed to parse: GGA.. Meters expected in GGA message.
27247;GSA;;;;;;;
27248;GSV;;;;;;;
27249;GSV;;;;;;;
27250;;;;;;;;NMEA message parser not found for GRM.
27251;RMC;12/26/2016 10:45:56 PM;49.2109939833333;16.6023949;;;;
27252;;;;;;;;NMEA message parser not found for RMB.
27253;;;;;;;;Failed to parse: GGA.. Meters expected in GGA message.
27254;GSA;;;;;;;
27255;GSV;;;;;;;
27256;GSV;;;;;;;
27257;;;;;;;;NMEA message parser not found for GRM.
27258;RMC;12/26/2016 10:45:57 PM;49.2109850666667;16.60239945;;;;
27259;;;;;;;;NMEA message parser not found for RMB.
27260;;;;;;;;Failed to parse: GGA.. Meters expected in GGA message.
27261;GSA;;;;;;;
27262;GSV;;;;;;;
27263;GSV;;;;;;;
27264;;;;;;;;NMEA message parser not found for GRM.
27265;RMC;12/26/2016 10:45:58 PM;49.21097615;16.602404;;;;
27266;;;;;;;;NMEA message parser not found for RMB.
27267;;;;;;;;Failed to parse: GGA.. Meters expected in GGA message.
27268;GSA;;;;;;;
27269;GSV;;;;;;;
27270;GSV;;;;;;;
27271;;;;;;;;NMEA message parser not found for GRM.
27272;RMC;12/26/2016 10:45:59 PM;49.2109672333333;16.60240855;;;;
27273;;;;;;;;NMEA message parser not found for RMB.
27274;;;;;;;;Failed to parse: GGA.. Meters expected in GGA message.
27275;GSA;;;;;;;
27276;GSV;;;;;;;
27277;GSV;;;;;;;
27278;;;;;;;;NMEA message parser not found for GRM.
27279;RMC;12/26/2016 10:46:00 PM;49.2109583166667;16.6024131;;;;
27280;;;;;;;;NMEA message parser not found for RMB.
27281;;;;;;;;Failed to parse: GGA.. Meters expected in GGA message.
27282;GSA;;;;;;;
27283;GSV;;;;;;;
27284;GSV;;;;;;;
27285;;;;;;;;NMEA message parser not found for GRM.
27286;RMC;12/26/2016 10:46:01 PM;49.2109494;16.6024176333333;;;;
27287;;;;;;;;NMEA message parser not found for RMB.
27288;;;;;;;;Failed to parse: GGA.. Meters expected in GGA message.
27289;GSA;;;;;;;
27290;GSV;;;;;;;
27291;GSV;;;;;;;
27292;;;;;;;;NMEA message parser not found for GRM.
27293;RMC;12/26/2016 10:46:02 PM;49.2109404833333;16.6024221833333;;;;
27294;;;;;;;;NMEA message parser not found for RMB.
27295;;;;;;;;Failed to parse: GGA.. Meters expected in GGA message.
27296;GSA;;;;;;;
27297;GSV;;;;;;;
27298;GSV;;;;;;;
27299;;;;;;;;NMEA message parser not found for GRM.
27300;RMC;12/26/2016 10:46:03 PM;49.2109315666667;16.6024267333333;;;;
27301;;;;;;;;NMEA message parser not found for RMB.
27302;;;;;;;;Failed to parse: GGA.. Meters expected in GGA message.
27303;GSA;;;;;;;
27304;GSV;;;;;;;
27305;GSV;;;;;;;
27306;;;;;;;;NMEA message parser not found for GRM.
27307;RMC;12/26/2016 10:46:04 PM;49.21092265;16.6024312833333;;;;
27308;;;;;;;;NMEA message parser not found for RMB.
27309;;;;;;;;Failed to parse: GGA.. Meters expected in GGA message.
27310;GSA;;;;;;;
27311;GSV;;;;;;;
27312;GSV;;;;;;;
27313;;;;;;;;NMEA message parser not found for GRM.
27314;RMC;12/26/2016 10:46:05 PM;49.2109137166667;16.6024358333333;;;;
27315;;;;;;;;NMEA message parser not found for RMB.
27316;;;;;;;;Failed to parse: GGA.. Meters expected in GGA message.
27317;GSA;;;;;;;
27318;GSV;;;;;;;
27319;GSV;;;;;;;
27320;;;;;;;;NMEA message parser not found for GRM.
27321;RMC;12/26/2016 10:46:06 PM;49.2109048;16.6024403666667;;;;
27322;;;;;;;;NMEA message parser not found for RMB.
27323;;;;;;;;Failed to parse: GGA.. Meters expected in GGA message.
27324;GSA;;;;;;;
27325;GSV;;;;;;;
27326;GSV;;;;;;;
27327;;;;;;;;NMEA message parser not found for GRM.
27328;RMC;12/26/2016 10:46:07 PM;49.2108958833333;16.6024449166667;;;;
27329;;;;;;;;NMEA message parser not found for RMB.
27330;;;;;;;;Failed to parse: GGA.. Meters expected in GGA message.
27331;GSA;;;;;;;
27332;GSV;;;;;;;
27333;GSV;;;;;;;
27334;;;;;;;;NMEA message parser not found for GRM.
27335;RMC;12/26/2016 10:46:08 PM;49.2108869666667;16.6024494666667;;;;
27336;;;;;;;;NMEA message parser not found for RMB.
27337;;;;;;;;Failed to parse: GGA.. Meters expected in GGA message.
27338;GSA;;;;;;;
27339;GSV;;;;;;;
27340;GSV;;;;;;;
27341;;;;;;;;NMEA message parser not found for GRM.
27342;RMC;12/26/2016 10:46:09 PM;49.21087805;16.6024540166667;;;;
27343;;;;;;;;NMEA message parser not found for RMB.
27344;;;;;;;;Failed to parse: GGA.. Meters expected in GGA message.
27345;GSA;;;;;;;
27346;GSV;;;;;;;
27347;GSV;;;;;;;
27348;;;;;;;;NMEA message parser not found for GRM.
27349;RMC;12/26/2016 10:46:10 PM;49.2108691333333;16.6024585666667;;;;
27350;;;;;;;;NMEA message parser not found for RMB.
27351;;;;;;;;Failed to parse: GGA.. Meters expected in GGA message.
27352;GSA;;;;;;;
27353;GSV;;;;;;;
27354;GSV;;;;;;;
27355;;;;;;;;NMEA message parser not found for GRM.
27356;RMC;12/26/2016 10:46:11 PM;49.2108602166667;16.6024631166667;;;;
27357;;;;;;;;NMEA message parser not found for RMB.
27358;;;;;;;;Failed to parse: GGA.. Meters expected in GGA message.
27359;GSA;;;;;;;
27360;GSV;;;;;;;
27361;GSV;;;;;;;
27362;;;;;;;;NMEA message parser not found for GRM.
27363;RMC;12/26/2016 10:46:12 PM;49.2108513;16.60246765;;;;
27364;;;;;;;;NMEA message parser not found for RMB.
27365;;;;;;;;Failed to parse: GGA.. Meters expected in GGA message.
27366;GSA;;;;;;;
27367;GSV;;;;;;;
27368;GSV;;;;;;;
27369;;;;;;;;NMEA message parser not found for GRM.
27370;RMC;12/26/2016 10:46:13 PM;49.2108423833333;16.6024722;;;;
27371;;;;;;;;NMEA message parser not found for RMB.
27372;;;;;;;;Failed to parse: GGA.. Meters expected in GGA message.
27373;GSA;;;;;;;
27374;GSV;;;;;;;
27375;GSV;;;;;;;
27376;;;;;;;;NMEA message parser not found for GRM.
27377;RMC;12/26/2016 10:46:14 PM;49.2108334666667;16.60247675;;;;
27378;;;;;;;;NMEA message parser not found for RMB.
27379;;;;;;;;Failed to parse: GGA.. Meters expected in GGA message.
27380;GSA;;;;;;;
27381;GSV;;;;;;;
27382;GSV;;;;;;;
27383;;;;;;;;NMEA message parser not found for GRM.
27384;RMC;12/26/2016 10:46:15 PM;49.21082455;16.6024813;;;;
27385;;;;;;;;NMEA message parser not found for RMB.
27386;;;;;;;;Failed to parse: GGA.. Meters expected in GGA message.
27387;GSA;;;;;;;
27388;GSV;;;;;;;
27389;GSV;;;;;;;
27390;;;;;;;;NMEA message parser not found for GRM.
27391;RMC;12/26/2016 10:46:16 PM;49.2108156333333;16.60248585;;;;
27392;;;;;;;;NMEA message parser not found for RMB.
27393;;;;;;;;Failed to parse: GGA.. Meters expected in GGA message.
27394;GSA;;;;;;;
27395;GSV;;;;;;;
27396;GSV;;;;;;;
27397;;;;;;;;NMEA message parser not found for GRM.
27398;RMC;12/26/2016 10:46:17 PM;49.2108067166667;16.6024904;;;;
27399;;;;;;;;NMEA message parser not found for RMB.
27400;;;;;;;;Failed to parse: GGA.. Meters expected in GGA message.
27401;GSA;;;;;;;
27402;GSV;;;;;;;
27403;GSV;;;;;;;
27404;;;;;;;;NMEA message parser not found for GRM.
27405;RMC;12/26/2016 10:46:18 PM;49.2107978;16.6024949333333;;;;
27406;;;;;;;;NMEA message parser not found for RMB.
27407;;;;;;;;Failed to parse: GGA.. Meters expected in GGA message.
27408;GSA;;;;;;;
27409;GSV;;;;;;;
27410;GSV;;;;;;;
27411;;;;;;;;NMEA message parser not found for GRM.
27412;RMC;12/26/2016 10:46:19 PM;49.2107888833333;16.6024994833333;;;;
27413;;;;;;;;NMEA message parser not found for RMB.
27414;;;;;;;;Failed to parse: GGA.. Meters expected in GGA message.
27415;GSA;;;;;;;
27416;GSV;;;;;;;
27417;GSV;;;;;;;
27418;;;;;;;;NMEA message parser not found for GRM.
27419;RMC;12/26/2016 10:46:20 PM;49.2107799666667;16.6025040333333;;;;
27420;;;;;;;;NMEA message parser not found for RMB.
27421;;;;;;;;Failed to parse: GGA.. Meters expected in GGA message.
27422;GSA;;;;;;;
27423;GSV;;;;;;;
27424;GSV;;;;;;;
27425;;;;;;;;NMEA message parser not found for GRM.
27426;RMC;12/26/2016 10:46:21 PM;49.21077105;16.6025085833333;;;;
27427;;;;;;;;NMEA message parser not found for RMB.
27428;;;;;;;;Failed to parse: GGA.. Meters expected in GGA message.
27429;GSA;;;;;;;
27430;GSV;;;;;;;
27431;GSV;;;;;;;
27432;;;;;;;;NMEA message parser not found for GRM.
27433;RMC;12/26/2016 10:46:22 PM;49.2107621166667;16.6025131333333;;;;
27434;;;;;;;;NMEA message parser not found for RMB.
27435;;;;;;;;Failed to parse: GGA.. Meters expected in GGA message.
27436;GSA;;;;;;;
27437;GSV;;;;;;;
27438;GSV;;;;;;;
27439;;;;;;;;NMEA message parser not found for GRM.
27440;RMC;12/26/2016 10:46:23 PM;49.2107532;16.6025176833333;;;;
27441;;;;;;;;NMEA message parser not found for RMB.
27442;;;;;;;;Failed to parse: GGA.. Meters expected in GGA message.
27443;GSA;;;;;;;
27444;GSV;;;;;;;
27445;GSV;;;;;;;
27446;;;;;;;;NMEA message parser not found for GRM.
27447;RMC;12/26/2016 10:46:24 PM;49.2107442833333;16.6025222166667;;;;
27448;;;;;;;;NMEA message parser not found for RMB.
27449;;;;;;;;Failed to parse: GGA.. Meters expected in GGA message.
27450;GSA;;;;;;;
27451;GSV;;;;;;;
27452;GSV;;;;;;;
27453;;;;;;;;NMEA message parser not found for GRM.
27454;RMC;12/26/2016 10:46:25 PM;49.2107353666667;16.6025267666667;;;;
27455;;;;;;;;NMEA message parser not found for RMB.
27456;;;;;;;;Failed to parse: GGA.. Meters expected in GGA message.
27457;GSA;;;;;;;
27458;GSV;;;;;;;
27459;GSV;;;;;;;
27460;;;;;;;;NMEA message parser not found for GRM.
27461;RMC;12/26/2016 10:46:26 PM;49.2107269833333;16.60253215;;;;
27462;;;;;;;;NMEA message parser not found for RMB.
27463;;;;;;;;Failed to parse: GGA.. Meters expected in GGA message.
27464;GSA;;;;;;;
27465;GSV;;;;;;;
27466;GSV;;;;;;;
27467;;;;;;;;NMEA message parser not found for GRM.
27468;RMC;12/26/2016 10:46:27 PM;49.2107191;16.6025383166667;;;;
27469;;;;;;;;NMEA message parser not found for RMB.
27470;;;;;;;;Failed to parse: GGA.. Meters expected in GGA message.
27471;GSA;;;;;;;
27472;GSV;;;;;;;
27473;GSV;;;;;;;
27474;;;;;;;;NMEA message parser not found for GRM.
27475;RMC;12/26/2016 10:46:28 PM;49.2107112166667;16.6025444833333;;;;
27476;;;;;;;;NMEA message parser not found for RMB.
27477;;;;;;;;Failed to parse: GGA.. Meters expected in GGA message.
27478;GSA;;;;;;;
27479;GSV;;;;;;;
27480;GSV;;;;;;;
27481;;;;;;;;NMEA message parser not found for GRM.
27482;RMC;12/26/2016 10:46:29 PM;49.2107033333333;16.60255065;;;;
27483;;;;;;;;NMEA message parser not found for RMB.
27484;;;;;;;;Failed to parse: GGA.. Meters expected in GGA message.
27485;GSA;;;;;;;
27486;GSV;;;;;;;
27487;GSV;;;;;;;
27488;;;;;;;;NMEA message parser not found for GRM.
27489;RMC;12/26/2016 10:46:30 PM;49.21069545;16.6025568333333;;;;
27490;;;;;;;;NMEA message parser not found for RMB.
27491;;;;;;;;Failed to parse: GGA.. Meters expected in GGA message.
27492;GSA;;;;;;;
27493;GSV;;;;;;;
27494;GSV;;;;;;;
27495;;;;;;;;NMEA message parser not found for GRM.
27496;RMC;12/26/2016 10:46:31 PM;49.2106875666667;16.602563;;;;
27497;;;;;;;;NMEA message parser not found for RMB.
27498;;;;;;;;Failed to parse: GGA.. Meters expected in GGA message.
27499;GSA;;;;;;;
27500;GSV;;;;;;;
27501;GSV;;;;;;;
27502;;;;;;;;NMEA message parser not found for GRM.
27503;RMC;12/26/2016 10:46:32 PM;49.2106796833333;16.6025691666667;;;;
27504;;;;;;;;NMEA message parser not found for RMB.
27505;;;;;;;;Failed to parse: GGA.. Meters expected in GGA message.
27506;GSA;;;;;;;
27507;GSV;;;;;;;
27508;GSV;;;;;;;
27509;;;;;;;;NMEA message parser not found for GRM.
27510;RMC;12/26/2016 10:46:33 PM;49.2106718166667;16.6025753333333;;;;
27511;;;;;;;;NMEA message parser not found for RMB.
27512;;;;;;;;Failed to parse: GGA.. Meters expected in GGA message.
27513;GSA;;;;;;;
27514;GSV;;;;;;;
27515;GSV;;;;;;;
27516;;;;;;;;NMEA message parser not found for GRM.
27517;RMC;12/26/2016 10:46:34 PM;49.2106639333333;16.6025815166667;;;;
27518;;;;;;;;NMEA message parser not found for RMB.
27519;;;;;;;;Failed to parse: GGA.. Meters expected in GGA message.
27520;GSA;;;;;;;
27521;GSV;;;;;;;
27522;GSV;;;;;;;
27523;;;;;;;;NMEA message parser not found for GRM.
27524;RMC;12/26/2016 10:46:35 PM;49.21065605;16.6025876833333;;;;
27525;;;;;;;;NMEA message parser not found for RMB.
27526;;;;;;;;Failed to parse: GGA.. Meters expected in GGA message.
27527;GSA;;;;;;;
27528;GSV;;;;;;;
27529;GSV;;;;;;;
27530;;;;;;;;NMEA message parser not found for GRM.
27531;RMC;12/26/2016 10:46:36 PM;49.2106481666667;16.60259385;;;;
27532;;;;;;;;NMEA message parser not found for RMB.
27533;;;;;;;;Failed to parse: GGA.. Meters expected in GGA message.
27534;GSA;;;;;;;
27535;GSV;;;;;;;
27536;GSV;;;;;;;
27537;;;;;;;;NMEA message parser not found for GRM.
27538;RMC;12/26/2016 10:46:37 PM;49.2106402833333;16.6026000166667;;;;
27539;;;;;;;;NMEA message parser not found for RMB.
27540;;;;;;;;Failed to parse: GGA.. Meters expected in GGA message.
27541;GSA;;;;;;;
27542;GSV;;;;;;;
27543;GSV;;;;;;;
27544;;;;;;;;NMEA message parser not found for GRM.
27545;RMC;12/26/2016 10:46:38 PM;49.2106324;16.6026062;;;;
27546;;;;;;;;NMEA message parser not found for RMB.
27547;;;;;;;;Failed to parse: GGA.. Meters expected in GGA message.
27548;GSA;;;;;;;
27549;GSV;;;;;;;
27550;GSV;;;;;;;
27551;;;;;;;;NMEA message parser not found for GRM.
27552;RMC;12/26/2016 10:46:39 PM;49.2106245166667;16.6026123666667;;;;
27553;;;;;;;;NMEA message parser not found for RMB.
27554;;;;;;;;Failed to parse: GGA.. Meters expected in GGA message.
27555;GSA;;;;;;;
27556;GSV;;;;;;;
27557;GSV;;;;;;;
27558;;;;;;;;NMEA message parser not found for GRM.
27559;RMC;12/26/2016 10:46:40 PM;49.2106166333333;16.6026185333333;;;;
27560;;;;;;;;NMEA message parser not found for RMB.
27561;;;;;;;;Failed to parse: GGA.. Meters expected in GGA message.
27562;GSA;;;;;;;
27563;GSV;;;;;;;
27564;GSV;;;;;;;
27565;;;;;;;;NMEA message parser not found for GRM.
27566;RMC;12/26/2016 10:46:41 PM;49.21060875;16.6026247;;;;
27567;;;;;;;;NMEA message parser not found for RMB.
27568;;;;;;;;Failed to parse: GGA.. Meters expected in GGA message.
27569;GSA;;;;;;;
27570;GSV;;;;;;;
27571;GSV;;;;;;;
27572;;;;;;;;NMEA message parser not found for GRM.
27573;RMC;12/26/2016 10:46:42 PM;49.2106008666667;16.6026308666667;;;;
27574;;;;;;;;NMEA message parser not found for RMB.
27575;;;;;;;;Failed to parse: GGA.. Meters expected in GGA message.
27576;GSA;;;;;;;
27577;GSV;;;;;;;
27578;GSV;;;;;;;
27579;;;;;;;;NMEA message parser not found for GRM.
27580;RMC;12/26/2016 10:46:43 PM;49.2105929833333;16.60263705;;;;
27581;;;;;;;;NMEA message parser not found for RMB.
27582;;;;;;;;Failed to parse: GGA.. Meters expected in GGA message.
27583;GSA;;;;;;;
27584;GSV;;;;;;;
27585;GSV;;;;;;;
27586;;;;;;;;NMEA message parser not found for GRM.
27587;RMC;12/26/2016 10:46:44 PM;49.2105851166667;16.6026432166667;;;;
27588;;;;;;;;NMEA message parser not found for RMB.
27589;;;;;;;;Failed to parse: GGA.. Meters expected in GGA message.
27590;GSA;;;;;;;
27591;GSV;;;;;;;
27592;GSV;;;;;;;
27593;;;;;;;;NMEA message parser not found for GRM.
27594;RMC;12/26/2016 10:46:45 PM;49.2105772333333;16.6026493833333;;;;
27595;;;;;;;;NMEA message parser not found for RMB.
27596;;;;;;;;Failed to parse: GGA.. Meters expected in GGA message.
27597;GSA;;;;;;;
27598;GSV;;;;;;;
27599;GSV;;;;;;;
27600;;;;;;;;NMEA message parser not found for GRM.
27601;RMC;12/26/2016 10:46:46 PM;49.21056935;16.60265555;;;;
27602;;;;;;;;NMEA message parser not found for RMB.
27603;;;;;;;;Failed to parse: GGA.. Meters expected in GGA message.
27604;GSA;;;;;;;
27605;GSV;;;;;;;
27606;GSV;;;;;;;
27607;;;;;;;;NMEA message parser not found for GRM.
27608;RMC;12/26/2016 10:46:47 PM;49.2105614666667;16.6026617333333;;;;
27609;;;;;;;;NMEA message parser not found for RMB.
27610;;;;;;;;Failed to parse: GGA.. Meters expected in GGA message.
27611;GSA;;;;;;;
27612;GSV;;;;;;;
27613;GSV;;;;;;;
27614;;;;;;;;NMEA message parser not found for GRM.
27615;RMC;12/26/2016 10:46:48 PM;49.2105535833333;16.6026679;;;;
27616;;;;;;;;NMEA message parser not found for RMB.
27617;;;;;;;;Failed to parse: GGA.. Meters expected in GGA message.
27618;GSA;;;;;;;
27619;GSV;;;;;;;
27620;GSV;;;;;;;
27621;;;;;;;;NMEA message parser not found for GRM.
27622;RMC;12/26/2016 10:46:49 PM;49.2105457;16.6026740666667;;;;
27623;;;;;;;;NMEA message parser not found for RMB.
27624;;;;;;;;Failed to parse: GGA.. Meters expected in GGA message.
27625;GSA;;;;;;;
27626;GSV;;;;;;;
27627;GSV;;;;;;;
27628;;;;;;;;NMEA message parser not found for GRM.
27629;RMC;12/26/2016 10:46:50 PM;49.2105378166667;16.6026802333333;;;;
27630;;;;;;;;NMEA message parser not found for RMB.
27631;;;;;;;;Failed to parse: GGA.. Meters expected in GGA message.
27632;GSA;;;;;;;
27633;GSV;;;;;;;
27634;GSV;;;;;;;
27635;;;;;;;;NMEA message parser not found for GRM.
27636;RMC;12/26/2016 10:46:51 PM;49.2105299333333;16.6026864166667;;;;
27637;;;;;;;;NMEA message parser not found for RMB.
27638;;;;;;;;Failed to parse: GGA.. Meters expected in GGA message.
27639;GSA;;;;;;;
27640;GSV;;;;;;;
27641;GSV;;;;;;;
27642;;;;;;;;NMEA message parser not found for GRM.
27643;RMC;12/26/2016 10:46:52 PM;49.21052205;16.6026925833333;;;;
27644;;;;;;;;NMEA message parser not found for RMB.
27645;;;;;;;;Failed to parse: GGA.. Meters expected in GGA message.
27646;GSA;;;;;;;
27647;GSV;;;;;;;
27648;GSV;;;;;;;
27649;;;;;;;;NMEA message parser not found for GRM.
27650;RMC;12/26/2016 10:46:53 PM;49.2105141666667;16.60269875;;;;
27651;;;;;;;;NMEA message parser not found for RMB.
27652;;;;;;;;Failed to parse: GGA.. Meters expected in GGA message.
27653;GSA;;;;;;;
27654;GSV;;;;;;;
27655;GSV;;;;;;;
27656;;;;;;;;NMEA message parser not found for GRM.
27657;RMC;12/26/2016 10:46:54 PM;49.2105062833333;16.6027049166667;;;;
27658;;;;;;;;NMEA message parser not found for RMB.
27659;;;;;;;;Failed to parse: GGA.. Meters expected in GGA message.
27660;GSA;;;;;;;
27661;GSV;;;;;;;
27662;GSV;;;;;;;
27663;;;;;;;;NMEA message parser not found for GRM.
27664;RMC;12/26/2016 10:46:55 PM;49.2104984;16.6027111;;;;
27665;;;;;;;;NMEA message parser not found for RMB.
27666;;;;;;;;Failed to parse: GGA.. Meters expected in GGA message.
27667;GSA;;;;;;;
27668;GSV;;;;;;;
27669;GSV;;;;;;;
27670;;;;;;;;NMEA message parser not found for GRM.
27671;RMC;12/26/2016 10:46:56 PM;49.2104905333333;16.6027172666667;;;;
27672;;;;;;;;NMEA message parser not found for RMB.
27673;;;;;;;;Failed to parse: GGA.. Meters expected in GGA message.
27674;GSA;;;;;;;
27675;GSV;;;;;;;
27676;GSV;;;;;;;
27677;;;;;;;;NMEA message parser not found for GRM.
27678;RMC;12/26/2016 10:46:57 PM;49.21048265;16.6027234333333;;;;
27679;;;;;;;;NMEA message parser not found for RMB.
27680;;;;;;;;Failed to parse: GGA.. Meters expected in GGA message.
27681;GSA;;;;;;;
27682;GSV;;;;;;;
27683;GSV;;;;;;;
27684;;;;;;;;NMEA message parser not found for GRM.
27685;RMC;12/26/2016 10:46:58 PM;49.2104747666667;16.6027296;;;;
27686;;;;;;;;NMEA message parser not found for RMB.
27687;;;;;;;;Failed to parse: GGA.. Meters expected in GGA message.
27688;GSA;;;;;;;
27689;GSV;;;;;;;
27690;GSV;;;;;;;
27691;;;;;;;;NMEA message parser not found for GRM.
27692;RMC;12/26/2016 10:46:59 PM;49.2104668833333;16.6027357833333;;;;
27693;;;;;;;;NMEA message parser not found for RMB.
27694;;;;;;;;Failed to parse: GGA.. Meters expected in GGA message.
27695;GSA;;;;;;;
27696;GSV;;;;;;;
27697;GSV;;;;;;;
27698;;;;;;;;NMEA message parser not found for GRM.
27699;RMC;12/26/2016 10:47:00 PM;49.210459;16.60274195;;;;
27700;;;;;;;;NMEA message parser not found for RMB.
27701;;;;;;;;Failed to parse: GGA.. Meters expected in GGA message.
27702;GSA;;;;;;;
27703;GSV;;;;;;;
27704;GSV;;;;;;;
27705;;;;;;;;NMEA message parser not found for GRM.
27706;RMC;12/26/2016 10:47:01 PM;49.2104511166667;16.6027481166667;;;;
27707;;;;;;;;NMEA message parser not found for RMB.
27708;;;;;;;;Failed to parse: GGA.. Meters expected in GGA message.
27709;GSA;;;;;;;
27710;GSV;;;;;;;
27711;GSV;;;;;;;
27712;;;;;;;;NMEA message parser not found for GRM.
27713;RMC;12/26/2016 10:47:02 PM;49.2104432333333;16.6027542833333;;;;
27714;;;;;;;;NMEA message parser not found for RMB.
27715;;;;;;;;Failed to parse: GGA.. Meters expected in GGA message.
27716;GSA;;;;;;;
27717;GSV;;;;;;;
27718;GSV;;;;;;;
27719;;;;;;;;NMEA message parser not found for GRM.
27720;RMC;12/26/2016 10:47:03 PM;49.21043535;16.60276045;;;;
27721;;;;;;;;NMEA message parser not found for RMB.
27722;;;;;;;;Failed to parse: GGA.. Meters expected in GGA message.
27723;GSA;;;;;;;
27724;GSV;;;;;;;
27725;GSV;;;;;;;
27726;;;;;;;;NMEA message parser not found for GRM.
27727;RMC;12/26/2016 10:47:04 PM;49.2104274666667;16.6027666333333;;;;
27728;;;;;;;;NMEA message parser not found for RMB.
27729;;;;;;;;Failed to parse: GGA.. Meters expected in GGA message.
27730;GSA;;;;;;;
27731;GSV;;;;;;;
27732;GSV;;;;;;;
27733;;;;;;;;NMEA message parser not found for GRM.
27734;RMC;12/26/2016 10:47:05 PM;49.2104195833333;16.6027728;;;;
27735;;;;;;;;NMEA message parser not found for RMB.
27736;;;;;;;;Failed to parse: GGA.. Meters expected in GGA message.
27737;GSA;;;;;;;
27738;GSV;;;;;;;
27739;GSV;;;;;;;
27740;;;;;;;;NMEA message parser not found for GRM.
27741;RMC;12/26/2016 10:47:06 PM;49.2104117;16.6027789666667;;;;
27742;;;;;;;;NMEA message parser not found for RMB.
27743;;;;;;;;Failed to parse: GGA.. Meters expected in GGA message.
27744;GSA;;;;;;;
27745;GSV;;;;;;;
27746;GSV;;;;;;;
27747;;;;;;;;NMEA message parser not found for GRM.
27748;RMC;12/26/2016 10:47:07 PM;49.2104038333333;16.6027851333333;;;;
27749;;;;;;;;NMEA message parser not found for RMB.
27750;;;;;;;;Failed to parse: GGA.. Meters expected in GGA message.
27751;GSA;;;;;;;
27752;GSV;;;;;;;
27753;GSV;;;;;;;
27754;;;;;;;;NMEA message parser not found for GRM.
27755;RMC;12/26/2016 10:47:08 PM;49.21039595;16.6027913166667;;;;
27756;;;;;;;;NMEA message parser not found for RMB.
27757;;;;;;;;Failed to parse: GGA.. Meters expected in GGA message.
27758;GSA;;;;;;;
27759;GSV;;;;;;;
27760;GSV;;;;;;;
27761;;;;;;;;NMEA message parser not found for GRM.
27762;RMC;12/26/2016 10:47:09 PM;49.2103880666667;16.6027974833333;;;;
27763;;;;;;;;NMEA message parser not found for RMB.
27764;;;;;;;;Failed to parse: GGA.. Meters expected in GGA message.
27765;GSA;;;;;;;
27766;GSV;;;;;;;
27767;GSV;;;;;;;
27768;;;;;;;;NMEA message parser not found for GRM.
27769;RMC;12/26/2016 10:47:10 PM;49.2103801833333;16.60280365;;;;
27770;;;;;;;;NMEA message parser not found for RMB.
27771;;;;;;;;Failed to parse: GGA.. Meters expected in GGA message.
27772;GSA;;;;;;;
27773;GSV;;;;;;;
27774;GSV;;;;;;;
27775;;;;;;;;NMEA message parser not found for GRM.
27776;RMC;12/26/2016 10:47:11 PM;49.2103723;16.6028098166667;;;;
27777;;;;;;;;NMEA message parser not found for RMB.
27778;;;;;;;;Failed to parse: GGA.. Meters expected in GGA message.
27779;GSA;;;;;;;
27780;GSV;;;;;;;
27781;GSV;;;;;;;
27782;;;;;;;;NMEA message parser not found for GRM.
27783;RMC;12/26/2016 10:47:12 PM;49.2103644166667;16.602816;;;;
27784;;;;;;;;NMEA message parser not found for RMB.
27785;;;;;;;;Failed to parse: GGA.. Meters expected in GGA message.
27786;GSA;;;;;;;
27787;GSV;;;;;;;
27788;GSV;;;;;;;
27789;;;;;;;;NMEA message parser not found for GRM.
27790;RMC;12/26/2016 10:47:13 PM;49.2103565333333;16.6028221666667;;;;
27791;;;;;;;;NMEA message parser not found for RMB.
27792;;;;;;;;Failed to parse: GGA.. Meters expected in GGA message.
27793;GSA;;;;;;;
27794;GSV;;;;;;;
27795;GSV;;;;;;;
27796;;;;;;;;NMEA message parser not found for GRM.
27797;RMC;12/26/2016 10:47:14 PM;49.21034865;16.6028283333333;;;;
27798;;;;;;;;NMEA message parser not found for RMB.
27799;;;;;;;;Failed to parse: GGA.. Meters expected in GGA message.
27800;GSA;;;;;;;
27801;GSV;;;;;;;
27802;GSV;;;;;;;
27803;;;;;;;;NMEA message parser not found for GRM.
27804;RMC;12/26/2016 10:47:15 PM;49.2103407666667;16.6028345;;;;
27805;;;;;;;;NMEA message parser not found for RMB.
27806;;;;;;;;Failed to parse: GGA.. Meters expected in GGA message.
27807;GSA;;;;;;;
27808;GSV;;;;;;;
27809;GSV;;;;;;;
27810;;;;;;;;NMEA message parser not found for GRM.
27811;RMC;12/26/2016 10:47:16 PM;49.2103328833333;16.6028406833333;;;;
27812;;;;;;;;NMEA message parser not found for RMB.
27813;;;;;;;;Failed to parse: GGA.. Meters expected in GGA message.
27814;GSA;;;;;;;
27815;GSV;;;;;;;
27816;GSV;;;;;;;
27817;;;;;;;;NMEA message parser not found for GRM.
27818;RMC;12/26/2016 10:47:17 PM;49.210325;16.60284685;;;;
27819;;;;;;;;NMEA message parser not found for RMB.
27820;;;;;;;;Failed to parse: GGA.. Meters expected in GGA message.
27821;GSA;;;;;;;
27822;GSV;;;;;;;
27823;GSV;;;;;;;
27824;;;;;;;;NMEA message parser not found for GRM.
27825;RMC;12/26/2016 10:47:18 PM;49.2103171166667;16.6028530166667;;;;
27826;;;;;;;;NMEA message parser not found for RMB.
27827;;;;;;;;Failed to parse: GGA.. Meters expected in GGA message.
27828;GSA;;;;;;;
27829;GSV;;;;;;;
27830;GSV;;;;;;;
27831;;;;;;;;NMEA message parser not found for GRM.
27832;RMC;12/26/2016 10:47:19 PM;49.21030925;16.6028591833333;;;;
27833;;;;;;;;NMEA message parser not found for RMB.
27834;;;;;;;;Failed to parse: GGA.. Meters expected in GGA message.
27835;GSA;;;;;;;
27836;GSV;;;;;;;
27837;GSV;;;;;;;
27838;;;;;;;;NMEA message parser not found for GRM.
27839;RMC;12/26/2016 10:47:20 PM;49.2103013666667;16.60286535;;;;
27840;;;;;;;;NMEA message parser not found for RMB.
27841;;;;;;;;Failed to parse: GGA.. Meters expected in GGA message.
27842;GSA;;;;;;;
27843;GSV;;;;;;;
27844;GSV;;;;;;;
27845;;;;;;;;NMEA message parser not found for GRM.
27846;RMC;12/26/2016 10:47:21 PM;49.2102934833333;16.6028715333333;;;;
27847;;;;;;;;NMEA message parser not found for RMB.
27848;;;;;;;;Failed to parse: GGA.. Meters expected in GGA message.
27849;GSA;;;;;;;
27850;GSV;;;;;;;
27851;GSV;;;;;;;
27852;;;;;;;;NMEA message parser not found for GRM.
27853;RMC;12/26/2016 10:47:22 PM;49.2102856;16.6028777;;;;
27854;;;;;;;;NMEA message parser not found for RMB.
27855;;;;;;;;Failed to parse: GGA.. Meters expected in GGA message.
27856;GSA;;;;;;;
27857;GSV;;;;;;;
27858;GSV;;;;;;;
27859;;;;;;;;NMEA message parser not found for GRM.
27860;RMC;12/26/2016 10:47:23 PM;49.2102777166667;16.6028838666667;;;;
27861;;;;;;;;NMEA message parser not found for RMB.
27862;;;;;;;;Failed to parse: GGA.. Meters expected in GGA message.
27863;GSA;;;;;;;
27864;GSV;;;;;;;
27865;GSV;;;;;;;
27866;;;;;;;;NMEA message parser not found for GRM.
27867;RMC;12/26/2016 10:47:24 PM;49.2102698333333;16.6028900333333;;;;
27868;;;;;;;;NMEA message parser not found for RMB.
27869;;;;;;;;Failed to parse: GGA.. Meters expected in GGA message.
27870;GSA;;;;;;;
27871;GSV;;;;;;;
27872;GSV;;;;;;;
27873;;;;;;;;NMEA message parser not found for GRM.
27874;RMC;12/26/2016 10:47:25 PM;49.21026195;16.6028962166667;;;;
27875;;;;;;;;NMEA message parser not found for RMB.
27876;;;;;;;;Failed to parse: GGA.. Meters expected in GGA message.
27877;GSA;;;;;;;
27878;GSV;;;;;;;
27879;GSV;;;;;;;
27880;;;;;;;;NMEA message parser not found for GRM.
27881;RMC;12/26/2016 10:47:26 PM;49.2102540666667;16.6029023833333;;;;
27882;;;;;;;;NMEA message parser not found for RMB.
27883;;;;;;;;Failed to parse: GGA.. Meters expected in GGA message.
27884;GSA;;;;;;;
27885;GSV;;;;;;;
27886;GSV;;;;;;;
27887;;;;;;;;NMEA message parser not found for GRM.
27888;RMC;12/26/2016 10:47:27 PM;49.2102461833333;16.60290855;;;;
27889;;;;;;;;NMEA message parser not found for RMB.
27890;;;;;;;;Failed to parse: GGA.. Meters expected in GGA message.
27891;GSA;;;;;;;
27892;GSV;;;;;;;
27893;GSV;;;;;;;
27894;;;;;;;;NMEA message parser not found for GRM.
27895;RMC;12/26/2016 10:47:28 PM;49.2102383;16.6029147166667;;;;
27896;;;;;;;;NMEA message parser not found for RMB.
27897;;;;;;;;Failed to parse: GGA.. Meters expected in GGA message.
27898;GSA;;;;;;;
27899;GSV;;;;;;;
27900;GSV;;;;;;;
27901;;;;;;;;NMEA message parser not found for GRM.
27902;RMC;12/26/2016 10:47:29 PM;49.2102304166667;16.6029209;;;;
27903;;;;;;;;NMEA message parser not found for RMB.
27904;;;;;;;;Failed to parse: GGA.. Meters expected in GGA message.
27905;GSA;;;;;;;
27906;GSV;;;;;;;
27907;GSV;;;;;;;
27908;;;;;;;;NMEA message parser not found for GRM.
27909;RMC;12/26/2016 10:47:30 PM;49.21022255;16.6029270666667;;;;
27910;;;;;;;;NMEA message parser not found for RMB.
27911;;;;;;;;Failed to parse: GGA.. Meters expected in GGA message.
27912;GSA;;;;;;;
27913;GSV;;;;;;;
27914;GSV;;;;;;;
27915;;;;;;;;NMEA message parser not found for GRM.
27916;RMC;12/26/2016 10:47:31 PM;49.2102146666667;16.6029332333333;;;;
27917;;;;;;;;NMEA message parser not found for RMB.
27918;;;;;;;;Failed to parse: GGA.. Meters expected in GGA message.
27919;GSA;;;;;;;
27920;GSV;;;;;;;
27921;GSV;;;;;;;
27922;;;;;;;;NMEA message parser not found for GRM.
27923;RMC;12/26/2016 10:47:32 PM;49.2102067833333;16.6029394;;;;
27924;;;;;;;;NMEA message parser not found for RMB.
27925;;;;;;;;Failed to parse: GGA.. Meters expected in GGA message.
27926;GSA;;;;;;;
27927;GSV;;;;;;;
27928;GSV;;;;;;;
27929;;;;;;;;NMEA message parser not found for GRM.
27930;RMC;12/26/2016 10:47:33 PM;49.2101989;16.6029455833333;;;;
27931;;;;;;;;NMEA message parser not found for RMB.
27932;;;;;;;;Failed to parse: GGA.. Meters expected in GGA message.
27933;GSA;;;;;;;
27934;GSV;;;;;;;
27935;GSV;;;;;;;
27936;;;;;;;;NMEA message parser not found for GRM.
27937;RMC;12/26/2016 10:47:34 PM;49.2101910166667;16.60295175;;;;
27938;;;;;;;;NMEA message parser not found for RMB.
27939;;;;;;;;Failed to parse: GGA.. Meters expected in GGA message.
27940;GSA;;;;;;;
27941;GSV;;;;;;;
27942;GSV;;;;;;;
27943;;;;;;;;NMEA message parser not found for GRM.
27944;RMC;12/26/2016 10:47:35 PM;49.2101831333333;16.6029579166667;;;;
27945;;;;;;;;NMEA message parser not found for RMB.
27946;;;;;;;;Failed to parse: GGA.. Meters expected in GGA message.
27947;GSA;;;;;;;
27948;GSV;;;;;;;
27949;GSV;;;;;;;
27950;;;;;;;;NMEA message parser not found for GRM.
27951;RMC;12/26/2016 10:47:36 PM;49.21017525;16.6029640833333;;;;
27952;;;;;;;;NMEA message parser not found for RMB.
27953;;;;;;;;Failed to parse: GGA.. Meters expected in GGA message.
27954;GSA;;;;;;;
27955;GSV;;;;;;;
27956;GSV;;;;;;;
27957;;;;;;;;NMEA message parser not found for GRM.
27958;RMC;12/26/2016 10:47:37 PM;49.2101673666667;16.60297025;;;;
27959;;;;;;;;NMEA message parser not found for RMB.
27960;;;;;;;;Failed to parse: GGA.. Meters expected in GGA message.
27961;GSA;;;;;;;
27962;GSV;;;;;;;
27963;GSV;;;;;;;
27964;;;;;;;;NMEA message parser not found for GRM.
27965;RMC;12/26/2016 10:47:38 PM;49.2101594833333;16.6029764333333;;;;
27966;;;;;;;;NMEA message parser not found for RMB.
27967;;;;;;;;Failed to parse: GGA.. Meters expected in GGA message.
27968;GSA;;;;;;;
27969;GSV;;;;;;;
27970;GSV;;;;;;;
27971;;;;;;;;NMEA message parser not found for GRM.
27972;RMC;12/26/2016 10:47:39 PM;49.2101516;16.6029826;;;;
27973;;;;;;;;NMEA message parser not found for RMB.
27974;;;;;;;;Failed to parse: GGA.. Meters expected in GGA message.
27975;GSA;;;;;;;
27976;GSV;;;;;;;
27977;GSV;;;;;;;
27978;;;;;;;;NMEA message parser not found for GRM.
27979;RMC;12/26/2016 10:47:40 PM;49.2101437166667;16.6029887666667;;;;
27980;;;;;;;;NMEA message parser not found for RMB.
27981;;;;;;;;Failed to parse: GGA.. Meters expected in GGA message.
27982;GSA;;;;;;;
27983;GSV;;;;;;;
27984;GSV;;;;;;;
27985;;;;;;;;NMEA message parser not found for GRM.
27986;RMC;12/26/2016 10:47:41 PM;49.2101358333333;16.6029949333333;;;;
27987;;;;;;;;NMEA message parser not found for RMB.
27988;;;;;;;;Failed to parse: GGA.. Meters expected in GGA message.
27989;GSA;;;;;;;
27990;GSV;;;;;;;
27991;GSV;;;;;;;
27992;;;;;;;;NMEA message parser not found for GRM.
27993;RMC;12/26/2016 10:47:42 PM;49.2101279666667;16.6030011166667;;;;
27994;;;;;;;;NMEA message parser not found for RMB.
27995;;;;;;;;Failed to parse: GGA.. Meters expected in GGA message.
27996;GSA;;;;;;;
27997;GSV;;;;;;;
27998;GSV;;;;;;;
27999;;;;;;;;NMEA message parser not found for GRM.
28000;RMC;12/26/2016 10:47:43 PM;49.2101200833333;16.6030072833333;;;;
28001;;;;;;;;NMEA message parser not found for RMB.
28002;;;;;;;;Failed to parse: GGA.. Meters expected in GGA message.
28003;GSA;;;;;;;
28004;GSV;;;;;;;
28005;GSV;;;;;;;
28006;;;;;;;;NMEA message parser not found for GRM.
28007;RMC;12/26/2016 10:47:44 PM;49.2101122;16.60301345;;;;
28008;;;;;;;;NMEA message parser not found for RMB.
28009;;;;;;;;Failed to parse: GGA.. Meters expected in GGA message.
28010;GSA;;;;;;;
28011;GSV;;;;;;;
28012;GSV;;;;;;;
28013;;;;;;;;NMEA message parser not found for GRM.
28014;RMC;12/26/2016 10:47:45 PM;49.2101043166667;16.6030196166667;;;;
28015;;;;;;;;NMEA message parser not found for RMB.
28016;;;;;;;;Failed to parse: GGA.. Meters expected in GGA message.
28017;GSA;;;;;;;
28018;GSV;;;;;;;
28019;GSV;;;;;;;
28020;;;;;;;;NMEA message parser not found for GRM.
28021;RMC;12/26/2016 10:47:46 PM;49.2100962166667;16.6030254833333;;;;
28022;;;;;;;;NMEA message parser not found for RMB.
28023;;;;;;;;Failed to parse: GGA.. Meters expected in GGA message.
28024;GSA;;;;;;;
28025;GSV;;;;;;;
28026;GSV;;;;;;;
28027;;;;;;;;NMEA message parser not found for GRM.
28028;RMC;12/26/2016 10:47:47 PM;49.21008785;16.603031;;;;
28029;;;;;;;;NMEA message parser not found for RMB.
28030;;;;;;;;Failed to parse: GGA.. Meters expected in GGA message.
28031;GSA;;;;;;;
28032;GSV;;;;;;;
28033;GSV;;;;;;;
28034;;;;;;;;NMEA message parser not found for GRM.
28035;RMC;12/26/2016 10:47:48 PM;49.2100794833333;16.6030365;;;;
28036;;;;;;;;NMEA message parser not found for RMB.
28037;;;;;;;;Failed to parse: GGA.. Meters expected in GGA message.
28038;GSA;;;;;;;
28039;GSV;;;;;;;
28040;GSV;;;;;;;
28041;;;;;;;;NMEA message parser not found for GRM.
28042;RMC;12/26/2016 10:47:49 PM;49.2100711333333;16.603042;;;;
28043;;;;;;;;NMEA message parser not found for RMB.
28044;;;;;;;;Failed to parse: GGA.. Meters expected in GGA message.
28045;GSA;;;;;;;
28046;GSV;;;;;;;
28047;GSV;;;;;;;
28048;;;;;;;;NMEA message parser not found for GRM.
28049;RMC;12/26/2016 10:47:50 PM;49.2100627666667;16.6030475;;;;
28050;;;;;;;;NMEA message parser not found for RMB.
28051;;;;;;;;Failed to parse: GGA.. Meters expected in GGA message.
28052;GSA;;;;;;;
28053;GSV;;;;;;;
28054;GSV;;;;;;;
28055;;;;;;;;NMEA message parser not found for GRM.
28056;RMC;12/26/2016 10:47:51 PM;49.2100544;16.603053;;;;
28057;;;;;;;;NMEA message parser not found for RMB.
28058;;;;;;;;Failed to parse: GGA.. Meters expected in GGA message.
28059;GSA;;;;;;;
28060;GSV;;;;;;;
28061;GSV;;;;;;;
28062;;;;;;;;NMEA message parser not found for GRM.
28063;RMC;12/26/2016 10:47:52 PM;49.21004605;16.6030585;;;;
28064;;;;;;;;NMEA message parser not found for RMB.
28065;;;;;;;;Failed to parse: GGA.. Meters expected in GGA message.
28066;GSA;;;;;;;
28067;GSV;;;;;;;
28068;GSV;;;;;;;
28069;;;;;;;;NMEA message parser not found for GRM.
28070;RMC;12/26/2016 10:47:53 PM;49.2100376833333;16.603064;;;;
28071;;;;;;;;NMEA message parser not found for RMB.
28072;;;;;;;;Failed to parse: GGA.. Meters expected in GGA message.
28073;GSA;;;;;;;
28074;GSV;;;;;;;
28075;GSV;;;;;;;
28076;;;;;;;;NMEA message parser not found for GRM.
28077;RMC;12/26/2016 10:47:54 PM;49.2100293166667;16.6030695166667;;;;
28078;;;;;;;;NMEA message parser not found for RMB.
28079;;;;;;;;Failed to parse: GGA.. Meters expected in GGA message.
28080;GSA;;;;;;;
28081;GSV;;;;;;;
28082;GSV;;;;;;;
28083;;;;;;;;NMEA message parser not found for GRM.
28084;RMC;12/26/2016 10:47:55 PM;49.21002095;16.6030750166667;;;;
28085;;;;;;;;NMEA message parser not found for RMB.
28086;;;;;;;;Failed to parse: GGA.. Meters expected in GGA message.
28087;GSA;;;;;;;
28088;GSV;;;;;;;
28089;GSV;;;;;;;
28090;;;;;;;;NMEA message parser not found for GRM.
28091;RMC;12/26/2016 10:47:56 PM;49.2100126;16.6030805166667;;;;
28092;;;;;;;;NMEA message parser not found for RMB.
28093;;;;;;;;Failed to parse: GGA.. Meters expected in GGA message.
28094;GSA;;;;;;;
28095;GSV;;;;;;;
28096;GSV;;;;;;;
28097;;;;;;;;NMEA message parser not found for GRM.
28098;RMC;12/26/2016 10:47:57 PM;49.2100042333333;16.6030860166667;;;;
28099;;;;;;;;NMEA message parser not found for RMB.
28100;;;;;;;;Failed to parse: GGA.. Meters expected in GGA message.
28101;GSA;;;;;;;
28102;GSV;;;;;;;
28103;GSV;;;;;;;
28104;;;;;;;;NMEA message parser not found for GRM.
28105;RMC;12/26/2016 10:47:58 PM;49.2099958666667;16.6030915166667;;;;
28106;;;;;;;;NMEA message parser not found for RMB.
28107;;;;;;;;Failed to parse: GGA.. Meters expected in GGA message.
28108;GSA;;;;;;;
28109;GSV;;;;;;;
28110;GSV;;;;;;;
28111;;;;;;;;NMEA message parser not found for GRM.
28112;RMC;12/26/2016 10:47:59 PM;49.2099875;16.6030970166667;;;;
28113;;;;;;;;NMEA message parser not found for RMB.
28114;;;;;;;;Failed to parse: GGA.. Meters expected in GGA message.
28115;GSA;;;;;;;
28116;GSV;;;;;;;
28117;GSV;;;;;;;
28118;;;;;;;;NMEA message parser not found for GRM.
28119;RMC;12/26/2016 10:48:00 PM;49.20997915;16.6031025166667;;;;
28120;;;;;;;;NMEA message parser not found for RMB.
28121;;;;;;;;Failed to parse: GGA.. Meters expected in GGA message.
28122;GSA;;;;;;;
28123;GSV;;;;;;;
28124;GSV;;;;;;;
28125;;;;;;;;NMEA message parser not found for GRM.
28126;RMC;12/26/2016 10:48:01 PM;49.2099707833333;16.6031080333333;;;;
28127;;;;;;;;NMEA message parser not found for RMB.
28128;;;;;;;;Failed to parse: GGA.. Meters expected in GGA message.
28129;GSA;;;;;;;
28130;GSV;;;;;;;
28131;GSV;;;;;;;
28132;;;;;;;;NMEA message parser not found for GRM.
28133;RMC;12/26/2016 10:48:02 PM;49.2099624166667;16.6031135333333;;;;
28134;;;;;;;;NMEA message parser not found for RMB.
28135;;;;;;;;Failed to parse: GGA.. Meters expected in GGA message.
28136;GSA;;;;;;;
28137;GSV;;;;;;;
28138;GSV;;;;;;;
28139;;;;;;;;NMEA message parser not found for GRM.
28140;RMC;12/26/2016 10:48:03 PM;49.2099540666667;16.6031190333333;;;;
28141;;;;;;;;NMEA message parser not found for RMB.
28142;;;;;;;;Failed to parse: GGA.. Meters expected in GGA message.
28143;GSA;;;;;;;
28144;GSV;;;;;;;
28145;GSV;;;;;;;
28146;;;;;;;;NMEA message parser not found for GRM.
28147;RMC;12/26/2016 10:48:04 PM;49.2099457;16.6031245333333;;;;
28148;;;;;;;;NMEA message parser not found for RMB.
28149;;;;;;;;Failed to parse: GGA.. Meters expected in GGA message.
28150;GSA;;;;;;;
28151;GSV;;;;;;;
28152;GSV;;;;;;;
28153;;;;;;;;NMEA message parser not found for GRM.
28154;RMC;12/26/2016 10:48:05 PM;49.2099373333333;16.6031300333333;;;;
28155;;;;;;;;NMEA message parser not found for RMB.
28156;;;;;;;;Failed to parse: GGA.. Meters expected in GGA message.
28157;GSA;;;;;;;
28158;GSV;;;;;;;
28159;GSV;;;;;;;
28160;;;;;;;;NMEA message parser not found for GRM.
28161;RMC;12/26/2016 10:48:06 PM;49.2099289666667;16.6031355333333;;;;
28162;;;;;;;;NMEA message parser not found for RMB.
28163;;;;;;;;Failed to parse: GGA.. Meters expected in GGA message.
28164;GSA;;;;;;;
28165;GSV;;;;;;;
28166;GSV;;;;;;;
28167;;;;;;;;NMEA message parser not found for GRM.
28168;RMC;12/26/2016 10:48:07 PM;49.2099206166667;16.6031410333333;;;;
28169;;;;;;;;NMEA message parser not found for RMB.
28170;;;;;;;;Failed to parse: GGA.. Meters expected in GGA message.
28171;GSA;;;;;;;
28172;GSV;;;;;;;
28173;GSV;;;;;;;
28174;;;;;;;;NMEA message parser not found for GRM.
28175;RMC;12/26/2016 10:48:08 PM;49.20991225;16.60314655;;;;
28176;;;;;;;;NMEA message parser not found for RMB.
28177;;;;;;;;Failed to parse: GGA.. Meters expected in GGA message.
28178;GSA;;;;;;;
28179;GSV;;;;;;;
28180;GSV;;;;;;;
28181;;;;;;;;NMEA message parser not found for GRM.
28182;RMC;12/26/2016 10:48:09 PM;49.2099038833333;16.60315205;;;;
28183;;;;;;;;NMEA message parser not found for RMB.
28184;;;;;;;;Failed to parse: GGA.. Meters expected in GGA message.
28185;GSA;;;;;;;
28186;GSV;;;;;;;
28187;GSV;;;;;;;
28188;;;;;;;;NMEA message parser not found for GRM.
28189;RMC;12/26/2016 10:48:10 PM;49.2098955333333;16.60315755;;;;
28190;;;;;;;;NMEA message parser not found for RMB.
28191;;;;;;;;Failed to parse: GGA.. Meters expected in GGA message.
28192;GSA;;;;;;;
28193;GSV;;;;;;;
28194;GSV;;;;;;;
28195;;;;;;;;NMEA message parser not found for GRM.
28196;RMC;12/26/2016 10:48:11 PM;49.2098871666667;16.60316305;;;;
28197;;;;;;;;NMEA message parser not found for RMB.
28198;;;;;;;;Failed to parse: GGA.. Meters expected in GGA message.
28199;GSA;;;;;;;
28200;GSV;;;;;;;
28201;GSV;;;;;;;
28202;;;;;;;;NMEA message parser not found for GRM.
28203;RMC;12/26/2016 10:48:12 PM;49.2098788;16.60316855;;;;
28204;;;;;;;;NMEA message parser not found for RMB.
28205;;;;;;;;Failed to parse: GGA.. Meters expected in GGA message.
28206;GSA;;;;;;;
28207;GSV;;;;;;;
28208;GSV;;;;;;;
28209;;;;;;;;NMEA message parser not found for GRM.
28210;RMC;12/26/2016 10:48:13 PM;49.2098704333333;16.60317405;;;;
28211;;;;;;;;NMEA message parser not found for RMB.
28212;;;;;;;;Failed to parse: GGA.. Meters expected in GGA message.
28213;GSA;;;;;;;
28214;GSV;;;;;;;
28215;GSV;;;;;;;
28216;;;;;;;;NMEA message parser not found for GRM.
28217;RMC;12/26/2016 10:48:14 PM;49.2098620833333;16.60317955;;;;
28218;;;;;;;;NMEA message parser not found for RMB.
28219;;;;;;;;Failed to parse: GGA.. Meters expected in GGA message.
28220;GSA;;;;;;;
28221;GSV;;;;;;;
28222;GSV;;;;;;;
28223;;;;;;;;NMEA message parser not found for GRM.
28224;RMC;12/26/2016 10:48:15 PM;49.2098537166667;16.6031850666667;;;;
28225;;;;;;;;NMEA message parser not found for RMB.
28226;;;;;;;;Failed to parse: GGA.. Meters expected in GGA message.
28227;GSA;;;;;;;
28228;GSV;;;;;;;
28229;GSV;;;;;;;
28230;;;;;;;;NMEA message parser not found for GRM.
28231;RMC;12/26/2016 10:48:16 PM;49.20984535;16.6031905666667;;;;
28232;;;;;;;;NMEA message parser not found for RMB.
28233;;;;;;;;Failed to parse: GGA.. Meters expected in GGA message.
28234;GSA;;;;;;;
28235;GSV;;;;;;;
28236;GSV;;;;;;;
28237;;;;;;;;NMEA message parser not found for GRM.
28238;RMC;12/26/2016 10:48:17 PM;49.2098369833333;16.6031960666667;;;;
28239;;;;;;;;NMEA message parser not found for RMB.
28240;;;;;;;;Failed to parse: GGA.. Meters expected in GGA message.
28241;GSA;;;;;;;
28242;GSV;;;;;;;
28243;GSV;;;;;;;
28244;;;;;;;;NMEA message parser not found for GRM.
28245;RMC;12/26/2016 10:48:18 PM;49.2098286333333;16.6032015666667;;;;
28246;;;;;;;;NMEA message parser not found for RMB.
28247;;;;;;;;Failed to parse: GGA.. Meters expected in GGA message.
28248;GSA;;;;;;;
28249;GSV;;;;;;;
28250;GSV;;;;;;;
28251;;;;;;;;NMEA message parser not found for GRM.
28252;RMC;12/26/2016 10:48:19 PM;49.2098202666667;16.6032070666667;;;;
28253;;;;;;;;NMEA message parser not found for RMB.
28254;;;;;;;;Failed to parse: GGA.. Meters expected in GGA message.
28255;GSA;;;;;;;
28256;GSV;;;;;;;
28257;GSV;;;;;;;
28258;;;;;;;;NMEA message parser not found for GRM.
28259;RMC;12/26/2016 10:48:20 PM;49.2098119;16.6032125666667;;;;
28260;;;;;;;;NMEA message parser not found for RMB.
28261;;;;;;;;Failed to parse: GGA.. Meters expected in GGA message.
28262;GSA;;;;;;;
28263;GSV;;;;;;;
28264;GSV;;;;;;;
28265;;;;;;;;NMEA message parser not found for GRM.
28266;RMC;12/26/2016 10:48:21 PM;49.20980355;16.6032180666667;;;;
28267;;;;;;;;NMEA message parser not found for RMB.
28268;;;;;;;;Failed to parse: GGA.. Meters expected in GGA message.
28269;GSA;;;;;;;
28270;GSV;;;;;;;
28271;GSV;;;;;;;
28272;;;;;;;;NMEA message parser not found for GRM.
28273;RMC;12/26/2016 10:48:22 PM;49.2097951833333;16.6032235833333;;;;
28274;;;;;;;;NMEA message parser not found for RMB.
28275;;;;;;;;Failed to parse: GGA.. Meters expected in GGA message.
28276;GSA;;;;;;;
28277;GSV;;;;;;;
28278;GSV;;;;;;;
28279;;;;;;;;NMEA message parser not found for GRM.
28280;RMC;12/26/2016 10:48:23 PM;49.2097868166667;16.6032290833333;;;;
28281;;;;;;;;NMEA message parser not found for RMB.
28282;;;;;;;;Failed to parse: GGA.. Meters expected in GGA message.
28283;GSA;;;;;;;
28284;GSV;;;;;;;
28285;GSV;;;;;;;
28286;;;;;;;;NMEA message parser not found for GRM.
28287;RMC;12/26/2016 10:48:24 PM;49.20977845;16.6032345833333;;;;
28288;;;;;;;;NMEA message parser not found for RMB.
28289;;;;;;;;Failed to parse: GGA.. Meters expected in GGA message.
28290;GSA;;;;;;;
28291;GSV;;;;;;;
28292;GSV;;;;;;;
28293;;;;;;;;NMEA message parser not found for GRM.
28294;RMC;12/26/2016 10:48:25 PM;49.2097701;16.6032400833333;;;;
28295;;;;;;;;NMEA message parser not found for RMB.
28296;;;;;;;;Failed to parse: GGA.. Meters expected in GGA message.
28297;GSA;;;;;;;
28298;GSV;;;;;;;
28299;GSV;;;;;;;
28300;;;;;;;;NMEA message parser not found for GRM.
28301;RMC;12/26/2016 10:48:26 PM;49.2097617333333;16.6032455833333;;;;
28302;;;;;;;;NMEA message parser not found for RMB.
28303;;;;;;;;Failed to parse: GGA.. Meters expected in GGA message.
28304;GSA;;;;;;;
28305;GSV;;;;;;;
28306;GSV;;;;;;;
28307;;;;;;;;NMEA message parser not found for GRM.
28308;RMC;12/26/2016 10:48:27 PM;49.2097533666667;16.6032510833333;;;;
28309;;;;;;;;NMEA message parser not found for RMB.
28310;;;;;;;;Failed to parse: GGA.. Meters expected in GGA message.
28311;GSA;;;;;;;
28312;GSV;;;;;;;
28313;GSV;;;;;;;
28314;;;;;;;;NMEA message parser not found for GRM.
28315;RMC;12/26/2016 10:48:28 PM;49.2097450166667;16.6032565833333;;;;
28316;;;;;;;;NMEA message parser not found for RMB.
28317;;;;;;;;Failed to parse: GGA.. Meters expected in GGA message.
28318;GSA;;;;;;;
28319;GSV;;;;;;;
28320;GSV;;;;;;;
28321;;;;;;;;NMEA message parser not found for GRM.
28322;RMC;12/26/2016 10:48:29 PM;49.20973665;16.6032621;;;;
28323;;;;;;;;NMEA message parser not found for RMB.
28324;;;;;;;;Failed to parse: GGA.. Meters expected in GGA message.
28325;GSA;;;;;;;
28326;GSV;;;;;;;
28327;GSV;;;;;;;
28328;;;;;;;;NMEA message parser not found for GRM.
28329;RMC;12/26/2016 10:48:30 PM;49.2097282833333;16.6032676;;;;
28330;;;;;;;;NMEA message parser not found for RMB.
28331;;;;;;;;Failed to parse: GGA.. Meters expected in GGA message.
28332;GSA;;;;;;;
28333;GSV;;;;;;;
28334;GSV;;;;;;;
28335;;;;;;;;NMEA message parser not found for GRM.
28336;RMC;12/26/2016 10:48:31 PM;49.2097199166667;16.6032731;;;;
28337;;;;;;;;NMEA message parser not found for RMB.
28338;;;;;;;;Failed to parse: GGA.. Meters expected in GGA message.
28339;GSA;;;;;;;
28340;GSV;;;;;;;
28341;GSV;;;;;;;
28342;;;;;;;;NMEA message parser not found for GRM.
28343;RMC;12/26/2016 10:48:32 PM;49.2097115666667;16.6032786;;;;
28344;;;;;;;;NMEA message parser not found for RMB.
28345;;;;;;;;Failed to parse: GGA.. Meters expected in GGA message.
28346;GSA;;;;;;;
28347;GSV;;;;;;;
28348;GSV;;;;;;;
28349;;;;;;;;NMEA message parser not found for GRM.
28350;RMC;12/26/2016 10:48:33 PM;49.2097032;16.6032841;;;;
28351;;;;;;;;NMEA message parser not found for RMB.
28352;;;;;;;;Failed to parse: GGA.. Meters expected in GGA message.
28353;GSA;;;;;;;
28354;GSV;;;;;;;
28355;GSV;;;;;;;
28356;;;;;;;;NMEA message parser not found for GRM.
28357;RMC;12/26/2016 10:48:34 PM;49.2096948333333;16.6032896;;;;
28358;;;;;;;;NMEA message parser not found for RMB.
28359;;;;;;;;Failed to parse: GGA.. Meters expected in GGA message.
28360;GSA;;;;;;;
28361;GSV;;;;;;;
28362;GSV;;;;;;;
28363;;;;;;;;NMEA message parser not found for GRM.
28364;RMC;12/26/2016 10:48:35 PM;49.2096864666667;16.6032951;;;;
28365;;;;;;;;NMEA message parser not found for RMB.
28366;;;;;;;;Failed to parse: GGA.. Meters expected in GGA message.
28367;GSA;;;;;;;
28368;GSV;;;;;;;
28369;GSV;;;;;;;
28370;;;;;;;;NMEA message parser not found for GRM.
28371;RMC;12/26/2016 10:48:36 PM;49.2096781166667;16.6033006166667;;;;
28372;;;;;;;;NMEA message parser not found for RMB.
28373;;;;;;;;Failed to parse: GGA.. Meters expected in GGA message.
28374;GSA;;;;;;;
28375;GSV;;;;;;;
28376;GSV;;;;;;;
28377;;;;;;;;NMEA message parser not found for GRM.
28378;RMC;12/26/2016 10:48:37 PM;49.2096696833333;16.603306;;;;
28379;;;;;;;;NMEA message parser not found for RMB.
28380;;;;;;;;Failed to parse: GGA.. Meters expected in GGA message.
28381;GSA;;;;;;;
28382;GSV;;;;;;;
28383;GSV;;;;;;;
28384;;;;;;;;NMEA message parser not found for GRM.
28385;RMC;12/26/2016 10:48:38 PM;49.2096612333333;16.6033113666667;;;;
28386;;;;;;;;NMEA message parser not found for RMB.
28387;;;;;;;;Failed to parse: GGA.. Meters expected in GGA message.
28388;GSA;;;;;;;
28389;GSV;;;;;;;
28390;GSV;;;;;;;
28391;;;;;;;;NMEA message parser not found for GRM.
28392;RMC;12/26/2016 10:48:39 PM;49.2096527666667;16.6033167333333;;;;
28393;;;;;;;;NMEA message parser not found for RMB.
28394;;;;;;;;Failed to parse: GGA.. Meters expected in GGA message.
28395;GSA;;;;;;;
28396;GSV;;;;;;;
28397;GSV;;;;;;;
28398;;;;;;;;NMEA message parser not found for GRM.
28399;RMC;12/26/2016 10:48:40 PM;49.2096443166667;16.6033220833333;;;;
28400;;;;;;;;NMEA message parser not found for RMB.
28401;;;;;;;;Failed to parse: GGA.. Meters expected in GGA message.
28402;GSA;;;;;;;
28403;GSV;;;;;;;
28404;GSV;;;;;;;
28405;;;;;;;;NMEA message parser not found for GRM.
28406;RMC;12/26/2016 10:48:41 PM;49.2096358666667;16.60332745;;;;
28407;;;;;;;;NMEA message parser not found for RMB.
28408;;;;;;;;Failed to parse: GGA.. Meters expected in GGA message.
28409;GSA;;;;;;;
28410;GSV;;;;;;;
28411;GSV;;;;;;;
28412;;;;;;;;NMEA message parser not found for GRM.
28413;RMC;12/26/2016 10:48:42 PM;49.2096274166667;16.6033328166667;;;;
28414;;;;;;;;NMEA message parser not found for RMB.
28415;;;;;;;;Failed to parse: GGA.. Meters expected in GGA message.
28416;GSA;;;;;;;
28417;GSV;;;;;;;
28418;GSV;;;;;;;
28419;;;;;;;;NMEA message parser not found for GRM.
28420;RMC;12/26/2016 10:48:43 PM;49.2096189666667;16.6033381666667;;;;
28421;;;;;;;;NMEA message parser not found for RMB.
28422;;;;;;;;Failed to parse: GGA.. Meters expected in GGA message.
28423;GSA;;;;;;;
28424;GSV;;;;;;;
28425;GSV;;;;;;;
28426;;;;;;;;NMEA message parser not found for GRM.
28427;RMC;12/26/2016 10:48:44 PM;49.2096105;16.6033435333333;;;;
28428;;;;;;;;NMEA message parser not found for RMB.
28429;;;;;;;;Failed to parse: GGA.. Meters expected in GGA message.
28430;GSA;;;;;;;
28431;GSV;;;;;;;
28432;GSV;;;;;;;
28433;;;;;;;;NMEA message parser not found for GRM.
28434;RMC;12/26/2016 10:48:45 PM;49.20960205;16.6033489;;;;
28435;;;;;;;;NMEA message parser not found for RMB.
28436;;;;;;;;Failed to parse: GGA.. Meters expected in GGA message.
28437;GSA;;;;;;;
28438;GSV;;;;;;;
28439;GSV;;;;;;;
28440;;;;;;;;NMEA message parser not found for GRM.
28441;RMC;12/26/2016 10:48:46 PM;49.2095936;16.60335425;;;;
28442;;;;;;;;NMEA message parser not found for RMB.
28443;;;;;;;;Failed to parse: GGA.. Meters expected in GGA message.
28444;GSA;;;;;;;
28445;GSV;;;;;;;
28446;GSV;;;;;;;
28447;;;;;;;;NMEA message parser not found for GRM.
28448;RMC;12/26/2016 10:48:47 PM;49.20958515;16.6033596166667;;;;
28449;;;;;;;;NMEA message parser not found for RMB.
28450;;;;;;;;Failed to parse: GGA.. Meters expected in GGA message.
28451;GSA;;;;;;;
28452;GSV;;;;;;;
28453;GSV;;;;;;;
28454;;;;;;;;NMEA message parser not found for GRM.
28455;RMC;12/26/2016 10:48:48 PM;49.2095767;16.6033649833333;;;;
28456;;;;;;;;NMEA message parser not found for RMB.
28457;;;;;;;;Failed to parse: GGA.. Meters expected in GGA message.
28458;GSA;;;;;;;
28459;GSV;;;;;;;
28460;GSV;;;;;;;
28461;;;;;;;;NMEA message parser not found for GRM.
28462;RMC;12/26/2016 10:48:49 PM;49.2095682333333;16.6033703333333;;;;
28463;;;;;;;;NMEA message parser not found for RMB.
28464;;;;;;;;Failed to parse: GGA.. Meters expected in GGA message.
28465;GSA;;;;;;;
28466;GSV;;;;;;;
28467;GSV;;;;;;;
28468;;;;;;;;NMEA message parser not found for GRM.
28469;RMC;12/26/2016 10:48:50 PM;49.2095597833333;16.6033757;;;;
28470;;;;;;;;NMEA message parser not found for RMB.
28471;;;;;;;;Failed to parse: GGA.. Meters expected in GGA message.
28472;GSA;;;;;;;
28473;GSV;;;;;;;
28474;GSV;;;;;;;
28475;;;;;;;;NMEA message parser not found for GRM.
28476;RMC;12/26/2016 10:48:51 PM;49.2095513333333;16.60338105;;;;
28477;;;;;;;;NMEA message parser not found for RMB.
28478;;;;;;;;Failed to parse: GGA.. Meters expected in GGA message.
28479;GSA;;;;;;;
28480;GSV;;;;;;;
28481;GSV;;;;;;;
28482;;;;;;;;NMEA message parser not found for GRM.
28483;RMC;12/26/2016 10:48:52 PM;49.2095428833333;16.6033864166667;;;;
28484;;;;;;;;NMEA message parser not found for RMB.
28485;;;;;;;;Failed to parse: GGA.. Meters expected in GGA message.
28486;GSA;;;;;;;
28487;GSV;;;;;;;
28488;GSV;;;;;;;
28489;;;;;;;;NMEA message parser not found for GRM.
28490;RMC;12/26/2016 10:48:53 PM;49.2095344166667;16.6033917833333;;;;
28491;;;;;;;;NMEA message parser not found for RMB.
28492;;;;;;;;Failed to parse: GGA.. Meters expected in GGA message.
28493;GSA;;;;;;;
28494;GSV;;;;;;;
28495;GSV;;;;;;;
28496;;;;;;;;NMEA message parser not found for GRM.
28497;RMC;12/26/2016 10:48:54 PM;49.2095259666667;16.6033971333333;;;;
28498;;;;;;;;NMEA message parser not found for RMB.
28499;;;;;;;;Failed to parse: GGA.. Meters expected in GGA message.
28500;GSA;;;;;;;
28501;GSV;;;;;;;
28502;GSV;;;;;;;
28503;;;;;;;;NMEA message parser not found for GRM.
28504;RMC;12/26/2016 10:48:55 PM;49.2095175166667;16.6034025;;;;
28505;;;;;;;;NMEA message parser not found for RMB.
28506;;;;;;;;Failed to parse: GGA.. Meters expected in GGA message.
28507;GSA;;;;;;;
28508;GSV;;;;;;;
28509;GSV;;;;;;;
28510;;;;;;;;NMEA message parser not found for GRM.
28511;RMC;12/26/2016 10:48:56 PM;49.2095090666667;16.6034078666667;;;;
28512;;;;;;;;NMEA message parser not found for RMB.
28513;;;;;;;;Failed to parse: GGA.. Meters expected in GGA message.
28514;GSA;;;;;;;
28515;GSV;;;;;;;
28516;GSV;;;;;;;
28517;;;;;;;;NMEA message parser not found for GRM.
28518;RMC;12/26/2016 10:48:57 PM;49.2095006166667;16.6034132166667;;;;
28519;;;;;;;;NMEA message parser not found for RMB.
28520;;;;;;;;Failed to parse: GGA.. Meters expected in GGA message.
28521;GSA;;;;;;;
28522;GSV;;;;;;;
28523;GSV;;;;;;;
28524;;;;;;;;NMEA message parser not found for GRM.
28525;RMC;12/26/2016 10:48:58 PM;49.20949215;16.6034185833333;;;;
28526;;;;;;;;NMEA message parser not found for RMB.
28527;;;;;;;;Failed to parse: GGA.. Meters expected in GGA message.
28528;GSA;;;;;;;
28529;GSV;;;;;;;
28530;GSV;;;;;;;
28531;;;;;;;;NMEA message parser not found for GRM.
28532;RMC;12/26/2016 10:48:59 PM;49.2094837;16.60342395;;;;
28533;;;;;;;;NMEA message parser not found for RMB.
28534;;;;;;;;Failed to parse: GGA.. Meters expected in GGA message.
28535;GSA;;;;;;;
28536;GSV;;;;;;;
28537;GSV;;;;;;;
28538;;;;;;;;NMEA message parser not found for GRM.
28539;RMC;12/26/2016 10:49:00 PM;49.20947525;16.6034293;;;;
28540;;;;;;;;NMEA message parser not found for RMB.
28541;;;;;;;;Failed to parse: GGA.. Meters expected in GGA message.
28542;GSA;;;;;;;
28543;GSV;;;;;;;
28544;GSV;;;;;;;
28545;;;;;;;;NMEA message parser not found for GRM.
28546;RMC;12/26/2016 10:49:01 PM;49.2094668;16.6034346666667;;;;
28547;;;;;;;;NMEA message parser not found for RMB.
28548;;;;;;;;Failed to parse: GGA.. Meters expected in GGA message.
28549;GSA;;;;;;;
28550;GSV;;;;;;;
28551;GSV;;;;;;;
28552;;;;;;;;NMEA message parser not found for GRM.
28553;RMC;12/26/2016 10:49:02 PM;49.20945835;16.6034400333333;;;;
28554;;;;;;;;NMEA message parser not found for RMB.
28555;;;;;;;;Failed to parse: GGA.. Meters expected in GGA message.
28556;GSA;;;;;;;
28557;GSV;;;;;;;
28558;GSV;;;;;;;
28559;;;;;;;;NMEA message parser not found for GRM.
28560;RMC;12/26/2016 10:49:03 PM;49.2094498833333;16.6034453833333;;;;
28561;;;;;;;;NMEA message parser not found for RMB.
28562;;;;;;;;Failed to parse: GGA.. Meters expected in GGA message.
28563;GSA;;;;;;;
28564;GSV;;;;;;;
28565;GSV;;;;;;;
28566;;;;;;;;NMEA message parser not found for GRM.
28567;RMC;12/26/2016 10:49:04 PM;49.2094414333333;16.60345075;;;;
28568;;;;;;;;NMEA message parser not found for RMB.
28569;;;;;;;;Failed to parse: GGA.. Meters expected in GGA message.
28570;GSA;;;;;;;
28571;GSV;;;;;;;
28572;GSV;;;;;;;
28573;;;;;;;;NMEA message parser not found for GRM.
28574;RMC;12/26/2016 10:49:05 PM;49.2094329833333;16.6034561166667;;;;
28575;;;;;;;;NMEA message parser not found for RMB.
28576;;;;;;;;Failed to parse: GGA.. Meters expected in GGA message.
28577;GSA;;;;;;;
28578;GSV;;;;;;;
28579;GSV;;;;;;;
28580;;;;;;;;NMEA message parser not found for GRM.
28581;RMC;12/26/2016 10:49:06 PM;49.2094245333333;16.6034614666667;;;;
28582;;;;;;;;NMEA message parser not found for RMB.
28583;;;;;;;;Failed to parse: GGA.. Meters expected in GGA message.
28584;GSA;;;;;;;
28585;GSV;;;;;;;
28586;GSV;;;;;;;
28587;;;;;;;;NMEA message parser not found for GRM.
28588;RMC;12/26/2016 10:49:07 PM;49.2094160833333;16.6034668333333;;;;
28589;;;;;;;;NMEA message parser not found for RMB.
28590;;;;;;;;Failed to parse: GGA.. Meters expected in GGA message.
28591;GSA;;;;;;;
28592;GSV;;;;;;;
28593;GSV;;;;;;;
28594;;;;;;;;NMEA message parser not found for GRM.
28595;RMC;12/26/2016 10:49:08 PM;49.2094076166667;16.6034721833333;;;;
28596;;;;;;;;NMEA message parser not found for RMB.
28597;;;;;;;;Failed to parse: GGA.. Meters expected in GGA message.
28598;GSA;;;;;;;
28599;GSV;;;;;;;
28600;GSV;;;;;;;
28601;;;;;;;;NMEA message parser not found for GRM.
28602;RMC;12/26/2016 10:49:09 PM;49.2093991666667;16.60347755;;;;
28603;;;;;;;;NMEA message parser not found for RMB.
28604;;;;;;;;Failed to parse: GGA.. Meters expected in GGA message.
28605;GSA;;;;;;;
28606;GSV;;;;;;;
28607;GSV;;;;;;;
28608;;;;;;;;NMEA message parser not found for GRM.
28609;RMC;12/26/2016 10:49:10 PM;49.2093907166667;16.6034829166667;;;;
28610;;;;;;;;NMEA message parser not found for RMB.
28611;;;;;;;;Failed to parse: GGA.. Meters expected in GGA message.
28612;GSA;;;;;;;
28613;GSV;;;;;;;
28614;GSV;;;;;;;
28615;;;;;;;;NMEA message parser not found for GRM.
28616;RMC;12/26/2016 10:49:11 PM;49.2093816333333;16.60348705;;;;
28617;;;;;;;;NMEA message parser not found for RMB.
28618;;;;;;;;Failed to parse: GGA.. Meters expected in GGA message.
28619;GSA;;;;;;;
28620;GSV;;;;;;;
28621;GSV;;;;;;;
28622;;;;;;;;NMEA message parser not found for GRM.
28623;RMC;12/26/2016 10:49:12 PM;49.2093723833333;16.6034908833333;;;;
28624;;;;;;;;NMEA message parser not found for RMB.
28625;;;;;;;;Failed to parse: GGA.. Meters expected in GGA message.
28626;GSA;;;;;;;
28627;GSV;;;;;;;
28628;GSV;;;;;;;
28629;;;;;;;;NMEA message parser not found for GRM.
28630;RMC;12/26/2016 10:49:13 PM;49.2093631333333;16.6034947;;;;
28631;;;;;;;;NMEA message parser not found for RMB.
28632;;;;;;;;Failed to parse: GGA.. Meters expected in GGA message.
28633;GSA;;;;;;;
28634;GSV;;;;;;;
28635;GSV;;;;;;;
28636;;;;;;;;NMEA message parser not found for GRM.
28637;RMC;12/26/2016 10:49:14 PM;49.2093538833333;16.6034985333333;;;;
28638;;;;;;;;NMEA message parser not found for RMB.
28639;;;;;;;;Failed to parse: GGA.. Meters expected in GGA message.
28640;GSA;;;;;;;
28641;GSV;;;;;;;
28642;GSV;;;;;;;
28643;;;;;;;;NMEA message parser not found for GRM.
28644;RMC;12/26/2016 10:49:15 PM;49.2093446333333;16.60350235;;;;
28645;;;;;;;;NMEA message parser not found for RMB.
28646;;;;;;;;Failed to parse: GGA.. Meters expected in GGA message.
28647;GSA;;;;;;;
28648;GSV;;;;;;;
28649;GSV;;;;;;;
28650;;;;;;;;NMEA message parser not found for GRM.
28651;RMC;12/26/2016 10:49:16 PM;49.2093353833333;16.6035061833333;;;;
28652;;;;;;;;NMEA message parser not found for RMB.
28653;;;;;;;;Failed to parse: GGA.. Meters expected in GGA message.
28654;GSA;;;;;;;
28655;GSV;;;;;;;
28656;GSV;;;;;;;
28657;;;;;;;;NMEA message parser not found for GRM.
28658;RMC;12/26/2016 10:49:17 PM;49.2093261333333;16.6035100166667;;;;
28659;;;;;;;;NMEA message parser not found for RMB.
28660;;;;;;;;Failed to parse: GGA.. Meters expected in GGA message.
28661;GSA;;;;;;;
28662;GSV;;;;;;;
28663;GSV;;;;;;;
28664;;;;;;;;NMEA message parser not found for GRM.
28665;RMC;12/26/2016 10:49:18 PM;49.2093168833333;16.6035138333333;;;;
28666;;;;;;;;NMEA message parser not found for RMB.
28667;;;;;;;;Failed to parse: GGA.. Meters expected in GGA message.
28668;GSA;;;;;;;
28669;GSV;;;;;;;
28670;GSV;;;;;;;
28671;;;;;;;;NMEA message parser not found for GRM.
28672;RMC;12/26/2016 10:49:19 PM;49.2093076333333;16.6035176666667;;;;
28673;;;;;;;;NMEA message parser not found for RMB.
28674;;;;;;;;Failed to parse: GGA.. Meters expected in GGA message.
28675;GSA;;;;;;;
28676;GSV;;;;;;;
28677;GSV;;;;;;;
28678;;;;;;;;NMEA message parser not found for GRM.
28679;RMC;12/26/2016 10:49:20 PM;49.2092983833333;16.6035214833333;;;;
28680;;;;;;;;NMEA message parser not found for RMB.
28681;;;;;;;;Failed to parse: GGA.. Meters expected in GGA message.
28682;GSA;;;;;;;
28683;GSV;;;;;;;
28684;GSV;;;;;;;
28685;;;;;;;;NMEA message parser not found for GRM.
28686;RMC;12/26/2016 10:49:21 PM;49.2092891333333;16.6035253166667;;;;
28687;;;;;;;;NMEA message parser not found for RMB.
28688;;;;;;;;Failed to parse: GGA.. Meters expected in GGA message.
28689;GSA;;;;;;;
28690;GSV;;;;;;;
28691;GSV;;;;;;;
28692;;;;;;;;NMEA message parser not found for GRM.
28693;RMC;12/26/2016 10:49:22 PM;49.2092798833333;16.60352915;;;;
28694;;;;;;;;NMEA message parser not found for RMB.
28695;;;;;;;;Failed to parse: GGA.. Meters expected in GGA message.
28696;GSA;;;;;;;
28697;GSV;;;;;;;
28698;GSV;;;;;;;
28699;;;;;;;;NMEA message parser not found for GRM.
28700;RMC;12/26/2016 10:49:23 PM;49.2092706333333;16.6035329666667;;;;
28701;;;;;;;;NMEA message parser not found for RMB.
28702;;;;;;;;Failed to parse: GGA.. Meters expected in GGA message.
28703;GSA;;;;;;;
28704;GSV;;;;;;;
28705;GSV;;;;;;;
28706;;;;;;;;NMEA message parser not found for GRM.
28707;RMC;12/26/2016 10:49:24 PM;49.2092613833333;16.6035368;;;;
28708;;;;;;;;NMEA message parser not found for RMB.
28709;;;;;;;;Failed to parse: GGA.. Meters expected in GGA message.
28710;GSA;;;;;;;
28711;GSV;;;;;;;
28712;GSV;;;;;;;
28713;;;;;;;;NMEA message parser not found for GRM.
28714;RMC;12/26/2016 10:49:25 PM;49.2092521333333;16.6035406166667;;;;
28715;;;;;;;;NMEA message parser not found for RMB.
28716;;;;;;;;Failed to parse: GGA.. Meters expected in GGA message.
28717;GSA;;;;;;;
28718;GSV;;;;;;;
28719;GSV;;;;;;;
28720;;;;;;;;NMEA message parser not found for GRM.
28721;RMC;12/26/2016 10:49:26 PM;49.2092428833333;16.60354445;;;;
28722;;;;;;;;NMEA message parser not found for RMB.
28723;;;;;;;;Failed to parse: GGA.. Meters expected in GGA message.
28724;GSA;;;;;;;
28725;GSV;;;;;;;
28726;GSV;;;;;;;
28727;;;;;;;;NMEA message parser not found for GRM.
28728;RMC;12/26/2016 10:49:27 PM;49.2092336333333;16.6035482666667;;;;
28729;;;;;;;;NMEA message parser not found for RMB.
28730;;;;;;;;Failed to parse: GGA.. Meters expected in GGA message.
28731;GSA;;;;;;;
28732;GSV;;;;;;;
28733;GSV;;;;;;;
28734;;;;;;;;NMEA message parser not found for GRM.
28735;RMC;12/26/2016 10:49:28 PM;49.2092243833333;16.6035521;;;;
28736;;;;;;;;NMEA message parser not found for RMB.
28737;;;;;;;;Failed to parse: GGA.. Meters expected in GGA message.
28738;GSA;;;;;;;
28739;GSV;;;;;;;
28740;GSV;;;;;;;
28741;;;;;;;;NMEA message parser not found for GRM.
28742;RMC;12/26/2016 10:49:29 PM;49.2092151333333;16.6035559333333;;;;
28743;;;;;;;;NMEA message parser not found for RMB.
28744;;;;;;;;Failed to parse: GGA.. Meters expected in GGA message.
28745;GSA;;;;;;;
28746;GSV;;;;;;;
28747;GSV;;;;;;;
28748;;;;;;;;NMEA message parser not found for GRM.
28749;RMC;12/26/2016 10:49:30 PM;49.2092058833333;16.60355975;;;;
28750;;;;;;;;NMEA message parser not found for RMB.
28751;;;;;;;;Failed to parse: GGA.. Meters expected in GGA message.
28752;GSA;;;;;;;
28753;GSV;;;;;;;
28754;GSV;;;;;;;
28755;;;;;;;;NMEA message parser not found for GRM.
28756;RMC;12/26/2016 10:49:31 PM;49.2091966333333;16.6035635833333;;;;
28757;;;;;;;;NMEA message parser not found for RMB.
28758;;;;;;;;Failed to parse: GGA.. Meters expected in GGA message.
28759;GSA;;;;;;;
28760;GSV;;;;;;;
28761;GSV;;;;;;;
28762;;;;;;;;NMEA message parser not found for GRM.
28763;RMC;12/26/2016 10:49:32 PM;49.2091873833333;16.6035674;;;;
28764;;;;;;;;NMEA message parser not found for RMB.
28765;;;;;;;;Failed to parse: GGA.. Meters expected in GGA message.
28766;GSA;;;;;;;
28767;GSV;;;;;;;
28768;GSV;;;;;;;
28769;;;;;;;;NMEA message parser not found for GRM.
28770;RMC;12/26/2016 10:49:33 PM;49.2091781333333;16.6035712333333;;;;
28771;;;;;;;;NMEA message parser not found for RMB.
28772;;;;;;;;Failed to parse: GGA.. Meters expected in GGA message.
28773;GSA;;;;;;;
28774;GSV;;;;;;;
28775;GSV;;;;;;;
28776;;;;;;;;NMEA message parser not found for GRM.
28777;RMC;12/26/2016 10:49:34 PM;49.2091688833333;16.6035750666667;;;;
28778;;;;;;;;NMEA message parser not found for RMB.
28779;;;;;;;;Failed to parse: GGA.. Meters expected in GGA message.
28780;GSA;;;;;;;
28781;GSV;;;;;;;
28782;GSV;;;;;;;
28783;;;;;;;;NMEA message parser not found for GRM.
28784;RMC;12/26/2016 10:49:35 PM;49.2091596333333;16.6035788833333;;;;
28785;;;;;;;;NMEA message parser not found for RMB.
28786;;;;;;;;Failed to parse: GGA.. Meters expected in GGA message.
28787;GSA;;;;;;;
28788;GSV;;;;;;;
28789;GSV;;;;;;;
28790;;;;;;;;NMEA message parser not found for GRM.
28791;RMC;12/26/2016 10:49:36 PM;49.2091503833333;16.6035827166667;;;;
28792;;;;;;;;NMEA message parser not found for RMB.
28793;;;;;;;;Failed to parse: GGA.. Meters expected in GGA message.
28794;GSA;;;;;;;
28795;GSV;;;;;;;
28796;GSV;;;;;;;
28797;;;;;;;;NMEA message parser not found for GRM.
28798;RMC;12/26/2016 10:49:37 PM;49.2091411333333;16.6035865333333;;;;
28799;;;;;;;;NMEA message parser not found for RMB.
28800;;;;;;;;Failed to parse: GGA.. Meters expected in GGA message.
28801;GSA;;;;;;;
28802;GSV;;;;;;;
28803;GSV;;;;;;;
28804;;;;;;;;NMEA message parser not found for GRM.
28805;RMC;12/26/2016 10:49:38 PM;49.2091318833333;16.6035903666667;;;;
28806;;;;;;;;NMEA message parser not found for RMB.
28807;;;;;;;;Failed to parse: GGA.. Meters expected in GGA message.
28808;GSA;;;;;;;
28809;GSV;;;;;;;
28810;GSV;;;;;;;
28811;;;;;;;;NMEA message parser not found for GRM.
28812;RMC;12/26/2016 10:49:39 PM;49.2091226333333;16.6035942;;;;
28813;;;;;;;;NMEA message parser not found for RMB.
28814;;;;;;;;Failed to parse: GGA.. Meters expected in GGA message.
28815;GSA;;;;;;;
28816;GSV;;;;;;;
28817;GSV;;;;;;;
28818;;;;;;;;NMEA message parser not found for GRM.
28819;RMC;12/26/2016 10:49:40 PM;49.2091133833333;16.6035980166667;;;;
28820;;;;;;;;NMEA message parser not found for RMB.
28821;;;;;;;;Failed to parse: GGA.. Meters expected in GGA message.
28822;GSA;;;;;;;
28823;GSV;;;;;;;
28824;GSV;;;;;;;
28825;;;;;;;;NMEA message parser not found for GRM.
28826;RMC;12/26/2016 10:49:41 PM;49.2091041333333;16.60360185;;;;
28827;;;;;;;;NMEA message parser not found for RMB.
28828;;;;;;;;Failed to parse: GGA.. Meters expected in GGA message.
28829;GSA;;;;;;;
28830;GSV;;;;;;;
28831;GSV;;;;;;;
28832;;;;;;;;NMEA message parser not found for GRM.
28833;RMC;12/26/2016 10:49:42 PM;49.2090948833333;16.6036056666667;;;;
28834;;;;;;;;NMEA message parser not found for RMB.
28835;;;;;;;;Failed to parse: GGA.. Meters expected in GGA message.
28836;GSA;;;;;;;
28837;GSV;;;;;;;
28838;GSV;;;;;;;
28839;;;;;;;;NMEA message parser not found for GRM.
28840;RMC;12/26/2016 10:49:43 PM;49.2090856333333;16.6036095;;;;
28841;;;;;;;;NMEA message parser not found for RMB.
28842;;;;;;;;Failed to parse: GGA.. Meters expected in GGA message.
28843;GSA;;;;;;;
28844;GSV;;;;;;;
28845;GSV;;;;;;;
28846;;;;;;;;NMEA message parser not found for GRM.
28847;RMC;12/26/2016 10:49:44 PM;49.2090763833333;16.6036133333333;;;;
28848;;;;;;;;NMEA message parser not found for RMB.
28849;;;;;;;;Failed to parse: GGA.. Meters expected in GGA message.
28850;GSA;;;;;;;
28851;GSV;;;;;;;
28852;GSV;;;;;;;
28853;;;;;;;;NMEA message parser not found for GRM.
28854;RMC;12/26/2016 10:49:45 PM;49.2090671333333;16.60361715;;;;
28855;;;;;;;;NMEA message parser not found for RMB.
28856;;;;;;;;Failed to parse: GGA.. Meters expected in GGA message.
28857;GSA;;;;;;;
28858;GSV;;;;;;;
28859;GSV;;;;;;;
28860;;;;;;;;NMEA message parser not found for GRM.
28861;RMC;12/26/2016 10:49:46 PM;49.2090578833333;16.6036209833333;;;;
28862;;;;;;;;NMEA message parser not found for RMB.
28863;;;;;;;;Failed to parse: GGA.. Meters expected in GGA message.
28864;GSA;;;;;;;
28865;GSV;;;;;;;
28866;GSV;;;;;;;
28867;;;;;;;;NMEA message parser not found for GRM.
28868;RMC;12/26/2016 10:49:47 PM;49.2090492833333;16.6036259166667;;;;
28869;;;;;;;;NMEA message parser not found for RMB.
28870;;;;;;;;Failed to parse: GGA.. Meters expected in GGA message.
28871;GSA;;;;;;;
28872;GSV;;;;;;;
28873;GSV;;;;;;;
28874;;;;;;;;NMEA message parser not found for GRM.
28875;RMC;12/26/2016 10:49:48 PM;49.2090414333333;16.6036321166667;;;;
28876;;;;;;;;NMEA message parser not found for RMB.
28877;;;;;;;;Failed to parse: GGA.. Meters expected in GGA message.
28878;GSA;;;;;;;
28879;GSV;;;;;;;
28880;GSV;;;;;;;
28881;;;;;;;;NMEA message parser not found for GRM.
28882;RMC;12/26/2016 10:49:49 PM;49.2090335666667;16.6036383166667;;;;
28883;;;;;;;;NMEA message parser not found for RMB.
28884;;;;;;;;Failed to parse: GGA.. Meters expected in GGA message.
28885;GSA;;;;;;;
28886;GSV;;;;;;;
28887;GSV;;;;;;;
28888;;;;;;;;NMEA message parser not found for GRM.
28889;RMC;12/26/2016 10:49:50 PM;49.2090257;16.6036445;;;;
28890;;;;;;;;NMEA message parser not found for RMB.
28891;;;;;;;;Failed to parse: GGA.. Meters expected in GGA message.
28892;GSA;;;;;;;
28893;GSV;;;;;;;
28894;GSV;;;;;;;
28895;;;;;;;;NMEA message parser not found for GRM.
28896;RMC;12/26/2016 10:49:51 PM;49.2090178333333;16.6036507;;;;
28897;;;;;;;;NMEA message parser not found for RMB.
28898;;;;;;;;Failed to parse: GGA.. Meters expected in GGA message.
28899;GSA;;;;;;;
28900;GSV;;;;;;;
28901;GSV;;;;;;;
28902;;;;;;;;NMEA message parser not found for GRM.
28903;RMC;12/26/2016 10:49:52 PM;49.2090099833333;16.6036569;;;;
28904;;;;;;;;NMEA message parser not found for RMB.
28905;;;;;;;;Failed to parse: GGA.. Meters expected in GGA message.
28906;GSA;;;;;;;
28907;GSV;;;;;;;
28908;GSV;;;;;;;
28909;;;;;;;;NMEA message parser not found for GRM.
28910;RMC;12/26/2016 10:49:53 PM;49.2090021166667;16.6036631;;;;
28911;;;;;;;;NMEA message parser not found for RMB.
28912;;;;;;;;Failed to parse: GGA.. Meters expected in GGA message.
28913;GSA;;;;;;;
28914;GSV;;;;;;;
28915;GSV;;;;;;;
28916;;;;;;;;NMEA message parser not found for GRM.
28917;RMC;12/26/2016 10:49:54 PM;49.20899425;16.6036692833333;;;;
28918;;;;;;;;NMEA message parser not found for RMB.
28919;;;;;;;;Failed to parse: GGA.. Meters expected in GGA message.
28920;GSA;;;;;;;
28921;GSV;;;;;;;
28922;GSV;;;;;;;
28923;;;;;;;;NMEA message parser not found for GRM.
28924;RMC;12/26/2016 10:49:55 PM;49.2089863833333;16.6036754833333;;;;
28925;;;;;;;;NMEA message parser not found for RMB.
28926;;;;;;;;Failed to parse: GGA.. Meters expected in GGA message.
28927;GSA;;;;;;;
28928;GSV;;;;;;;
28929;GSV;;;;;;;
28930;;;;;;;;NMEA message parser not found for GRM.
28931;RMC;12/26/2016 10:49:56 PM;49.2089785166667;16.6036816833333;;;;
28932;;;;;;;;NMEA message parser not found for RMB.
28933;;;;;;;;Failed to parse: GGA.. Meters expected in GGA message.
28934;GSA;;;;;;;
28935;GSV;;;;;;;
28936;GSV;;;;;;;
28937;;;;;;;;NMEA message parser not found for GRM.
28938;RMC;12/26/2016 10:49:57 PM;49.2089706666667;16.6036878666667;;;;
28939;;;;;;;;NMEA message parser not found for RMB.
28940;;;;;;;;Failed to parse: GGA.. Meters expected in GGA message.
28941;GSA;;;;;;;
28942;GSV;;;;;;;
28943;GSV;;;;;;;
28944;;;;;;;;NMEA message parser not found for GRM.
28945;RMC;12/26/2016 10:49:58 PM;49.2089628;16.6036940666667;;;;
28946;;;;;;;;NMEA message parser not found for RMB.
28947;;;;;;;;Failed to parse: GGA.. Meters expected in GGA message.
28948;GSA;;;;;;;
28949;GSV;;;;;;;
28950;GSV;;;;;;;
28951;;;;;;;;NMEA message parser not found for GRM.
28952;RMC;12/26/2016 10:49:59 PM;49.2089549333333;16.6037002666667;;;;
28953;;;;;;;;NMEA message parser not found for RMB.
28954;;;;;;;;Failed to parse: GGA.. Meters expected in GGA message.
28955;GSA;;;;;;;
28956;GSV;;;;;;;
28957;GSV;;;;;;;
28958;;;;;;;;NMEA message parser not found for GRM.
28959;RMC;12/26/2016 10:50:00 PM;49.2089470666667;16.60370645;;;;
28960;;;;;;;;NMEA message parser not found for RMB.
28961;;;;;;;;Failed to parse: GGA.. Meters expected in GGA message.
28962;GSA;;;;;;;
28963;GSV;;;;;;;
28964;GSV;;;;;;;
28965;;;;;;;;NMEA message parser not found for GRM.
28966;RMC;12/26/2016 10:50:01 PM;49.2089392166667;16.60371265;;;;
28967;;;;;;;;NMEA message parser not found for RMB.
28968;;;;;;;;Failed to parse: GGA.. Meters expected in GGA message.
28969;GSA;;;;;;;
28970;GSV;;;;;;;
28971;GSV;;;;;;;
28972;;;;;;;;NMEA message parser not found for GRM.
28973;RMC;12/26/2016 10:50:02 PM;49.20893135;16.60371885;;;;
28974;;;;;;;;NMEA message parser not found for RMB.
28975;;;;;;;;Failed to parse: GGA.. Meters expected in GGA message.
28976;GSA;;;;;;;
28977;GSV;;;;;;;
28978;GSV;;;;;;;
28979;;;;;;;;NMEA message parser not found for GRM.
28980;RMC;12/26/2016 10:50:03 PM;49.2089234833333;16.60372505;;;;
28981;;;;;;;;NMEA message parser not found for RMB.
28982;;;;;;;;Failed to parse: GGA.. Meters expected in GGA message.
28983;GSA;;;;;;;
28984;GSV;;;;;;;
28985;GSV;;;;;;;
28986;;;;;;;;NMEA message parser not found for GRM.
28987;RMC;12/26/2016 10:50:04 PM;49.2089156166667;16.6037312333333;;;;
28988;;;;;;;;NMEA message parser not found for RMB.
28989;;;;;;;;Failed to parse: GGA.. Meters expected in GGA message.
28990;GSA;;;;;;;
28991;GSV;;;;;;;
28992;GSV;;;;;;;
28993;;;;;;;;NMEA message parser not found for GRM.
28994;RMC;12/26/2016 10:50:05 PM;49.2089077666667;16.6037374333333;;;;
28995;;;;;;;;NMEA message parser not found for RMB.
28996;;;;;;;;Failed to parse: GGA.. Meters expected in GGA message.
28997;GSA;;;;;;;
28998;GSV;;;;;;;
28999;GSV;;;;;;;
29000;;;;;;;;NMEA message parser not found for GRM.
29001;RMC;12/26/2016 10:50:06 PM;49.2088999;16.6037436333333;;;;
29002;;;;;;;;NMEA message parser not found for RMB.
29003;;;;;;;;Failed to parse: GGA.. Meters expected in GGA message.
29004;GSA;;;;;;;
29005;GSV;;;;;;;
29006;GSV;;;;;;;
29007;;;;;;;;NMEA message parser not found for GRM.
29008;RMC;12/26/2016 10:50:07 PM;49.2088920333333;16.6037498166667;;;;
29009;;;;;;;;NMEA message parser not found for RMB.
29010;;;;;;;;Failed to parse: GGA.. Meters expected in GGA message.
29011;GSA;;;;;;;
29012;GSV;;;;;;;
29013;GSV;;;;;;;
29014;;;;;;;;NMEA message parser not found for GRM.
29015;RMC;12/26/2016 10:50:08 PM;49.2088841666667;16.6037560166667;;;;
29016;;;;;;;;NMEA message parser not found for RMB.
29017;;;;;;;;Failed to parse: GGA.. Meters expected in GGA message.
29018;GSA;;;;;;;
29019;GSV;;;;;;;
29020;GSV;;;;;;;
29021;;;;;;;;NMEA message parser not found for GRM.
29022;RMC;12/26/2016 10:50:09 PM;49.2088763166667;16.6037622166667;;;;
29023;;;;;;;;NMEA message parser not found for RMB.
29024;;;;;;;;Failed to parse: GGA.. Meters expected in GGA message.
29025;GSA;;;;;;;
29026;GSV;;;;;;;
29027;GSV;;;;;;;
29028;;;;;;;;NMEA message parser not found for GRM.
29029;RMC;12/26/2016 10:50:10 PM;49.20886845;16.6037684;;;;
29030;;;;;;;;NMEA message parser not found for RMB.
29031;;;;;;;;Failed to parse: GGA.. Meters expected in GGA message.
29032;GSA;;;;;;;
29033;GSV;;;;;;;
29034;GSV;;;;;;;
29035;;;;;;;;NMEA message parser not found for GRM.
29036;RMC;12/26/2016 10:50:11 PM;49.2088605833333;16.6037746;;;;
29037;;;;;;;;NMEA message parser not found for RMB.
29038;;;;;;;;Failed to parse: GGA.. Meters expected in GGA message.
29039;GSA;;;;;;;
29040;GSV;;;;;;;
29041;GSV;;;;;;;
29042;;;;;;;;NMEA message parser not found for GRM.
29043;RMC;12/26/2016 10:50:12 PM;49.2088527166667;16.6037808;;;;
29044;;;;;;;;NMEA message parser not found for RMB.
29045;;;;;;;;Failed to parse: GGA.. Meters expected in GGA message.
29046;GSA;;;;;;;
29047;GSV;;;;;;;
29048;GSV;;;;;;;
29049;;;;;;;;NMEA message parser not found for GRM.
29050;RMC;12/26/2016 10:50:13 PM;49.20884485;16.6037869833333;;;;
29051;;;;;;;;NMEA message parser not found for RMB.
29052;;;;;;;;Failed to parse: GGA.. Meters expected in GGA message.
29053;GSA;;;;;;;
29054;GSV;;;;;;;
29055;GSV;;;;;;;
29056;;;;;;;;NMEA message parser not found for GRM.
29057;RMC;12/26/2016 10:50:14 PM;49.208837;16.6037931833333;;;;
29058;;;;;;;;NMEA message parser not found for RMB.
29059;;;;;;;;Failed to parse: GGA.. Meters expected in GGA message.
29060;GSA;;;;;;;
29061;GSV;;;;;;;
29062;GSV;;;;;;;
29063;;;;;;;;NMEA message parser not found for GRM.
29064;RMC;12/26/2016 10:50:15 PM;49.2088291333333;16.6037993833333;;;;
29065;;;;;;;;NMEA message parser not found for RMB.
29066;;;;;;;;Failed to parse: GGA.. Meters expected in GGA message.
29067;GSA;;;;;;;
29068;GSV;;;;;;;
29069;GSV;;;;;;;
29070;;;;;;;;NMEA message parser not found for GRM.
29071;RMC;12/26/2016 10:50:16 PM;49.20882275;16.60380445;;;;
29072;;;;;;;;NMEA message parser not found for RMB.
29073;;;;;;;;Failed to parse: GGA.. Meters expected in GGA message.
29074;GSA;;;;;;;
29075;GSV;;;;;;;
29076;GSV;;;;;;;
29077;;;;;;;;NMEA message parser not found for GRM.
29078;RMC;12/26/2016 10:50:17 PM;49.2088308666667;16.6037986;;;;
29079;;;;;;;;NMEA message parser not found for RMB.
29080;;;;;;;;Failed to parse: GGA.. Meters expected in GGA message.
29081;GSA;;;;;;;
29082;GSV;;;;;;;
29083;GSV;;;;;;;
29084;;;;;;;;NMEA message parser not found for GRM.
29085;RMC;12/26/2016 10:50:18 PM;49.2088389833333;16.6037927333333;;;;
29086;;;;;;;;NMEA message parser not found for RMB.
29087;;;;;;;;Failed to parse: GGA.. Meters expected in GGA message.
29088;GSA;;;;;;;
29089;GSV;;;;;;;
29090;GSV;;;;;;;
29091;;;;;;;;NMEA message parser not found for GRM.
29092;RMC;12/26/2016 10:50:19 PM;49.2088471;16.6037868666667;;;;
29093;;;;;;;;NMEA message parser not found for RMB.
29094;;;;;;;;Failed to parse: GGA.. Meters expected in GGA message.
29095;GSA;;;;;;;
29096;GSV;;;;;;;
29097;GSV;;;;;;;
29098;;;;;;;;NMEA message parser not found for GRM.
29099;RMC;12/26/2016 10:50:20 PM;49.2088552;16.603781;;;;
29100;;;;;;;;NMEA message parser not found for RMB.
29101;;;;;;;;Failed to parse: GGA.. Meters expected in GGA message.
29102;GSA;;;;;;;
29103;GSV;;;;;;;
29104;GSV;;;;;;;
29105;;;;;;;;NMEA message parser not found for GRM.
29106;RMC;12/26/2016 10:50:21 PM;49.2088633166667;16.6037751333333;;;;
29107;;;;;;;;NMEA message parser not found for RMB.
29108;;;;;;;;Failed to parse: GGA.. Meters expected in GGA message.
29109;GSA;;;;;;;
29110;GSV;;;;;;;
29111;GSV;;;;;;;
29112;;;;;;;;NMEA message parser not found for GRM.
29113;RMC;12/26/2016 10:50:22 PM;49.2088714333333;16.6037692833333;;;;
29114;;;;;;;;NMEA message parser not found for RMB.
29115;;;;;;;;Failed to parse: GGA.. Meters expected in GGA message.
29116;GSA;;;;;;;
29117;GSV;;;;;;;
29118;GSV;;;;;;;
29119;;;;;;;;NMEA message parser not found for GRM.
29120;RMC;12/26/2016 10:50:23 PM;49.20887955;16.6037634166667;;;;
29121;;;;;;;;NMEA message parser not found for RMB.
29122;;;;;;;;Failed to parse: GGA.. Meters expected in GGA message.
29123;GSA;;;;;;;
29124;GSV;;;;;;;
29125;GSV;;;;;;;
29126;;;;;;;;NMEA message parser not found for GRM.
29127;RMC;12/26/2016 10:50:24 PM;49.2088876666667;16.60375755;;;;
29128;;;;;;;;NMEA message parser not found for RMB.
29129;;;;;;;;Failed to parse: GGA.. Meters expected in GGA message.
29130;GSA;;;;;;;
29131;GSV;;;;;;;
29132;GSV;;;;;;;
29133;;;;;;;;NMEA message parser not found for GRM.
29134;RMC;12/26/2016 10:50:25 PM;49.2088957666667;16.6037516833333;;;;
29135;;;;;;;;NMEA message parser not found for RMB.
29136;;;;;;;;Failed to parse: GGA.. Meters expected in GGA message.
29137;GSA;;;;;;;
29138;GSV;;;;;;;
29139;GSV;;;;;;;
29140;;;;;;;;NMEA message parser not found for GRM.
29141;RMC;12/26/2016 10:50:26 PM;49.2089038833333;16.6037458166667;;;;
29142;;;;;;;;NMEA message parser not found for RMB.
29143;;;;;;;;Failed to parse: GGA.. Meters expected in GGA message.
29144;GSA;;;;;;;
29145;GSV;;;;;;;
29146;GSV;;;;;;;
29147;;;;;;;;NMEA message parser not found for GRM.
29148;RMC;12/26/2016 10:50:27 PM;49.208912;16.6037399666667;;;;
29149;;;;;;;;NMEA message parser not found for RMB.
29150;;;;;;;;Failed to parse: GGA.. Meters expected in GGA message.
29151;GSA;;;;;;;
29152;GSV;;;;;;;
29153;GSV;;;;;;;
29154;;;;;;;;NMEA message parser not found for GRM.
29155;RMC;12/26/2016 10:50:28 PM;49.2089201166667;16.6037341;;;;
29156;;;;;;;;NMEA message parser not found for RMB.
29157;;;;;;;;Failed to parse: GGA.. Meters expected in GGA message.
29158;GSA;;;;;;;
29159;GSV;;;;;;;
29160;GSV;;;;;;;
29161;;;;;;;;NMEA message parser not found for GRM.
29162;RMC;12/26/2016 10:50:29 PM;49.2089282166667;16.6037282333333;;;;
29163;;;;;;;;NMEA message parser not found for RMB.
29164;;;;;;;;Failed to parse: GGA.. Meters expected in GGA message.
29165;GSA;;;;;;;
29166;GSV;;;;;;;
29167;GSV;;;;;;;
29168;;;;;;;;NMEA message parser not found for GRM.
29169;RMC;12/26/2016 10:50:30 PM;49.2089363333333;16.6037223666667;;;;
29170;;;;;;;;NMEA message parser not found for RMB.
29171;;;;;;;;Failed to parse: GGA.. Meters expected in GGA message.
29172;GSA;;;;;;;
29173;GSV;;;;;;;
29174;GSV;;;;;;;
29175;;;;;;;;NMEA message parser not found for GRM.
29176;RMC;12/26/2016 10:50:31 PM;49.2089450166667;16.6037175666667;;;;
29177;;;;;;;;NMEA message parser not found for RMB.
29178;;;;;;;;Failed to parse: GGA.. Meters expected in GGA message.
29179;GSA;;;;;;;
29180;GSV;;;;;;;
29181;GSV;;;;;;;
29182;;;;;;;;NMEA message parser not found for GRM.
29183;RMC;12/26/2016 10:50:32 PM;49.2089544333333;16.6037142;;;;
29184;;;;;;;;NMEA message parser not found for RMB.
29185;;;;;;;;Failed to parse: GGA.. Meters expected in GGA message.
29186;GSA;;;;;;;
29187;GSV;;;;;;;
29188;GSV;;;;;;;
29189;;;;;;;;NMEA message parser not found for GRM.
29190;RMC;12/26/2016 10:50:33 PM;49.2089638666667;16.6037108333333;;;;
29191;;;;;;;;NMEA message parser not found for RMB.
29192;;;;;;;;Failed to parse: GGA.. Meters expected in GGA message.
29193;GSA;;;;;;;
29194;GSV;;;;;;;
29195;GSV;;;;;;;
29196;;;;;;;;NMEA message parser not found for GRM.
29197;RMC;12/26/2016 10:50:34 PM;49.2089732833333;16.6037074666667;;;;
29198;;;;;;;;NMEA message parser not found for RMB.
29199;;;;;;;;Failed to parse: GGA.. Meters expected in GGA message.
29200;GSA;;;;;;;
29201;GSV;;;;;;;
29202;GSV;;;;;;;
29203;;;;;;;;NMEA message parser not found for GRM.
29204;RMC;12/26/2016 10:50:35 PM;49.2089827166667;16.6037041;;;;
29205;;;;;;;;NMEA message parser not found for RMB.
29206;;;;;;;;Failed to parse: GGA.. Meters expected in GGA message.
29207;GSA;;;;;;;
29208;GSV;;;;;;;
29209;GSV;;;;;;;
29210;;;;;;;;NMEA message parser not found for GRM.
29211;RMC;12/26/2016 10:50:36 PM;49.20899215;16.6037007333333;;;;
29212;;;;;;;;NMEA message parser not found for RMB.
29213;;;;;;;;Failed to parse: GGA.. Meters expected in GGA message.
29214;GSA;;;;;;;
29215;GSV;;;;;;;
29216;GSV;;;;;;;
29217;;;;;;;;NMEA message parser not found for GRM.
29218;RMC;12/26/2016 10:50:37 PM;49.2090015666667;16.6036973666667;;;;
29219;;;;;;;;NMEA message parser not found for RMB.
29220;;;;;;;;Failed to parse: GGA.. Meters expected in GGA message.
29221;GSA;;;;;;;
29222;GSV;;;;;;;
29223;GSV;;;;;;;
29224;;;;;;;;NMEA message parser not found for GRM.
29225;RMC;12/26/2016 10:50:38 PM;49.209011;16.603694;;;;
29226;;;;;;;;NMEA message parser not found for RMB.
29227;;;;;;;;Failed to parse: GGA.. Meters expected in GGA message.
29228;GSA;;;;;;;
29229;GSV;;;;;;;
29230;GSV;;;;;;;
29231;;;;;;;;NMEA message parser not found for GRM.
29232;RMC;12/26/2016 10:50:39 PM;49.2090204166667;16.6036906333333;;;;
29233;;;;;;;;NMEA message parser not found for RMB.
29234;;;;;;;;Failed to parse: GGA.. Meters expected in GGA message.
29235;GSA;;;;;;;
29236;GSV;;;;;;;
29237;GSV;;;;;;;
29238;;;;;;;;NMEA message parser not found for GRM.
29239;RMC;12/26/2016 10:50:40 PM;49.20902985;16.6036872666667;;;;
29240;;;;;;;;NMEA message parser not found for RMB.
29241;;;;;;;;Failed to parse: GGA.. Meters expected in GGA message.
29242;GSA;;;;;;;
29243;GSV;;;;;;;
29244;GSV;;;;;;;
29245;;;;;;;;NMEA message parser not found for GRM.
29246;RMC;12/26/2016 10:50:41 PM;49.2090392833333;16.6036839;;;;
29247;;;;;;;;NMEA message parser not found for RMB.
29248;;;;;;;;Failed to parse: GGA.. Meters expected in GGA message.
29249;GSA;;;;;;;
29250;GSV;;;;;;;
29251;GSV;;;;;;;
29252;;;;;;;;NMEA message parser not found for GRM.
29253;RMC;12/26/2016 10:50:42 PM;49.2090487;16.6036805333333;;;;
29254;;;;;;;;NMEA message parser not found for RMB.
29255;;;;;;;;Failed to parse: GGA.. Meters expected in GGA message.
29256;GSA;;;;;;;
29257;GSV;;;;;;;
29258;GSV;;;;;;;
29259;;;;;;;;NMEA message parser not found for GRM.
29260;RMC;12/26/2016 10:50:43 PM;49.2090581333333;16.6036771666667;;;;
29261;;;;;;;;NMEA message parser not found for RMB.
29262;;;;;;;;Failed to parse: GGA.. Meters expected in GGA message.
29263;GSA;;;;;;;
29264;GSV;;;;;;;
29265;GSV;;;;;;;
29266;;;;;;;;NMEA message parser not found for GRM.
29267;RMC;12/26/2016 10:50:44 PM;49.2090675666667;16.6036738;;;;
29268;;;;;;;;NMEA message parser not found for RMB.
29269;;;;;;;;Failed to parse: GGA.. Meters expected in GGA message.
29270;GSA;;;;;;;
29271;GSV;;;;;;;
29272;GSV;;;;;;;
29273;;;;;;;;NMEA message parser not found for GRM.
29274;RMC;12/26/2016 10:50:45 PM;49.2090769833333;16.6036704333333;;;;
29275;;;;;;;;NMEA message parser not found for RMB.
29276;;;;;;;;Failed to parse: GGA.. Meters expected in GGA message.
29277;GSA;;;;;;;
29278;GSV;;;;;;;
29279;GSV;;;;;;;
29280;;;;;;;;NMEA message parser not found for GRM.
29281;RMC;12/26/2016 10:50:46 PM;49.2090864166667;16.6036670666667;;;;
29282;;;;;;;;NMEA message parser not found for RMB.
29283;;;;;;;;Failed to parse: GGA.. Meters expected in GGA message.
29284;GSA;;;;;;;
29285;GSV;;;;;;;
29286;GSV;;;;;;;
29287;;;;;;;;NMEA message parser not found for GRM.
29288;RMC;12/26/2016 10:50:47 PM;49.2090958333333;16.6036637;;;;
29289;;;;;;;;NMEA message parser not found for RMB.
29290;;;;;;;;Failed to parse: GGA.. Meters expected in GGA message.
29291;GSA;;;;;;;
29292;GSV;;;;;;;
29293;GSV;;;;;;;
29294;;;;;;;;NMEA message parser not found for GRM.
29295;RMC;12/26/2016 10:50:48 PM;49.2091052666667;16.6036603333333;;;;
29296;;;;;;;;NMEA message parser not found for RMB.
29297;;;;;;;;Failed to parse: GGA.. Meters expected in GGA message.
29298;GSA;;;;;;;
29299;GSV;;;;;;;
29300;GSV;;;;;;;
29301;;;;;;;;NMEA message parser not found for GRM.
29302;RMC;12/26/2016 10:50:49 PM;49.2091147;16.6036569666667;;;;
29303;;;;;;;;NMEA message parser not found for RMB.
29304;;;;;;;;Failed to parse: GGA.. Meters expected in GGA message.
29305;GSA;;;;;;;
29306;GSV;;;;;;;
29307;GSV;;;;;;;
29308;;;;;;;;NMEA message parser not found for GRM.
29309;RMC;12/26/2016 10:50:50 PM;49.2091241166667;16.6036536;;;;
29310;;;;;;;;NMEA message parser not found for RMB.
29311;;;;;;;;Failed to parse: GGA.. Meters expected in GGA message.
29312;GSA;;;;;;;
29313;GSV;;;;;;;
29314;GSV;;;;;;;
29315;;;;;;;;NMEA message parser not found for GRM.
29316;RMC;12/26/2016 10:50:51 PM;49.20913355;16.6036502333333;;;;
29317;;;;;;;;NMEA message parser not found for RMB.
29318;;;;;;;;Failed to parse: GGA.. Meters expected in GGA message.
29319;GSA;;;;;;;
29320;GSV;;;;;;;
29321;GSV;;;;;;;
29322;;;;;;;;NMEA message parser not found for GRM.
29323;RMC;12/26/2016 10:50:52 PM;49.2091429666667;16.6036468666667;;;;
29324;;;;;;;;NMEA message parser not found for RMB.
29325;;;;;;;;Failed to parse: GGA.. Meters expected in GGA message.
29326;GSA;;;;;;;
29327;GSV;;;;;;;
29328;GSV;;;;;;;
29329;;;;;;;;NMEA message parser not found for GRM.
29330;RMC;12/26/2016 10:50:53 PM;49.20915065;16.60364545;;;;
29331;;;;;;;;NMEA message parser not found for RMB.
29332;;;;;;;;Failed to parse: GGA.. Meters expected in GGA message.
29333;GSA;;;;;;;
29334;GSV;;;;;;;
29335;GSV;;;;;;;
29336;;;;;;;;NMEA message parser not found for GRM.
29337;RMC;12/26/2016 10:50:54 PM;49.2091482666667;16.6036551666667;;;;
29338;;;;;;;;NMEA message parser not found for RMB.
29339;;;;;;;;Failed to parse: GGA.. Meters expected in GGA message.
29340;GSA;;;;;;;
29341;GSV;;;;;;;
29342;GSV;;;;;;;
29343;;;;;;;;NMEA message parser not found for GRM.
29344;RMC;12/26/2016 10:50:55 PM;49.2091459;16.6036649;;;;
29345;;;;;;;;NMEA message parser not found for RMB.
29346;;;;;;;;Failed to parse: GGA.. Meters expected in GGA message.
29347;GSA;;;;;;;
29348;GSV;;;;;;;
29349;GSV;;;;;;;
29350;;;;;;;;NMEA message parser not found for GRM.
29351;RMC;12/26/2016 10:50:56 PM;49.2091435166667;16.6036746166667;;;;
29352;;;;;;;;NMEA message parser not found for RMB.
29353;;;;;;;;Failed to parse: GGA.. Meters expected in GGA message.
29354;GSA;;;;;;;
29355;GSV;;;;;;;
29356;GSV;;;;;;;
29357;;;;;;;;NMEA message parser not found for GRM.
29358;RMC;12/26/2016 10:50:57 PM;49.20914115;16.6036843333333;;;;
29359;;;;;;;;NMEA message parser not found for RMB.
29360;;;;;;;;Failed to parse: GGA.. Meters expected in GGA message.
29361;GSA;;;;;;;
29362;GSV;;;;;;;
29363;GSV;;;;;;;
29364;;;;;;;;NMEA message parser not found for GRM.
29365;RMC;12/26/2016 10:50:58 PM;49.2091387666667;16.6036940666667;;;;
29366;;;;;;;;NMEA message parser not found for RMB.
29367;;;;;;;;Failed to parse: GGA.. Meters expected in GGA message.
29368;GSA;;;;;;;
29369;GSV;;;;;;;
29370;GSV;;;;;;;
29371;;;;;;;;NMEA message parser not found for GRM.
29372;RMC;12/26/2016 10:50:59 PM;49.2091364;16.6037037833333;;;;
29373;;;;;;;;NMEA message parser not found for RMB.
29374;;;;;;;;Failed to parse: GGA.. Meters expected in GGA message.
29375;GSA;;;;;;;
29376;GSV;;;;;;;
29377;GSV;;;;;;;
29378;;;;;;;;NMEA message parser not found for GRM.
29379;RMC;12/26/2016 10:51:00 PM;49.2091340333333;16.6037135166667;;;;
29380;;;;;;;;NMEA message parser not found for RMB.
29381;;;;;;;;Failed to parse: GGA.. Meters expected in GGA message.
29382;GSA;;;;;;;
29383;GSV;;;;;;;
29384;GSV;;;;;;;
29385;;;;;;;;NMEA message parser not found for GRM.
29386;RMC;12/26/2016 10:51:01 PM;49.20913165;16.6037232333333;;;;
29387;;;;;;;;NMEA message parser not found for RMB.
29388;;;;;;;;Failed to parse: GGA.. Meters expected in GGA message.
29389;GSA;;;;;;;
29390;GSV;;;;;;;
29391;GSV;;;;;;;
29392;;;;;;;;NMEA message parser not found for GRM.
29393;RMC;12/26/2016 10:51:02 PM;49.2091283333333;16.60372745;;;;
29394;;;;;;;;NMEA message parser not found for RMB.
29395;;;;;;;;Failed to parse: GGA.. Meters expected in GGA message.
29396;GSA;;;;;;;
29397;GSV;;;;;;;
29398;GSV;;;;;;;
29399;;;;;;;;NMEA message parser not found for GRM.
29400;RMC;12/26/2016 10:51:03 PM;49.2091228333333;16.6037190833333;;;;
29401;;;;;;;;NMEA message parser not found for RMB.
29402;;;;;;;;Failed to parse: GGA.. Meters expected in GGA message.
29403;GSA;;;;;;;
29404;GSV;;;;;;;
29405;GSV;;;;;;;
29406;;;;;;;;NMEA message parser not found for GRM.
29407;RMC;12/26/2016 10:51:04 PM;49.20911735;16.6037107166667;;;;
29408;;;;;;;;NMEA message parser not found for RMB.
29409;;;;;;;;Failed to parse: GGA.. Meters expected in GGA message.
29410;GSA;;;;;;;
29411;GSV;;;;;;;
29412;GSV;;;;;;;
29413;;;;;;;;NMEA message parser not found for GRM.
29414;RMC;12/26/2016 10:51:05 PM;49.20911185;16.60370235;;;;
29415;;;;;;;;NMEA message parser not found for RMB.
29416;;;;;;;;Failed to parse: GGA.. Meters expected in GGA message.
29417;GSA;;;;;;;
29418;GSV;;;;;;;
29419;GSV;;;;;;;
29420;;;;;;;;NMEA message parser not found for GRM.
29421;RMC;12/26/2016 10:51:06 PM;49.2091116333333;16.6037020333333;;;;
29422;;;;;;;;NMEA message parser not found for RMB.
29423;;;;;;;;Failed to parse: GGA.. Meters expected in GGA message.
29424;GSA;;;;;;;
29425;GSV;;;;;;;
29426;GSV;;;;;;;
29427;;;;;;;;NMEA message parser not found for GRM.
29428;RMC;12/26/2016 10:51:07 PM;49.2091170833333;16.6037104166667;;;;
29429;;;;;;;;NMEA message parser not found for RMB.
29430;;;;;;;;Failed to parse: GGA.. Meters expected in GGA message.
29431;GSA;;;;;;;
29432;GSV;;;;;;;
29433;GSV;;;;;;;
29434;;;;;;;;NMEA message parser not found for GRM.
29435;RMC;12/26/2016 10:51:08 PM;49.20912255;16.6037188166667;;;;
29436;;;;;;;;NMEA message parser not found for RMB.
29437;;;;;;;;Failed to parse: GGA.. Meters expected in GGA message.
29438;GSA;;;;;;;
29439;GSV;;;;;;;
29440;GSV;;;;;;;
29441;;;;;;;;NMEA message parser not found for GRM.
29442;RMC;12/26/2016 10:51:09 PM;49.2091280166667;16.6037272;;;;
29443;;;;;;;;NMEA message parser not found for RMB.
29444;;;;;;;;Failed to parse: GGA.. Meters expected in GGA message.
29445;GSA;;;;;;;
29446;GSV;;;;;;;
29447;GSV;;;;;;;
29448;;;;;;;;NMEA message parser not found for GRM.
29449;RMC;12/26/2016 10:51:10 PM;49.2091334833333;16.6037355833333;;;;
29450;;;;;;;;NMEA message parser not found for RMB.
29451;;;;;;;;Failed to parse: GGA.. Meters expected in GGA message.
29452;GSA;;;;;;;
29453;GSV;;;;;;;
29454;GSV;;;;;;;
29455;;;;;;;;NMEA message parser not found for GRM.
29456;RMC;12/26/2016 10:51:11 PM;49.20913765;16.6037375166667;;;;
29457;;;;;;;;NMEA message parser not found for RMB.
29458;;;;;;;;Failed to parse: GGA.. Meters expected in GGA message.
29459;GSA;;;;;;;
29460;GSV;;;;;;;
29461;GSV;;;;;;;
29462;;;;;;;;NMEA message parser not found for GRM.
29463;RMC;12/26/2016 10:51:12 PM;49.2091394833333;16.6037276666667;;;;
29464;;;;;;;;NMEA message parser not found for RMB.
29465;;;;;;;;Failed to parse: GGA.. Meters expected in GGA message.
29466;GSA;;;;;;;
29467;GSV;;;;;;;
29468;GSV;;;;;;;
29469;;;;;;;;NMEA message parser not found for GRM.
29470;RMC;12/26/2016 10:51:13 PM;49.2091413333333;16.6037178333333;;;;
29471;;;;;;;;NMEA message parser not found for RMB.
29472;;;;;;;;Failed to parse: GGA.. Meters expected in GGA message.
29473;GSA;;;;;;;
29474;GSV;;;;;;;
29475;GSV;;;;;;;
29476;;;;;;;;NMEA message parser not found for GRM.
29477;RMC;12/26/2016 10:51:14 PM;49.2091431666667;16.6037079833333;;;;
29478;;;;;;;;NMEA message parser not found for RMB.
29479;;;;;;;;Failed to parse: GGA.. Meters expected in GGA message.
29480;GSA;;;;;;;
29481;GSV;;;;;;;
29482;GSV;;;;;;;
29483;;;;;;;;NMEA message parser not found for GRM.
29484;RMC;12/26/2016 10:51:15 PM;49.209145;16.60369815;;;;
29485;;;;;;;;NMEA message parser not found for RMB.
29486;;;;;;;;Failed to parse: GGA.. Meters expected in GGA message.
29487;GSA;;;;;;;
29488;GSV;;;;;;;
29489;GSV;;;;;;;
29490;;;;;;;;NMEA message parser not found for GRM.
29491;RMC;12/26/2016 10:51:16 PM;49.2091468333333;16.6036883;;;;
29492;;;;;;;;NMEA message parser not found for RMB.
29493;;;;;;;;Failed to parse: GGA.. Meters expected in GGA message.
29494;GSA;;;;;;;
29495;GSV;;;;;;;
29496;GSV;;;;;;;
29497;;;;;;;;NMEA message parser not found for GRM.
29498;RMC;12/26/2016 10:51:17 PM;49.2091486666667;16.6036784666667;;;;
29499;;;;;;;;NMEA message parser not found for RMB.
29500;;;;;;;;Failed to parse: GGA.. Meters expected in GGA message.
29501;GSA;;;;;;;
29502;GSV;;;;;;;
29503;GSV;;;;;;;
29504;;;;;;;;NMEA message parser not found for GRM.
29505;RMC;12/26/2016 10:51:18 PM;49.2091505166667;16.6036686333333;;;;
29506;;;;;;;;NMEA message parser not found for RMB.
29507;;;;;;;;Failed to parse: GGA.. Meters expected in GGA message.
29508;GSA;;;;;;;
29509;GSV;;;;;;;
29510;GSV;;;;;;;
29511;;;;;;;;NMEA message parser not found for GRM.
29512;RMC;12/26/2016 10:51:19 PM;49.2091568333333;16.6036615333333;;;;
29513;;;;;;;;NMEA message parser not found for RMB.
29514;;;;;;;;Failed to parse: GGA.. Meters expected in GGA message.
29515;GSA;;;;;;;
29516;GSV;;;;;;;
29517;GSV;;;;;;;
29518;;;;;;;;NMEA message parser not found for GRM.
29519;RMC;12/26/2016 10:51:20 PM;49.2091647833333;16.60365545;;;;
29520;;;;;;;;NMEA message parser not found for RMB.
29521;;;;;;;;Failed to parse: GGA.. Meters expected in GGA message.
29522;GSA;;;;;;;
29523;GSV;;;;;;;
29524;GSV;;;;;;;
29525;;;;;;;;NMEA message parser not found for GRM.
29526;RMC;12/26/2016 10:51:21 PM;49.2091727166667;16.6036493666667;;;;
29527;;;;;;;;NMEA message parser not found for RMB.
29528;;;;;;;;Failed to parse: GGA.. Meters expected in GGA message.
29529;GSA;;;;;;;
29530;GSV;;;;;;;
29531;GSV;;;;;;;
29532;;;;;;;;NMEA message parser not found for GRM.
29533;RMC;12/26/2016 10:51:22 PM;49.2091806666667;16.6036432833333;;;;
29534;;;;;;;;NMEA message parser not found for RMB.
29535;;;;;;;;Failed to parse: GGA.. Meters expected in GGA message.
29536;GSA;;;;;;;
29537;GSV;;;;;;;
29538;GSV;;;;;;;
29539;;;;;;;;NMEA message parser not found for GRM.
29540;RMC;12/26/2016 10:51:23 PM;49.2091886166667;16.6036372;;;;
29541;;;;;;;;NMEA message parser not found for RMB.
29542;;;;;;;;Failed to parse: GGA.. Meters expected in GGA message.
29543;GSA;;;;;;;
29544;GSV;;;;;;;
29545;GSV;;;;;;;
29546;;;;;;;;NMEA message parser not found for GRM.
29547;RMC;12/26/2016 10:51:24 PM;49.2091965666667;16.6036311166667;;;;
29548;;;;;;;;NMEA message parser not found for RMB.
29549;;;;;;;;Failed to parse: GGA.. Meters expected in GGA message.
29550;GSA;;;;;;;
29551;GSV;;;;;;;
29552;GSV;;;;;;;
29553;;;;;;;;NMEA message parser not found for GRM.
29554;RMC;12/26/2016 10:51:25 PM;49.2092045166667;16.6036250333333;;;;
29555;;;;;;;;NMEA message parser not found for RMB.
29556;;;;;;;;Failed to parse: GGA.. Meters expected in GGA message.
29557;GSA;;;;;;;
29558;GSV;;;;;;;
29559;GSV;;;;;;;
29560;;;;;;;;NMEA message parser not found for GRM.
29561;RMC;12/26/2016 10:51:26 PM;49.2092124666667;16.60361895;;;;
29562;;;;;;;;NMEA message parser not found for RMB.
29563;;;;;;;;Failed to parse: GGA.. Meters expected in GGA message.
29564;GSA;;;;;;;
29565;GSV;;;;;;;
29566;GSV;;;;;;;
29567;;;;;;;;NMEA message parser not found for GRM.
29568;RMC;12/26/2016 10:51:27 PM;49.2092204166667;16.6036128666667;;;;
29569;;;;;;;;NMEA message parser not found for RMB.
29570;;;;;;;;Failed to parse: GGA.. Meters expected in GGA message.
29571;GSA;;;;;;;
29572;GSV;;;;;;;
29573;GSV;;;;;;;
29574;;;;;;;;NMEA message parser not found for GRM.
29575;RMC;12/26/2016 10:51:28 PM;49.2092283666667;16.6036067833333;;;;
29576;;;;;;;;NMEA message parser not found for RMB.
29577;;;;;;;;Failed to parse: GGA.. Meters expected in GGA message.
29578;GSA;;;;;;;
29579;GSV;;;;;;;
29580;GSV;;;;;;;
29581;;;;;;;;NMEA message parser not found for GRM.
29582;RMC;12/26/2016 10:51:29 PM;49.2092363166667;16.6036007;;;;
29583;;;;;;;;NMEA message parser not found for RMB.
29584;;;;;;;;Failed to parse: GGA.. Meters expected in GGA message.
29585;GSA;;;;;;;
29586;GSV;;;;;;;
29587;GSV;;;;;;;
29588;;;;;;;;NMEA message parser not found for GRM.
29589;RMC;12/26/2016 10:51:30 PM;49.2092442666667;16.6035946166667;;;;
29590;;;;;;;;NMEA message parser not found for RMB.
29591;;;;;;;;Failed to parse: GGA.. Meters expected in GGA message.
29592;GSA;;;;;;;
29593;GSV;;;;;;;
29594;GSV;;;;;;;
29595;;;;;;;;NMEA message parser not found for GRM.
29596;RMC;12/26/2016 10:51:31 PM;49.2092527833333;16.60358955;;;;
29597;;;;;;;;NMEA message parser not found for RMB.
29598;;;;;;;;Failed to parse: GGA.. Meters expected in GGA message.
29599;GSA;;;;;;;
29600;GSV;;;;;;;
29601;GSV;;;;;;;
29602;;;;;;;;NMEA message parser not found for GRM.
29603;RMC;12/26/2016 10:51:32 PM;49.2092621333333;16.603586;;;;
29604;;;;;;;;NMEA message parser not found for RMB.
29605;;;;;;;;Failed to parse: GGA.. Meters expected in GGA message.
29606;GSA;;;;;;;
29607;GSV;;;;;;;
29608;GSV;;;;;;;
29609;;;;;;;;NMEA message parser not found for GRM.
29610;RMC;12/26/2016 10:51:33 PM;49.2092715;16.6035824333333;;;;
29611;;;;;;;;NMEA message parser not found for RMB.
29612;;;;;;;;Failed to parse: GGA.. Meters expected in GGA message.
29613;GSA;;;;;;;
29614;GSV;;;;;;;
29615;GSV;;;;;;;
29616;;;;;;;;NMEA message parser not found for GRM.
29617;RMC;12/26/2016 10:51:34 PM;49.20928085;16.6035788666667;;;;
29618;;;;;;;;NMEA message parser not found for RMB.
29619;;;;;;;;Failed to parse: GGA.. Meters expected in GGA message.
29620;GSA;;;;;;;
29621;GSV;;;;;;;
29622;GSV;;;;;;;
29623;;;;;;;;NMEA message parser not found for GRM.
29624;RMC;12/26/2016 10:51:35 PM;49.2092902;16.6035753;;;;
29625;;;;;;;;NMEA message parser not found for RMB.
29626;;;;;;;;Failed to parse: GGA.. Meters expected in GGA message.
29627;GSA;;;;;;;
29628;GSV;;;;;;;
29629;GSV;;;;;;;
29630;;;;;;;;NMEA message parser not found for GRM.
29631;RMC;12/26/2016 10:51:36 PM;49.20929955;16.6035717333333;;;;
29632;;;;;;;;NMEA message parser not found for RMB.
29633;;;;;;;;Failed to parse: GGA.. Meters expected in GGA message.
29634;GSA;;;;;;;
29635;GSV;;;;;;;
29636;GSV;;;;;;;
29637;;;;;;;;NMEA message parser not found for GRM.
29638;RMC;12/26/2016 10:51:37 PM;49.2093089166667;16.6035681833333;;;;
29639;;;;;;;;NMEA message parser not found for RMB.
29640;;;;;;;;Failed to parse: GGA.. Meters expected in GGA message.
29641;GSA;;;;;;;
29642;GSV;;;;;;;
29643;GSV;;;;;;;
29644;;;;;;;;NMEA message parser not found for GRM.
29645;RMC;12/26/2016 10:51:38 PM;49.2093182666667;16.6035646166667;;;;
29646;;;;;;;;NMEA message parser not found for RMB.
29647;;;;;;;;Failed to parse: GGA.. Meters expected in GGA message.
29648;GSA;;;;;;;
29649;GSV;;;;;;;
29650;GSV;;;;;;;
29651;;;;;;;;NMEA message parser not found for GRM.
29652;RMC;12/26/2016 10:51:39 PM;49.2093276166667;16.60356105;;;;
29653;;;;;;;;NMEA message parser not found for RMB.
29654;;;;;;;;Failed to parse: GGA.. Meters expected in GGA message.
29655;GSA;;;;;;;
29656;GSV;;;;;;;
29657;GSV;;;;;;;
29658;;;;;;;;NMEA message parser not found for GRM.
29659;RMC;12/26/2016 10:51:40 PM;49.2093319333333;16.6035548833333;;;;
29660;;;;;;;;NMEA message parser not found for RMB.
29661;;;;;;;;Failed to parse: GGA.. Meters expected in GGA message.
29662;GSA;;;;;;;
29663;GSV;;;;;;;
29664;GSV;;;;;;;
29665;;;;;;;;NMEA message parser not found for GRM.
29666;RMC;12/26/2016 10:51:41 PM;49.2093294;16.6035452;;;;
29667;;;;;;;;NMEA message parser not found for RMB.
29668;;;;;;;;Failed to parse: GGA.. Meters expected in GGA message.
29669;GSA;;;;;;;
29670;GSV;;;;;;;
29671;GSV;;;;;;;
29672;;;;;;;;NMEA message parser not found for GRM.
29673;RMC;12/26/2016 10:51:42 PM;49.2093268666667;16.6035355166667;;;;
29674;;;;;;;;NMEA message parser not found for RMB.
29675;;;;;;;;Failed to parse: GGA.. Meters expected in GGA message.
29676;GSA;;;;;;;
29677;GSV;;;;;;;
29678;GSV;;;;;;;
29679;;;;;;;;NMEA message parser not found for GRM.
29680;RMC;12/26/2016 10:51:43 PM;49.2093243333333;16.6035258333333;;;;
29681;;;;;;;;NMEA message parser not found for RMB.
29682;;;;;;;;Failed to parse: GGA.. Meters expected in GGA message.
29683;GSA;;;;;;;
29684;GSV;;;;;;;
29685;GSV;;;;;;;
29686;;;;;;;;NMEA message parser not found for GRM.
29687;RMC;12/26/2016 10:51:44 PM;49.2093218;16.60351615;;;;
29688;;;;;;;;NMEA message parser not found for RMB.
29689;;;;;;;;Failed to parse: GGA.. Meters expected in GGA message.
29690;GSA;;;;;;;
29691;GSV;;;;;;;
29692;GSV;;;;;;;
29693;;;;;;;;NMEA message parser not found for GRM.
29694;RMC;12/26/2016 10:51:45 PM;49.2093192833333;16.6035064666667;;;;
29695;;;;;;;;NMEA message parser not found for RMB.
29696;;;;;;;;Failed to parse: GGA.. Meters expected in GGA message.
29697;GSA;;;;;;;
29698;GSV;;;;;;;
29699;GSV;;;;;;;
29700;;;;;;;;NMEA message parser not found for GRM.
29701;RMC;12/26/2016 10:51:46 PM;49.20931675;16.6034967833333;;;;
29702;;;;;;;;NMEA message parser not found for RMB.
29703;;;;;;;;Failed to parse: GGA.. Meters expected in GGA message.
29704;GSA;;;;;;;
29705;GSV;;;;;;;
29706;GSV;;;;;;;
29707;;;;;;;;NMEA message parser not found for GRM.
29708;RMC;12/26/2016 10:51:47 PM;49.2093142166667;16.6034870833333;;;;
29709;;;;;;;;NMEA message parser not found for RMB.
29710;;;;;;;;Failed to parse: GGA.. Meters expected in GGA message.
29711;GSA;;;;;;;
29712;GSV;;;;;;;
29713;GSV;;;;;;;
29714;;;;;;;;NMEA message parser not found for GRM.
29715;RMC;12/26/2016 10:51:48 PM;49.2093116833333;16.6034774;;;;
29716;;;;;;;;NMEA message parser not found for RMB.
29717;;;;;;;;Failed to parse: GGA.. Meters expected in GGA message.
29718;GSA;;;;;;;
29719;GSV;;;;;;;
29720;GSV;;;;;;;
29721;;;;;;;;NMEA message parser not found for GRM.
29722;RMC;12/26/2016 10:51:49 PM;49.20930915;16.6034677166667;;;;
29723;;;;;;;;NMEA message parser not found for RMB.
29724;;;;;;;;Failed to parse: GGA.. Meters expected in GGA message.
29725;GSA;;;;;;;
29726;GSV;;;;;;;
29727;GSV;;;;;;;
29728;;;;;;;;NMEA message parser not found for GRM.
29729;RMC;12/26/2016 10:51:50 PM;49.2093066333333;16.6034580333333;;;;
29730;;;;;;;;NMEA message parser not found for RMB.
29731;;;;;;;;Failed to parse: GGA.. Meters expected in GGA message.
29732;GSA;;;;;;;
29733;GSV;;;;;;;
29734;GSV;;;;;;;
29735;;;;;;;;NMEA message parser not found for GRM.
29736;RMC;12/26/2016 10:51:51 PM;49.2093041;16.60344835;;;;
29737;;;;;;;;NMEA message parser not found for RMB.
29738;;;;;;;;Failed to parse: GGA.. Meters expected in GGA message.
29739;GSA;;;;;;;
29740;GSV;;;;;;;
29741;GSV;;;;;;;
29742;;;;;;;;NMEA message parser not found for GRM.
29743;RMC;12/26/2016 10:51:52 PM;49.2093015666667;16.6034386666667;;;;
29744;;;;;;;;NMEA message parser not found for RMB.
29745;;;;;;;;Failed to parse: GGA.. Meters expected in GGA message.
29746;GSA;;;;;;;
29747;GSV;;;;;;;
29748;GSV;;;;;;;
29749;;;;;;;;NMEA message parser not found for GRM.
29750;RMC;12/26/2016 10:51:53 PM;49.2092990333333;16.6034289833333;;;;
29751;;;;;;;;NMEA message parser not found for RMB.
29752;;;;;;;;Failed to parse: GGA.. Meters expected in GGA message.
29753;GSA;;;;;;;
29754;GSV;;;;;;;
29755;GSV;;;;;;;
29756;;;;;;;;NMEA message parser not found for GRM.
29757;RMC;12/26/2016 10:51:54 PM;49.2092965166667;16.6034193;;;;
29758;;;;;;;;NMEA message parser not found for RMB.
29759;;;;;;;;Failed to parse: GGA.. Meters expected in GGA message.
29760;GSA;;;;;;;
29761;GSV;;;;;;;
29762;GSV;;;;;;;
29763;;;;;;;;NMEA message parser not found for GRM.
29764;RMC;12/26/2016 10:51:55 PM;49.2092939833333;16.6034096166667;;;;
29765;;;;;;;;NMEA message parser not found for RMB.
29766;;;;;;;;Failed to parse: GGA.. Meters expected in GGA message.
29767;GSA;;;;;;;
29768;GSV;;;;;;;
29769;GSV;;;;;;;
29770;;;;;;;;NMEA message parser not found for GRM.
29771;RMC;12/26/2016 10:51:56 PM;49.20929145;16.6033999166667;;;;
29772;;;;;;;;NMEA message parser not found for RMB.
29773;;;;;;;;Failed to parse: GGA.. Meters expected in GGA message.
29774;GSA;;;;;;;
29775;GSV;;;;;;;
29776;GSV;;;;;;;
29777;;;;;;;;NMEA message parser not found for GRM.
29778;RMC;12/26/2016 10:51:57 PM;49.2092889166667;16.6033902333333;;;;
29779;;;;;;;;NMEA message parser not found for RMB.
29780;;;;;;;;Failed to parse: GGA.. Meters expected in GGA message.
29781;GSA;;;;;;;
29782;GSV;;;;;;;
29783;GSV;;;;;;;
29784;;;;;;;;NMEA message parser not found for GRM.
29785;RMC;12/26/2016 10:51:58 PM;49.2092863833333;16.60338055;;;;
29786;;;;;;;;NMEA message parser not found for RMB.
29787;;;;;;;;Failed to parse: GGA.. Meters expected in GGA message.
29788;GSA;;;;;;;
29789;GSV;;;;;;;
29790;GSV;;;;;;;
29791;;;;;;;;NMEA message parser not found for GRM.
29792;RMC;12/26/2016 10:51:59 PM;49.2092838666667;16.6033708666667;;;;
29793;;;;;;;;NMEA message parser not found for RMB.
29794;;;;;;;;Failed to parse: GGA.. Meters expected in GGA message.
29795;GSA;;;;;;;
29796;GSV;;;;;;;
29797;GSV;;;;;;;
29798;;;;;;;;NMEA message parser not found for GRM.
29799;RMC;12/26/2016 10:52:00 PM;49.2092813333333;16.6033611833333;;;;
29800;;;;;;;;NMEA message parser not found for RMB.
29801;;;;;;;;Failed to parse: GGA.. Meters expected in GGA message.
29802;GSA;;;;;;;
29803;GSV;;;;;;;
29804;GSV;;;;;;;
29805;;;;;;;;NMEA message parser not found for GRM.
29806;RMC;12/26/2016 10:52:01 PM;49.2092788;16.6033515;;;;
29807;;;;;;;;NMEA message parser not found for RMB.
29808;;;;;;;;Failed to parse: GGA.. Meters expected in GGA message.
29809;GSA;;;;;;;
29810;GSV;;;;;;;
29811;GSV;;;;;;;
29812;;;;;;;;NMEA message parser not found for GRM.
29813;RMC;12/26/2016 10:52:02 PM;49.2092762666667;16.6033418166667;;;;
29814;;;;;;;;NMEA message parser not found for RMB.
29815;;;;;;;;Failed to parse: GGA.. Meters expected in GGA message.
29816;GSA;;;;;;;
29817;GSV;;;;;;;
29818;GSV;;;;;;;
29819;;;;;;;;NMEA message parser not found for GRM.
29820;RMC;12/26/2016 10:52:03 PM;49.20927375;16.6033321333333;;;;
29821;;;;;;;;NMEA message parser not found for RMB.
29822;;;;;;;;Failed to parse: GGA.. Meters expected in GGA message.
29823;GSA;;;;;;;
29824;GSV;;;;;;;
29825;GSV;;;;;;;
29826;;;;;;;;NMEA message parser not found for GRM.
29827;RMC;12/26/2016 10:52:04 PM;49.2092712166667;16.60332245;;;;
29828;;;;;;;;NMEA message parser not found for RMB.
29829;;;;;;;;Failed to parse: GGA.. Meters expected in GGA message.
29830;GSA;;;;;;;
29831;GSV;;;;;;;
29832;GSV;;;;;;;
29833;;;;;;;;NMEA message parser not found for GRM.
29834;RMC;12/26/2016 10:52:05 PM;49.2092686833333;16.6033127666667;;;;
29835;;;;;;;;NMEA message parser not found for RMB.
29836;;;;;;;;Failed to parse: GGA.. Meters expected in GGA message.
29837;GSA;;;;;;;
29838;GSV;;;;;;;
29839;GSV;;;;;;;
29840;;;;;;;;NMEA message parser not found for GRM.
29841;RMC;12/26/2016 10:52:06 PM;49.20926615;16.6033030666667;;;;
29842;;;;;;;;NMEA message parser not found for RMB.
29843;;;;;;;;Failed to parse: GGA.. Meters expected in GGA message.
29844;GSA;;;;;;;
29845;GSV;;;;;;;
29846;GSV;;;;;;;
29847;;;;;;;;NMEA message parser not found for GRM.
29848;RMC;12/26/2016 10:52:07 PM;49.2092636166667;16.6032933833333;;;;
29849;;;;;;;;NMEA message parser not found for RMB.
29850;;;;;;;;Failed to parse: GGA.. Meters expected in GGA message.
29851;GSA;;;;;;;
29852;GSV;;;;;;;
29853;GSV;;;;;;;
29854;;;;;;;;NMEA message parser not found for GRM.
29855;RMC;12/26/2016 10:52:08 PM;49.2092610833333;16.6032837;;;;
29856;;;;;;;;NMEA message parser not found for RMB.
29857;;;;;;;;Failed to parse: GGA.. Meters expected in GGA message.
29858;GSA;;;;;;;
29859;GSV;;;;;;;
29860;GSV;;;;;;;
29861;;;;;;;;NMEA message parser not found for GRM.
29862;RMC;12/26/2016 10:52:09 PM;49.20925855;16.6032740166667;;;;
29863;;;;;;;;NMEA message parser not found for RMB.
29864;;;;;;;;Failed to parse: GGA.. Meters expected in GGA message.
29865;GSA;;;;;;;
29866;GSV;;;;;;;
29867;GSV;;;;;;;
29868;;;;;;;;NMEA message parser not found for GRM.
29869;RMC;12/26/2016 10:52:10 PM;49.2092560166667;16.6032643333333;;;;
29870;;;;;;;;NMEA message parser not found for RMB.
29871;;;;;;;;Failed to parse: GGA.. Meters expected in GGA message.
29872;GSA;;;;;;;
29873;GSV;;;;;;;
29874;GSV;;;;;;;
29875;;;;;;;;NMEA message parser not found for GRM.
29876;RMC;12/26/2016 10:52:11 PM;49.2092534833333;16.60325465;;;;
29877;;;;;;;;NMEA message parser not found for RMB.
29878;;;;;;;;Failed to parse: GGA.. Meters expected in GGA message.
29879;GSA;;;;;;;
29880;GSV;;;;;;;
29881;GSV;;;;;;;
29882;;;;;;;;NMEA message parser not found for GRM.
29883;RMC;12/26/2016 10:52:12 PM;49.20925095;16.6032449666667;;;;
29884;;;;;;;;NMEA message parser not found for RMB.
29885;;;;;;;;Failed to parse: GGA.. Meters expected in GGA message.
29886;GSA;;;;;;;
29887;GSV;;;;;;;
29888;GSV;;;;;;;
29889;;;;;;;;NMEA message parser not found for GRM.
29890;RMC;12/26/2016 10:52:13 PM;49.2092484166667;16.6032352833333;;;;
29891;;;;;;;;NMEA message parser not found for RMB.
29892;;;;;;;;Failed to parse: GGA.. Meters expected in GGA message.
29893;GSA;;;;;;;
29894;GSV;;;;;;;
29895;GSV;;;;;;;
29896;;;;;;;;NMEA message parser not found for GRM.
29897;RMC;12/26/2016 10:52:14 PM;49.2092458833333;16.6032256;;;;
29898;;;;;;;;NMEA message parser not found for RMB.
29899;;;;;;;;Failed to parse: GGA.. Meters expected in GGA message.
29900;GSA;;;;;;;
29901;GSV;;;;;;;
29902;GSV;;;;;;;
29903;;;;;;;;NMEA message parser not found for GRM.
29904;RMC;12/26/2016 10:52:15 PM;49.20924335;16.6032159166667;;;;
29905;;;;;;;;NMEA message parser not found for RMB.
29906;;;;;;;;Failed to parse: GGA.. Meters expected in GGA message.
29907;GSA;;;;;;;
29908;GSV;;;;;;;
29909;GSV;;;;;;;
29910;;;;;;;;NMEA message parser not found for GRM.
29911;RMC;12/26/2016 10:52:16 PM;49.2092408166667;16.6032062333333;;;;
29912;;;;;;;;NMEA message parser not found for RMB.
29913;;;;;;;;Failed to parse: GGA.. Meters expected in GGA message.
29914;GSA;;;;;;;
29915;GSV;;;;;;;
29916;GSV;;;;;;;
29917;;;;;;;;NMEA message parser not found for GRM.
29918;RMC;12/26/2016 10:52:17 PM;49.2092382833333;16.60319655;;;;
29919;;;;;;;;NMEA message parser not found for RMB.
29920;;;;;;;;Failed to parse: GGA.. Meters expected in GGA message.
29921;GSA;;;;;;;
29922;GSV;;;;;;;
29923;GSV;;;;;;;
29924;;;;;;;;NMEA message parser not found for GRM.
29925;RMC;12/26/2016 10:52:18 PM;49.20923575;16.6031868666667;;;;
29926;;;;;;;;NMEA message parser not found for RMB.
29927;;;;;;;;Failed to parse: GGA.. Meters expected in GGA message.
29928;GSA;;;;;;;
29929;GSV;;;;;;;
29930;GSV;;;;;;;
29931;;;;;;;;NMEA message parser not found for GRM.
29932;RMC;12/26/2016 10:52:19 PM;49.2092415833333;16.6031814666667;;;;
29933;;;;;;;;NMEA message parser not found for RMB.
29934;;;;;;;;Failed to parse: GGA.. Meters expected in GGA message.
29935;GSA;;;;;;;
29936;GSV;;;;;;;
29937;GSV;;;;;;;
29938;;;;;;;;NMEA message parser not found for GRM.
29939;RMC;12/26/2016 10:52:20 PM;49.2092509166667;16.6031778666667;;;;
29940;;;;;;;;NMEA message parser not found for RMB.
29941;;;;;;;;Failed to parse: GGA.. Meters expected in GGA message.
29942;GSA;;;;;;;
29943;GSV;;;;;;;
29944;GSV;;;;;;;
29945;;;;;;;;NMEA message parser not found for GRM.
29946;RMC;12/26/2016 10:52:21 PM;49.20926025;16.6031742666667;;;;
29947;;;;;;;;NMEA message parser not found for RMB.
29948;;;;;;;;Failed to parse: GGA.. Meters expected in GGA message.
29949;GSA;;;;;;;
29950;GSV;;;;;;;
29951;GSV;;;;;;;
29952;;;;;;;;NMEA message parser not found for GRM.
29953;RMC;12/26/2016 10:52:22 PM;49.2092696;16.60317065;;;;
29954;;;;;;;;NMEA message parser not found for RMB.
29955;;;;;;;;Failed to parse: GGA.. Meters expected in GGA message.
29956;GSA;;;;;;;
29957;GSV;;;;;;;
29958;GSV;;;;;;;
29959;;;;;;;;NMEA message parser not found for GRM.
29960;RMC;12/26/2016 10:52:23 PM;49.2092789333333;16.60316705;;;;
29961;;;;;;;;NMEA message parser not found for RMB.
29962;;;;;;;;Failed to parse: GGA.. Meters expected in GGA message.
29963;GSA;;;;;;;
29964;GSV;;;;;;;
29965;GSV;;;;;;;
29966;;;;;;;;NMEA message parser not found for GRM.
29967;RMC;12/26/2016 10:52:24 PM;49.2092882666667;16.60316345;;;;
29968;;;;;;;;NMEA message parser not found for RMB.
29969;;;;;;;;Failed to parse: GGA.. Meters expected in GGA message.
29970;GSA;;;;;;;
29971;GSV;;;;;;;
29972;GSV;;;;;;;
29973;;;;;;;;NMEA message parser not found for GRM.
29974;RMC;12/26/2016 10:52:25 PM;49.2092976166667;16.60315985;;;;
29975;;;;;;;;NMEA message parser not found for RMB.
29976;;;;;;;;Failed to parse: GGA.. Meters expected in GGA message.
29977;GSA;;;;;;;
29978;GSV;;;;;;;
29979;GSV;;;;;;;
29980;;;;;;;;NMEA message parser not found for GRM.
29981;RMC;12/26/2016 10:52:26 PM;49.20930695;16.60315625;;;;
29982;;;;;;;;NMEA message parser not found for RMB.
29983;;;;;;;;Failed to parse: GGA.. Meters expected in GGA message.
29984;GSA;;;;;;;
29985;GSV;;;;;;;
29986;GSV;;;;;;;
29987;;;;;;;;NMEA message parser not found for GRM.
29988;RMC;12/26/2016 10:52:27 PM;49.2093162833333;16.60315265;;;;
29989;;;;;;;;NMEA message parser not found for RMB.
29990;;;;;;;;Failed to parse: GGA.. Meters expected in GGA message.
29991;GSA;;;;;;;
29992;GSV;;;;;;;
29993;GSV;;;;;;;
29994;;;;;;;;NMEA message parser not found for GRM.
29995;RMC;12/26/2016 10:52:28 PM;49.2093256333333;16.60314905;;;;
29996;;;;;;;;NMEA message parser not found for RMB.
29997;;;;;;;;Failed to parse: GGA.. Meters expected in GGA message.
29998;GSA;;;;;;;
29999;GSV;;;;;;;
30000;GSV;;;;;;;
30001;;;;;;;;NMEA message parser not found for GRM.
30002;RMC;12/26/2016 10:52:29 PM;49.2093349666667;16.6031454333333;;;;
30003;;;;;;;;NMEA message parser not found for RMB.
30004;;;;;;;;Failed to parse: GGA.. Meters expected in GGA message.
30005;GSA;;;;;;;
30006;GSV;;;;;;;
30007;GSV;;;;;;;
30008;;;;;;;;NMEA message parser not found for GRM.
30009;RMC;12/26/2016 10:52:30 PM;49.2093443166667;16.6031418333333;;;;
30010;;;;;;;;NMEA message parser not found for RMB.
30011;;;;;;;;Failed to parse: GGA.. Meters expected in GGA message.
30012;GSA;;;;;;;
30013;GSV;;;;;;;
30014;GSV;;;;;;;
30015;;;;;;;;NMEA message parser not found for GRM.
30016;RMC;12/26/2016 10:52:31 PM;49.20935365;16.6031382333333;;;;
30017;;;;;;;;NMEA message parser not found for RMB.
30018;;;;;;;;Failed to parse: GGA.. Meters expected in GGA message.
30019;GSA;;;;;;;
30020;GSV;;;;;;;
30021;GSV;;;;;;;
30022;;;;;;;;NMEA message parser not found for GRM.
30023;RMC;12/26/2016 10:52:32 PM;49.2093629833333;16.6031346333333;;;;
30024;;;;;;;;NMEA message parser not found for RMB.
30025;;;;;;;;Failed to parse: GGA.. Meters expected in GGA message.
30026;GSA;;;;;;;
30027;GSV;;;;;;;
30028;GSV;;;;;;;
30029;;;;;;;;NMEA message parser not found for GRM.
30030;RMC;12/26/2016 10:52:33 PM;49.2093723333333;16.6031310333333;;;;
30031;;;;;;;;NMEA message parser not found for RMB.
30032;;;;;;;;Failed to parse: GGA.. Meters expected in GGA message.
30033;GSA;;;;;;;
30034;GSV;;;;;;;
30035;GSV;;;;;;;
30036;;;;;;;;NMEA message parser not found for GRM.
30037;RMC;12/26/2016 10:52:34 PM;49.2093812;16.60312645;;;;
30038;;;;;;;;NMEA message parser not found for RMB.
30039;;;;;;;;Failed to parse: GGA.. Meters expected in GGA message.
30040;GSA;;;;;;;
30041;GSV;;;;;;;
30042;GSV;;;;;;;
30043;;;;;;;;NMEA message parser not found for GRM.
30044;RMC;12/26/2016 10:52:35 PM;49.2093899;16.6031214833333;;;;
30045;;;;;;;;NMEA message parser not found for RMB.
30046;;;;;;;;Failed to parse: GGA.. Meters expected in GGA message.
30047;GSA;;;;;;;
30048;GSV;;;;;;;
30049;GSV;;;;;;;
30050;;;;;;;;NMEA message parser not found for GRM.
30051;RMC;12/26/2016 10:52:36 PM;49.2093985833333;16.6031165166667;;;;
30052;;;;;;;;NMEA message parser not found for RMB.
30053;;;;;;;;Failed to parse: GGA.. Meters expected in GGA message.
30054;GSA;;;;;;;
30055;GSV;;;;;;;
30056;GSV;;;;;;;
30057;;;;;;;;NMEA message parser not found for GRM.
30058;RMC;12/26/2016 10:52:37 PM;49.2094072833333;16.60311155;;;;
30059;;;;;;;;NMEA message parser not found for RMB.
30060;;;;;;;;Failed to parse: GGA.. Meters expected in GGA message.
30061;GSA;;;;;;;
30062;GSV;;;;;;;
30063;GSV;;;;;;;
30064;;;;;;;;NMEA message parser not found for GRM.
30065;RMC;12/26/2016 10:52:38 PM;49.2094159666667;16.6031065833333;;;;
30066;;;;;;;;NMEA message parser not found for RMB.
30067;;;;;;;;Failed to parse: GGA.. Meters expected in GGA message.
30068;GSA;;;;;;;
30069;GSV;;;;;;;
30070;GSV;;;;;;;
30071;;;;;;;;NMEA message parser not found for GRM.
30072;RMC;12/26/2016 10:52:39 PM;49.2094246666667;16.6031016166667;;;;
30073;;;;;;;;NMEA message parser not found for RMB.
30074;;;;;;;;Failed to parse: GGA.. Meters expected in GGA message.
30075;GSA;;;;;;;
30076;GSV;;;;;;;
30077;GSV;;;;;;;
30078;;;;;;;;NMEA message parser not found for GRM.
30079;RMC;12/26/2016 10:52:40 PM;49.20943335;16.60309665;;;;
30080;;;;;;;;NMEA message parser not found for RMB.
30081;;;;;;;;Failed to parse: GGA.. Meters expected in GGA message.
30082;GSA;;;;;;;
30083;GSV;;;;;;;
30084;GSV;;;;;;;
30085;;;;;;;;NMEA message parser not found for GRM.
30086;RMC;12/26/2016 10:52:41 PM;49.20944205;16.6030916833333;;;;
30087;;;;;;;;NMEA message parser not found for RMB.
30088;;;;;;;;Failed to parse: GGA.. Meters expected in GGA message.
30089;GSA;;;;;;;
30090;GSV;;;;;;;
30091;GSV;;;;;;;
30092;;;;;;;;NMEA message parser not found for GRM.
30093;RMC;12/26/2016 10:52:42 PM;49.2094507333333;16.6030867166667;;;;
30094;;;;;;;;NMEA message parser not found for RMB.
30095;;;;;;;;Failed to parse: GGA.. Meters expected in GGA message.
30096;GSA;;;;;;;
30097;GSV;;;;;;;
30098;GSV;;;;;;;
30099;;;;;;;;NMEA message parser not found for GRM.
30100;RMC;12/26/2016 10:52:43 PM;49.2094594166667;16.60308175;;;;
30101;;;;;;;;NMEA message parser not found for RMB.
30102;;;;;;;;Failed to parse: GGA.. Meters expected in GGA message.
30103;GSA;;;;;;;
30104;GSV;;;;;;;
30105;GSV;;;;;;;
30106;;;;;;;;NMEA message parser not found for GRM.
30107;RMC;12/26/2016 10:52:44 PM;49.2094681166667;16.6030767833333;;;;
30108;;;;;;;;NMEA message parser not found for RMB.
30109;;;;;;;;Failed to parse: GGA.. Meters expected in GGA message.
30110;GSA;;;;;;;
30111;GSV;;;;;;;
30112;GSV;;;;;;;
30113;;;;;;;;NMEA message parser not found for GRM.
30114;RMC;12/26/2016 10:52:45 PM;49.2094768;16.6030718166667;;;;
30115;;;;;;;;NMEA message parser not found for RMB.
30116;;;;;;;;Failed to parse: GGA.. Meters expected in GGA message.
30117;GSA;;;;;;;
30118;GSV;;;;;;;
30119;GSV;;;;;;;
30120;;;;;;;;NMEA message parser not found for GRM.
30121;RMC;12/26/2016 10:52:46 PM;49.2094855;16.6030668666667;;;;
30122;;;;;;;;NMEA message parser not found for RMB.
30123;;;;;;;;Failed to parse: GGA.. Meters expected in GGA message.
30124;GSA;;;;;;;
30125;GSV;;;;;;;
30126;GSV;;;;;;;
30127;;;;;;;;NMEA message parser not found for GRM.
30128;RMC;12/26/2016 10:52:47 PM;49.2094911333333;16.6030588333333;;;;
30129;;;;;;;;NMEA message parser not found for RMB.
30130;;;;;;;;Failed to parse: GGA.. Meters expected in GGA message.
30131;GSA;;;;;;;
30132;GSV;;;;;;;
30133;GSV;;;;;;;
30134;;;;;;;;NMEA message parser not found for GRM.
30135;RMC;12/26/2016 10:52:48 PM;49.20949615;16.6030501666667;;;;
30136;;;;;;;;NMEA message parser not found for RMB.
30137;;;;;;;;Failed to parse: GGA.. Meters expected in GGA message.
30138;GSA;;;;;;;
30139;GSV;;;;;;;
30140;GSV;;;;;;;
30141;;;;;;;;NMEA message parser not found for GRM.
30142;RMC;12/26/2016 10:52:49 PM;49.20950115;16.6030414833333;;;;
30143;;;;;;;;NMEA message parser not found for RMB.
30144;;;;;;;;Failed to parse: GGA.. Meters expected in GGA message.
30145;GSA;;;;;;;
30146;GSV;;;;;;;
30147;GSV;;;;;;;
30148;;;;;;;;NMEA message parser not found for GRM.
30149;RMC;12/26/2016 10:52:50 PM;49.20950615;16.6030328166667;;;;
30150;;;;;;;;NMEA message parser not found for RMB.
30151;;;;;;;;Failed to parse: GGA.. Meters expected in GGA message.
30152;GSA;;;;;;;
30153;GSV;;;;;;;
30154;GSV;;;;;;;
30155;;;;;;;;NMEA message parser not found for GRM.
30156;RMC;12/26/2016 10:52:51 PM;49.2095111666667;16.60302415;;;;
30157;;;;;;;;NMEA message parser not found for RMB.
30158;;;;;;;;Failed to parse: GGA.. Meters expected in GGA message.
30159;GSA;;;;;;;
30160;GSV;;;;;;;
30161;GSV;;;;;;;
30162;;;;;;;;NMEA message parser not found for GRM.
30163;RMC;12/26/2016 10:52:52 PM;49.2095161666667;16.6030154833333;;;;
30164;;;;;;;;NMEA message parser not found for RMB.
30165;;;;;;;;Failed to parse: GGA.. Meters expected in GGA message.
30166;GSA;;;;;;;
30167;GSV;;;;;;;
30168;GSV;;;;;;;
30169;;;;;;;;NMEA message parser not found for GRM.
30170;RMC;12/26/2016 10:52:53 PM;49.2095211666667;16.6030068166667;;;;
30171;;;;;;;;NMEA message parser not found for RMB.
30172;;;;;;;;Failed to parse: GGA.. Meters expected in GGA message.
30173;GSA;;;;;;;
30174;GSV;;;;;;;
30175;GSV;;;;;;;
30176;;;;;;;;NMEA message parser not found for GRM.
30177;RMC;12/26/2016 10:52:54 PM;49.2095261666667;16.60299815;;;;
30178;;;;;;;;NMEA message parser not found for RMB.
30179;;;;;;;;Failed to parse: GGA.. Meters expected in GGA message.
30180;GSA;;;;;;;
30181;GSV;;;;;;;
30182;GSV;;;;;;;
30183;;;;;;;;NMEA message parser not found for GRM.
30184;RMC;12/26/2016 10:52:55 PM;49.2095311833333;16.6029894833333;;;;
30185;;;;;;;;NMEA message parser not found for RMB.
30186;;;;;;;;Failed to parse: GGA.. Meters expected in GGA message.
30187;GSA;;;;;;;
30188;GSV;;;;;;;
30189;GSV;;;;;;;
30190;;;;;;;;NMEA message parser not found for GRM.
30191;RMC;12/26/2016 10:52:56 PM;49.2095361833333;16.6029808166667;;;;
30192;;;;;;;;NMEA message parser not found for RMB.
30193;;;;;;;;Failed to parse: GGA.. Meters expected in GGA message.
30194;GSA;;;;;;;
30195;GSV;;;;;;;
30196;GSV;;;;;;;
30197;;;;;;;;NMEA message parser not found for GRM.
30198;RMC;12/26/2016 10:52:57 PM;49.2095411833333;16.6029721333333;;;;
30199;;;;;;;;NMEA message parser not found for RMB.
30200;;;;;;;;Failed to parse: GGA.. Meters expected in GGA message.
30201;GSA;;;;;;;
30202;GSV;;;;;;;
30203;GSV;;;;;;;
30204;;;;;;;;NMEA message parser not found for GRM.
30205;RMC;12/26/2016 10:52:58 PM;49.2095395;16.60296365;;;;
30206;;;;;;;;NMEA message parser not found for RMB.
30207;;;;;;;;Failed to parse: GGA.. Meters expected in GGA message.
30208;GSA;;;;;;;
30209;GSV;;;;;;;
30210;GSV;;;;;;;
30211;;;;;;;;NMEA message parser not found for GRM.
30212;RMC;12/26/2016 10:52:59 PM;49.2095340333333;16.6029552666667;;;;
30213;;;;;;;;NMEA message parser not found for RMB.
30214;;;;;;;;Failed to parse: GGA.. Meters expected in GGA message.
30215;GSA;;;;;;;
30216;GSV;;;;;;;
30217;GSV;;;;;;;
30218;;;;;;;;NMEA message parser not found for GRM.
30219;RMC;12/26/2016 10:53:00 PM;49.20952855;16.6029469;;;;
30220;;;;;;;;NMEA message parser not found for RMB.
30221;;;;;;;;Failed to parse: GGA.. Meters expected in GGA message.
30222;GSA;;;;;;;
30223;GSV;;;;;;;
30224;GSV;;;;;;;
30225;;;;;;;;NMEA message parser not found for GRM.
30226;RMC;12/26/2016 10:53:01 PM;49.2095230833333;16.6029385166667;;;;
30227;;;;;;;;NMEA message parser not found for RMB.
30228;;;;;;;;Failed to parse: GGA.. Meters expected in GGA message.
30229;GSA;;;;;;;
30230;GSV;;;;;;;
30231;GSV;;;;;;;
30232;;;;;;;;NMEA message parser not found for GRM.
30233;RMC;12/26/2016 10:53:02 PM;49.2095176;16.6029301333333;;;;
30234;;;;;;;;NMEA message parser not found for RMB.
30235;;;;;;;;Failed to parse: GGA.. Meters expected in GGA message.
30236;GSA;;;;;;;
30237;GSV;;;;;;;
30238;GSV;;;;;;;
30239;;;;;;;;NMEA message parser not found for GRM.
30240;RMC;12/26/2016 10:53:03 PM;49.2095121333333;16.60292175;;;;
30241;;;;;;;;NMEA message parser not found for RMB.
30242;;;;;;;;Failed to parse: GGA.. Meters expected in GGA message.
30243;GSA;;;;;;;
30244;GSV;;;;;;;
30245;GSV;;;;;;;
30246;;;;;;;;NMEA message parser not found for GRM.
30247;RMC;12/26/2016 10:53:04 PM;49.20950665;16.6029133666667;;;;
30248;;;;;;;;NMEA message parser not found for RMB.
30249;;;;;;;;Failed to parse: GGA.. Meters expected in GGA message.
30250;GSA;;;;;;;
30251;GSV;;;;;;;
30252;GSV;;;;;;;
30253;;;;;;;;NMEA message parser not found for GRM.
30254;RMC;12/26/2016 10:53:05 PM;49.2095011833333;16.602905;;;;
30255;;;;;;;;NMEA message parser not found for RMB.
30256;;;;;;;;Failed to parse: GGA.. Meters expected in GGA message.
30257;GSA;;;;;;;
30258;GSV;;;;;;;
30259;GSV;;;;;;;
30260;;;;;;;;NMEA message parser not found for GRM.
30261;RMC;12/26/2016 10:53:06 PM;49.2094957;16.6028966166667;;;;
30262;;;;;;;;NMEA message parser not found for RMB.
30263;;;;;;;;Failed to parse: GGA.. Meters expected in GGA message.
30264;GSA;;;;;;;
30265;GSV;;;;;;;
30266;GSV;;;;;;;
30267;;;;;;;;NMEA message parser not found for GRM.
30268;RMC;12/26/2016 10:53:07 PM;49.2094902333333;16.6028882333333;;;;
30269;;;;;;;;NMEA message parser not found for RMB.
30270;;;;;;;;Failed to parse: GGA.. Meters expected in GGA message.
30271;GSA;;;;;;;
30272;GSV;;;;;;;
30273;GSV;;;;;;;
30274;;;;;;;;NMEA message parser not found for GRM.
30275;RMC;12/26/2016 10:53:08 PM;49.20948475;16.60287985;;;;
30276;;;;;;;;NMEA message parser not found for RMB.
30277;;;;;;;;Failed to parse: GGA.. Meters expected in GGA message.
30278;GSA;;;;;;;
30279;GSV;;;;;;;
30280;GSV;;;;;;;
30281;;;;;;;;NMEA message parser not found for GRM.
30282;RMC;12/26/2016 10:53:09 PM;49.2094792833333;16.6028714666667;;;;
30283;;;;;;;;NMEA message parser not found for RMB.
30284;;;;;;;;Failed to parse: GGA.. Meters expected in GGA message.
30285;GSA;;;;;;;
30286;GSV;;;;;;;
30287;GSV;;;;;;;
30288;;;;;;;;NMEA message parser not found for GRM.
30289;RMC;12/26/2016 10:53:10 PM;49.2094738;16.6028631;;;;
30290;;;;;;;;NMEA message parser not found for RMB.
30291;;;;;;;;Failed to parse: GGA.. Meters expected in GGA message.
30292;GSA;;;;;;;
30293;GSV;;;;;;;
30294;GSV;;;;;;;
30295;;;;;;;;NMEA message parser not found for GRM.
30296;RMC;12/26/2016 10:53:11 PM;49.2094683333333;16.6028547166667;;;;
30297;;;;;;;;NMEA message parser not found for RMB.
30298;;;;;;;;Failed to parse: GGA.. Meters expected in GGA message.
30299;GSA;;;;;;;
30300;GSV;;;;;;;
30301;GSV;;;;;;;
30302;;;;;;;;NMEA message parser not found for GRM.
30303;RMC;12/26/2016 10:53:12 PM;49.20946285;16.6028463333333;;;;
30304;;;;;;;;NMEA message parser not found for RMB.
30305;;;;;;;;Failed to parse: GGA.. Meters expected in GGA message.
30306;GSA;;;;;;;
30307;GSV;;;;;;;
30308;GSV;;;;;;;
30309;;;;;;;;NMEA message parser not found for GRM.
30310;RMC;12/26/2016 10:53:13 PM;49.2094573833333;16.60283795;;;;
30311;;;;;;;;NMEA message parser not found for RMB.
30312;;;;;;;;Failed to parse: GGA.. Meters expected in GGA message.
30313;GSA;;;;;;;
30314;GSV;;;;;;;
30315;GSV;;;;;;;
30316;;;;;;;;NMEA message parser not found for GRM.
30317;RMC;12/26/2016 10:53:14 PM;49.2094519;16.6028295666667;;;;
30318;;;;;;;;NMEA message parser not found for RMB.
30319;;;;;;;;Failed to parse: GGA.. Meters expected in GGA message.
30320;GSA;;;;;;;
30321;GSV;;;;;;;
30322;GSV;;;;;;;
30323;;;;;;;;NMEA message parser not found for GRM.
30324;RMC;12/26/2016 10:53:15 PM;49.2094464333333;16.6028212;;;;
30325;;;;;;;;NMEA message parser not found for RMB.
30326;;;;;;;;Failed to parse: GGA.. Meters expected in GGA message.
30327;GSA;;;;;;;
30328;GSV;;;;;;;
30329;GSV;;;;;;;
30330;;;;;;;;NMEA message parser not found for GRM.
30331;RMC;12/26/2016 10:53:16 PM;49.209443;16.6028118833333;;;;
30332;;;;;;;;NMEA message parser not found for RMB.
30333;;;;;;;;Failed to parse: GGA.. Meters expected in GGA message.
30334;GSA;;;;;;;
30335;GSV;;;;;;;
30336;GSV;;;;;;;
30337;;;;;;;;NMEA message parser not found for GRM.
30338;RMC;12/26/2016 10:53:17 PM;49.2094403166667;16.60280225;;;;
30339;;;;;;;;NMEA message parser not found for RMB.
30340;;;;;;;;Failed to parse: GGA.. Meters expected in GGA message.
30341;GSA;;;;;;;
30342;GSV;;;;;;;
30343;GSV;;;;;;;
30344;;;;;;;;NMEA message parser not found for GRM.
30345;RMC;12/26/2016 10:53:18 PM;49.2094376166667;16.6027926;;;;
30346;;;;;;;;NMEA message parser not found for RMB.
30347;;;;;;;;Failed to parse: GGA.. Meters expected in GGA message.
30348;GSA;;;;;;;
30349;GSV;;;;;;;
30350;GSV;;;;;;;
30351;;;;;;;;NMEA message parser not found for GRM.
30352;RMC;12/26/2016 10:53:19 PM;49.2094349166667;16.6027829666667;;;;
30353;;;;;;;;NMEA message parser not found for RMB.
30354;;;;;;;;Failed to parse: GGA.. Meters expected in GGA message.
30355;GSA;;;;;;;
30356;GSV;;;;;;;
30357;GSV;;;;;;;
30358;;;;;;;;NMEA message parser not found for GRM.
30359;RMC;12/26/2016 10:53:20 PM;49.2094322166667;16.6027733333333;;;;
30360;;;;;;;;NMEA message parser not found for RMB.
30361;;;;;;;;Failed to parse: GGA.. Meters expected in GGA message.
30362;GSA;;;;;;;
30363;GSV;;;;;;;
30364;GSV;;;;;;;
30365;;;;;;;;NMEA message parser not found for GRM.
30366;RMC;12/26/2016 10:53:21 PM;49.2094295166667;16.6027636833333;;;;
30367;;;;;;;;NMEA message parser not found for RMB.
30368;;;;;;;;Failed to parse: GGA.. Meters expected in GGA message.
30369;GSA;;;;;;;
30370;GSV;;;;;;;
30371;GSV;;;;;;;
30372;;;;;;;;NMEA message parser not found for GRM.
30373;RMC;12/26/2016 10:53:22 PM;49.2094268166667;16.60275405;;;;
30374;;;;;;;;NMEA message parser not found for RMB.
30375;;;;;;;;Failed to parse: GGA.. Meters expected in GGA message.
30376;GSA;;;;;;;
30377;GSV;;;;;;;
30378;GSV;;;;;;;
30379;;;;;;;;NMEA message parser not found for GRM.
30380;RMC;12/26/2016 10:53:23 PM;49.2094241166667;16.6027444166667;;;;
30381;;;;;;;;NMEA message parser not found for RMB.
30382;;;;;;;;Failed to parse: GGA.. Meters expected in GGA message.
30383;GSA;;;;;;;
30384;GSV;;;;;;;
30385;GSV;;;;;;;
30386;;;;;;;;NMEA message parser not found for GRM.
30387;RMC;12/26/2016 10:53:24 PM;49.2094214166667;16.6027347666667;;;;
30388;;;;;;;;NMEA message parser not found for RMB.
30389;;;;;;;;Failed to parse: GGA.. Meters expected in GGA message.
30390;GSA;;;;;;;
30391;GSV;;;;;;;
30392;GSV;;;;;;;
30393;;;;;;;;NMEA message parser not found for GRM.
30394;RMC;12/26/2016 10:53:25 PM;49.2094187166667;16.6027251333333;;;;
30395;;;;;;;;NMEA message parser not found for RMB.
30396;;;;;;;;Failed to parse: GGA.. Meters expected in GGA message.
30397;GSA;;;;;;;
30398;GSV;;;;;;;
30399;GSV;;;;;;;
30400;;;;;;;;NMEA message parser not found for GRM.
30401;RMC;12/26/2016 10:53:26 PM;49.2094160166667;16.6027154833333;;;;
30402;;;;;;;;NMEA message parser not found for RMB.
30403;;;;;;;;Failed to parse: GGA.. Meters expected in GGA message.
30404;GSA;;;;;;;
30405;GSV;;;;;;;
30406;GSV;;;;;;;
30407;;;;;;;;NMEA message parser not found for GRM.
30408;RMC;12/26/2016 10:53:27 PM;49.2094133166667;16.60270585;;;;
30409;;;;;;;;NMEA message parser not found for RMB.
30410;;;;;;;;Failed to parse: GGA.. Meters expected in GGA message.
30411;GSA;;;;;;;
30412;GSV;;;;;;;
30413;GSV;;;;;;;
30414;;;;;;;;NMEA message parser not found for GRM.
30415;RMC;12/26/2016 10:53:28 PM;49.2094106166667;16.6026962166667;;;;
30416;;;;;;;;NMEA message parser not found for RMB.
30417;;;;;;;;Failed to parse: GGA.. Meters expected in GGA message.
30418;GSA;;;;;;;
30419;GSV;;;;;;;
30420;GSV;;;;;;;
30421;;;;;;;;NMEA message parser not found for GRM.
30422;RMC;12/26/2016 10:53:29 PM;49.2094079166667;16.6026865666667;;;;
30423;;;;;;;;NMEA message parser not found for RMB.
30424;;;;;;;;Failed to parse: GGA.. Meters expected in GGA message.
30425;GSA;;;;;;;
30426;GSV;;;;;;;
30427;GSV;;;;;;;
30428;;;;;;;;NMEA message parser not found for GRM.
30429;RMC;12/26/2016 10:53:30 PM;49.2094052166667;16.6026769333333;;;;
30430;;;;;;;;NMEA message parser not found for RMB.
30431;;;;;;;;Failed to parse: GGA.. Meters expected in GGA message.
30432;GSA;;;;;;;
30433;GSV;;;;;;;
30434;GSV;;;;;;;
30435;;;;;;;;NMEA message parser not found for GRM.
30436;RMC;12/26/2016 10:53:31 PM;49.2094025166667;16.6026673;;;;
30437;;;;;;;;NMEA message parser not found for RMB.
30438;;;;;;;;Failed to parse: GGA.. Meters expected in GGA message.
30439;GSA;;;;;;;
30440;GSV;;;;;;;
30441;GSV;;;;;;;
30442;;;;;;;;NMEA message parser not found for GRM.
30443;RMC;12/26/2016 10:53:32 PM;49.2093998166667;16.60265765;;;;
30444;;;;;;;;NMEA message parser not found for RMB.
30445;;;;;;;;Failed to parse: GGA.. Meters expected in GGA message.
30446;GSA;;;;;;;
30447;GSV;;;;;;;
30448;GSV;;;;;;;
30449;;;;;;;;NMEA message parser not found for GRM.
30450;RMC;12/26/2016 10:53:33 PM;49.2093971166667;16.6026480166667;;;;
30451;;;;;;;;NMEA message parser not found for RMB.
30452;;;;;;;;Failed to parse: GGA.. Meters expected in GGA message.
30453;GSA;;;;;;;
30454;GSV;;;;;;;
30455;GSV;;;;;;;
30456;;;;;;;;NMEA message parser not found for GRM.
30457;RMC;12/26/2016 10:53:34 PM;49.2093944333333;16.6026383833333;;;;
30458;;;;;;;;NMEA message parser not found for RMB.
30459;;;;;;;;Failed to parse: GGA.. Meters expected in GGA message.
30460;GSA;;;;;;;
30461;GSV;;;;;;;
30462;GSV;;;;;;;
30463;;;;;;;;NMEA message parser not found for GRM.
30464;RMC;12/26/2016 10:53:35 PM;49.2093917333333;16.6026287333333;;;;
30465;;;;;;;;NMEA message parser not found for RMB.
30466;;;;;;;;Failed to parse: GGA.. Meters expected in GGA message.
30467;GSA;;;;;;;
30468;GSV;;;;;;;
30469;GSV;;;;;;;
30470;;;;;;;;NMEA message parser not found for GRM.
30471;RMC;12/26/2016 10:53:36 PM;49.2093890333333;16.6026191;;;;
30472;;;;;;;;NMEA message parser not found for RMB.
30473;;;;;;;;Failed to parse: GGA.. Meters expected in GGA message.
30474;GSA;;;;;;;
30475;GSV;;;;;;;
30476;GSV;;;;;;;
30477;;;;;;;;NMEA message parser not found for GRM.
30478;RMC;12/26/2016 10:53:37 PM;49.2093863333333;16.6026094666667;;;;
30479;;;;;;;;NMEA message parser not found for RMB.
30480;;;;;;;;Failed to parse: GGA.. Meters expected in GGA message.
30481;GSA;;;;;;;
30482;GSV;;;;;;;
30483;GSV;;;;;;;
30484;;;;;;;;NMEA message parser not found for GRM.
30485;RMC;12/26/2016 10:53:38 PM;49.2093836333333;16.6025998166667;;;;
30486;;;;;;;;NMEA message parser not found for RMB.
30487;;;;;;;;Failed to parse: GGA.. Meters expected in GGA message.
30488;GSA;;;;;;;
30489;GSV;;;;;;;
30490;GSV;;;;;;;
30491;;;;;;;;NMEA message parser not found for GRM.
30492;RMC;12/26/2016 10:53:39 PM;49.2093809333333;16.6025901833333;;;;
30493;;;;;;;;NMEA message parser not found for RMB.
30494;;;;;;;;Failed to parse: GGA.. Meters expected in GGA message.
30495;GSA;;;;;;;
30496;GSV;;;;;;;
30497;GSV;;;;;;;
30498;;;;;;;;NMEA message parser not found for GRM.
30499;RMC;12/26/2016 10:53:40 PM;49.2093782333333;16.6025805333333;;;;
30500;;;;;;;;NMEA message parser not found for RMB.
30501;;;;;;;;Failed to parse: GGA.. Meters expected in GGA message.
30502;GSA;;;;;;;
30503;GSV;;;;;;;
30504;GSV;;;;;;;
30505;;;;;;;;NMEA message parser not found for GRM.
30506;RMC;12/26/2016 10:53:41 PM;49.2093755333333;16.6025709;;;;
30507;;;;;;;;NMEA message parser not found for RMB.
30508;;;;;;;;Failed to parse: GGA.. Meters expected in GGA message.
30509;GSA;;;;;;;
30510;GSV;;;;;;;
30511;GSV;;;;;;;
30512;;;;;;;;NMEA message parser not found for GRM.
30513;RMC;12/26/2016 10:53:42 PM;49.2093728333333;16.6025612666667;;;;
30514;;;;;;;;NMEA message parser not found for RMB.
30515;;;;;;;;Failed to parse: GGA.. Meters expected in GGA message.
30516;GSA;;;;;;;
30517;GSV;;;;;;;
30518;GSV;;;;;;;
30519;;;;;;;;NMEA message parser not found for GRM.
30520;RMC;12/26/2016 10:53:43 PM;49.2093701333333;16.6025516166667;;;;
30521;;;;;;;;NMEA message parser not found for RMB.
30522;;;;;;;;Failed to parse: GGA.. Meters expected in GGA message.
30523;GSA;;;;;;;
30524;GSV;;;;;;;
30525;GSV;;;;;;;
30526;;;;;;;;NMEA message parser not found for GRM.
30527;RMC;12/26/2016 10:53:44 PM;49.2093674333333;16.6025419833333;;;;
30528;;;;;;;;NMEA message parser not found for RMB.
30529;;;;;;;;Failed to parse: GGA.. Meters expected in GGA message.
30530;GSA;;;;;;;
30531;GSV;;;;;;;
30532;GSV;;;;;;;
30533;;;;;;;;NMEA message parser not found for GRM.
30534;RMC;12/26/2016 10:53:45 PM;49.2093647333333;16.60253235;;;;
30535;;;;;;;;NMEA message parser not found for RMB.
30536;;;;;;;;Failed to parse: GGA.. Meters expected in GGA message.
30537;GSA;;;;;;;
30538;GSV;;;;;;;
30539;GSV;;;;;;;
30540;;;;;;;;NMEA message parser not found for GRM.
30541;RMC;12/26/2016 10:53:46 PM;49.2093620333333;16.6025227;;;;
30542;;;;;;;;NMEA message parser not found for RMB.
30543;;;;;;;;Failed to parse: GGA.. Meters expected in GGA message.
30544;GSA;;;;;;;
30545;GSV;;;;;;;
30546;GSV;;;;;;;
30547;;;;;;;;NMEA message parser not found for GRM.
30548;RMC;12/26/2016 10:53:47 PM;49.20935895;16.6025131833333;;;;
30549;;;;;;;;NMEA message parser not found for RMB.
30550;;;;;;;;Failed to parse: GGA.. Meters expected in GGA message.
30551;GSA;;;;;;;
30552;GSV;;;;;;;
30553;GSV;;;;;;;
30554;;;;;;;;NMEA message parser not found for GRM.
30555;RMC;12/26/2016 10:53:48 PM;49.2093556166667;16.60250375;;;;
30556;;;;;;;;NMEA message parser not found for RMB.
30557;;;;;;;;Failed to parse: GGA.. Meters expected in GGA message.
30558;GSA;;;;;;;
30559;GSV;;;;;;;
30560;GSV;;;;;;;
30561;;;;;;;;NMEA message parser not found for GRM.
30562;RMC;12/26/2016 10:53:49 PM;49.2093523;16.6024943;;;;
30563;;;;;;;;NMEA message parser not found for RMB.
30564;;;;;;;;Failed to parse: GGA.. Meters expected in GGA message.
30565;GSA;;;;;;;
30566;GSV;;;;;;;
30567;GSV;;;;;;;
30568;;;;;;;;NMEA message parser not found for GRM.
30569;RMC;12/26/2016 10:53:50 PM;49.2093489666667;16.6024848666667;;;;
30570;;;;;;;;NMEA message parser not found for RMB.
30571;;;;;;;;Failed to parse: GGA.. Meters expected in GGA message.
30572;GSA;;;;;;;
30573;GSV;;;;;;;
30574;GSV;;;;;;;
30575;;;;;;;;NMEA message parser not found for GRM.
30576;RMC;12/26/2016 10:53:51 PM;49.2093456333333;16.6024754333333;;;;
30577;;;;;;;;NMEA message parser not found for RMB.
30578;;;;;;;;Failed to parse: GGA.. Meters expected in GGA message.
30579;GSA;;;;;;;
30580;GSV;;;;;;;
30581;GSV;;;;;;;
30582;;;;;;;;NMEA message parser not found for GRM.
30583;RMC;12/26/2016 10:53:52 PM;49.2093423166667;16.6024659833333;;;;
30584;;;;;;;;NMEA message parser not found for RMB.
30585;;;;;;;;Failed to parse: GGA.. Meters expected in GGA message.
30586;GSA;;;;;;;
30587;GSV;;;;;;;
30588;GSV;;;;;;;
30589;;;;;;;;NMEA message parser not found for GRM.
30590;RMC;12/26/2016 10:53:53 PM;49.2093389833333;16.60245655;;;;
30591;;;;;;;;NMEA message parser not found for RMB.
30592;;;;;;;;Failed to parse: GGA.. Meters expected in GGA message.
30593;GSA;;;;;;;
30594;GSV;;;;;;;
30595;GSV;;;;;;;
30596;;;;;;;;NMEA message parser not found for GRM.
30597;RMC;12/26/2016 10:53:54 PM;49.20933565;16.6024471;;;;
30598;;;;;;;;NMEA message parser not found for RMB.
30599;;;;;;;;Failed to parse: GGA.. Meters expected in GGA message.
30600;GSA;;;;;;;
30601;GSV;;;;;;;
30602;GSV;;;;;;;
30603;;;;;;;;NMEA message parser not found for GRM.
30604;RMC;12/26/2016 10:53:55 PM;49.2093323333333;16.6024376666667;;;;
30605;;;;;;;;NMEA message parser not found for RMB.
30606;;;;;;;;Failed to parse: GGA.. Meters expected in GGA message.
30607;GSA;;;;;;;
30608;GSV;;;;;;;
30609;GSV;;;;;;;
30610;;;;;;;;NMEA message parser not found for GRM.
30611;RMC;12/26/2016 10:53:56 PM;49.209329;16.6024282166667;;;;
30612;;;;;;;;NMEA message parser not found for RMB.
30613;;;;;;;;Failed to parse: GGA.. Meters expected in GGA message.
30614;GSA;;;;;;;
30615;GSV;;;;;;;
30616;GSV;;;;;;;
30617;;;;;;;;NMEA message parser not found for GRM.
30618;RMC;12/26/2016 10:53:57 PM;49.2093256666667;16.6024187833333;;;;
30619;;;;;;;;NMEA message parser not found for RMB.
30620;;;;;;;;Failed to parse: GGA.. Meters expected in GGA message.
30621;GSA;;;;;;;
30622;GSV;;;;;;;
30623;GSV;;;;;;;
30624;;;;;;;;NMEA message parser not found for GRM.
30625;RMC;12/26/2016 10:53:58 PM;49.20932235;16.60240935;;;;
30626;;;;;;;;NMEA message parser not found for RMB.
30627;;;;;;;;Failed to parse: GGA.. Meters expected in GGA message.
30628;GSA;;;;;;;
30629;GSV;;;;;;;
30630;GSV;;;;;;;
30631;;;;;;;;NMEA message parser not found for GRM.
30632;RMC;12/26/2016 10:53:59 PM;49.2093190166667;16.6023999;;;;
30633;;;;;;;;NMEA message parser not found for RMB.
30634;;;;;;;;Failed to parse: GGA.. Meters expected in GGA message.
30635;GSA;;;;;;;
30636;GSV;;;;;;;
30637;GSV;;;;;;;
30638;;;;;;;;NMEA message parser not found for GRM.
30639;RMC;12/26/2016 10:54:00 PM;49.2093156833333;16.6023904666667;;;;
30640;;;;;;;;NMEA message parser not found for RMB.
30641;;;;;;;;Failed to parse: GGA.. Meters expected in GGA message.
30642;GSA;;;;;;;
30643;GSV;;;;;;;
30644;GSV;;;;;;;
30645;;;;;;;;NMEA message parser not found for GRM.
30646;RMC;12/26/2016 10:54:01 PM;49.2093123666667;16.6023810166667;;;;
30647;;;;;;;;NMEA message parser not found for RMB.
30648;;;;;;;;Failed to parse: GGA.. Meters expected in GGA message.
30649;GSA;;;;;;;
30650;GSV;;;;;;;
30651;GSV;;;;;;;
30652;;;;;;;;NMEA message parser not found for GRM.
30653;RMC;12/26/2016 10:54:02 PM;49.2093196;16.6023753333333;;;;
30654;;;;;;;;NMEA message parser not found for RMB.
30655;;;;;;;;Failed to parse: GGA.. Meters expected in GGA message.
30656;GSA;;;;;;;
30657;GSV;;;;;;;
30658;GSV;;;;;;;
30659;;;;;;;;NMEA message parser not found for GRM.
30660;RMC;12/26/2016 10:54:03 PM;49.2093281333333;16.6023700833333;;;;
30661;;;;;;;;NMEA message parser not found for RMB.
30662;;;;;;;;Failed to parse: GGA.. Meters expected in GGA message.
30663;GSA;;;;;;;
30664;GSV;;;;;;;
30665;GSV;;;;;;;
30666;;;;;;;;NMEA message parser not found for GRM.
30667;RMC;12/26/2016 10:54:04 PM;49.2093366666667;16.60236485;;;;
30668;;;;;;;;NMEA message parser not found for RMB.
30669;;;;;;;;Failed to parse: GGA.. Meters expected in GGA message.
30670;GSA;;;;;;;
30671;GSV;;;;;;;
30672;GSV;;;;;;;
30673;;;;;;;;NMEA message parser not found for GRM.
30674;RMC;12/26/2016 10:54:05 PM;49.2093452;16.6023596166667;;;;
30675;;;;;;;;NMEA message parser not found for RMB.
30676;;;;;;;;Failed to parse: GGA.. Meters expected in GGA message.
30677;GSA;;;;;;;
30678;GSV;;;;;;;
30679;GSV;;;;;;;
30680;;;;;;;;NMEA message parser not found for GRM.
30681;RMC;12/26/2016 10:54:06 PM;49.2093537166667;16.6023543666667;;;;
30682;;;;;;;;NMEA message parser not found for RMB.
30683;;;;;;;;Failed to parse: GGA.. Meters expected in GGA message.
30684;GSA;;;;;;;
30685;GSV;;;;;;;
30686;GSV;;;;;;;
30687;;;;;;;;NMEA message parser not found for GRM.
30688;RMC;12/26/2016 10:54:07 PM;49.20936225;16.6023491333333;;;;
30689;;;;;;;;NMEA message parser not found for RMB.
30690;;;;;;;;Failed to parse: GGA.. Meters expected in GGA message.
30691;GSA;;;;;;;
30692;GSV;;;;;;;
30693;GSV;;;;;;;
30694;;;;;;;;NMEA message parser not found for GRM.
30695;RMC;12/26/2016 10:54:08 PM;49.2093707833333;16.6023438833333;;;;
30696;;;;;;;;NMEA message parser not found for RMB.
30697;;;;;;;;Failed to parse: GGA.. Meters expected in GGA message.
30698;GSA;;;;;;;
30699;GSV;;;;;;;
30700;GSV;;;;;;;
30701;;;;;;;;NMEA message parser not found for GRM.
30702;RMC;12/26/2016 10:54:09 PM;49.2093793166667;16.60233865;;;;
30703;;;;;;;;NMEA message parser not found for RMB.
30704;;;;;;;;Failed to parse: GGA.. Meters expected in GGA message.
30705;GSA;;;;;;;
30706;GSV;;;;;;;
30707;GSV;;;;;;;
30708;;;;;;;;NMEA message parser not found for GRM.
30709;RMC;12/26/2016 10:54:10 PM;49.2093802333333;16.6023303833333;;;;
30710;;;;;;;;NMEA message parser not found for RMB.
30711;;;;;;;;Failed to parse: GGA.. Meters expected in GGA message.
30712;GSA;;;;;;;
30713;GSV;;;;;;;
30714;GSV;;;;;;;
30715;;;;;;;;NMEA message parser not found for GRM.
30716;RMC;12/26/2016 10:54:11 PM;49.20937765;16.6023207;;;;
30717;;;;;;;;NMEA message parser not found for RMB.
30718;;;;;;;;Failed to parse: GGA.. Meters expected in GGA message.
30719;GSA;;;;;;;
30720;GSV;;;;;;;
30721;GSV;;;;;;;
30722;;;;;;;;NMEA message parser not found for GRM.
30723;RMC;12/26/2016 10:54:12 PM;49.2093750666667;16.6023110333333;;;;
30724;;;;;;;;NMEA message parser not found for RMB.
30725;;;;;;;;Failed to parse: GGA.. Meters expected in GGA message.
30726;GSA;;;;;;;
30727;GSV;;;;;;;
30728;GSV;;;;;;;
30729;;;;;;;;NMEA message parser not found for GRM.
30730;RMC;12/26/2016 10:54:13 PM;49.2093724833333;16.6023013666667;;;;
30731;;;;;;;;NMEA message parser not found for RMB.
30732;;;;;;;;Failed to parse: GGA.. Meters expected in GGA message.
30733;GSA;;;;;;;
30734;GSV;;;;;;;
30735;GSV;;;;;;;
30736;;;;;;;;NMEA message parser not found for GRM.
30737;RMC;12/26/2016 10:54:14 PM;49.2093699;16.6022916833333;;;;
30738;;;;;;;;NMEA message parser not found for RMB.
30739;;;;;;;;Failed to parse: GGA.. Meters expected in GGA message.
30740;GSA;;;;;;;
30741;GSV;;;;;;;
30742;GSV;;;;;;;
30743;;;;;;;;NMEA message parser not found for GRM.
30744;RMC;12/26/2016 10:54:15 PM;49.2093673166667;16.6022820166667;;;;
30745;;;;;;;;NMEA message parser not found for RMB.
30746;;;;;;;;Failed to parse: GGA.. Meters expected in GGA message.
30747;GSA;;;;;;;
30748;GSV;;;;;;;
30749;GSV;;;;;;;
30750;;;;;;;;NMEA message parser not found for GRM.
30751;RMC;12/26/2016 10:54:16 PM;49.2093647333333;16.60227235;;;;
30752;;;;;;;;NMEA message parser not found for RMB.
30753;;;;;;;;Failed to parse: GGA.. Meters expected in GGA message.
30754;GSA;;;;;;;
30755;GSV;;;;;;;
30756;GSV;;;;;;;
30757;;;;;;;;NMEA message parser not found for GRM.
30758;RMC;12/26/2016 10:54:17 PM;49.2093621666667;16.6022626833333;;;;
30759;;;;;;;;NMEA message parser not found for RMB.
30760;;;;;;;;Failed to parse: GGA.. Meters expected in GGA message.
30761;GSA;;;;;;;
30762;GSV;;;;;;;
30763;GSV;;;;;;;
30764;;;;;;;;NMEA message parser not found for GRM.
30765;RMC;12/26/2016 10:54:18 PM;49.2093595833333;16.602253;;;;
30766;;;;;;;;NMEA message parser not found for RMB.
30767;;;;;;;;Failed to parse: GGA.. Meters expected in GGA message.
30768;GSA;;;;;;;
30769;GSV;;;;;;;
30770;GSV;;;;;;;
30771;;;;;;;;NMEA message parser not found for GRM.
30772;RMC;12/26/2016 10:54:19 PM;49.209357;16.6022433333333;;;;
30773;;;;;;;;NMEA message parser not found for RMB.
30774;;;;;;;;Failed to parse: GGA.. Meters expected in GGA message.
30775;GSA;;;;;;;
30776;GSV;;;;;;;
30777;GSV;;;;;;;
30778;;;;;;;;NMEA message parser not found for GRM.
30779;RMC;12/26/2016 10:54:20 PM;49.2093544166667;16.6022336666667;;;;
30780;;;;;;;;NMEA message parser not found for RMB.
30781;;;;;;;;Failed to parse: GGA.. Meters expected in GGA message.
30782;GSA;;;;;;;
30783;GSV;;;;;;;
30784;GSV;;;;;;;
30785;;;;;;;;NMEA message parser not found for GRM.
30786;RMC;12/26/2016 10:54:21 PM;49.2093518333333;16.6022239833333;;;;
30787;;;;;;;;NMEA message parser not found for RMB.
30788;;;;;;;;Failed to parse: GGA.. Meters expected in GGA message.
30789;GSA;;;;;;;
30790;GSV;;;;;;;
30791;GSV;;;;;;;
30792;;;;;;;;NMEA message parser not found for GRM.
30793;RMC;12/26/2016 10:54:22 PM;49.20934925;16.6022143166667;;;;
30794;;;;;;;;NMEA message parser not found for RMB.
30795;;;;;;;;Failed to parse: GGA.. Meters expected in GGA message.
30796;GSA;;;;;;;
30797;GSV;;;;;;;
30798;GSV;;;;;;;
30799;;;;;;;;NMEA message parser not found for GRM.
30800;RMC;12/26/2016 10:54:23 PM;49.2093466666667;16.60220465;;;;
30801;;;;;;;;NMEA message parser not found for RMB.
30802;;;;;;;;Failed to parse: GGA.. Meters expected in GGA message.
30803;GSA;;;;;;;
30804;GSV;;;;;;;
30805;GSV;;;;;;;
30806;;;;;;;;NMEA message parser not found for GRM.
30807;RMC;12/26/2016 10:54:24 PM;49.2093440833333;16.6021949833333;;;;
30808;;;;;;;;NMEA message parser not found for RMB.
30809;;;;;;;;Failed to parse: GGA.. Meters expected in GGA message.
30810;GSA;;;;;;;
30811;GSV;;;;;;;
30812;GSV;;;;;;;
30813;;;;;;;;NMEA message parser not found for GRM.
30814;RMC;12/26/2016 10:54:25 PM;49.2093415;16.6021853;;;;
30815;;;;;;;;NMEA message parser not found for RMB.
30816;;;;;;;;Failed to parse: GGA.. Meters expected in GGA message.
30817;GSA;;;;;;;
30818;GSV;;;;;;;
30819;GSV;;;;;;;
30820;;;;;;;;NMEA message parser not found for GRM.
30821;RMC;12/26/2016 10:54:26 PM;49.2093389166667;16.6021756333333;;;;
30822;;;;;;;;NMEA message parser not found for RMB.
30823;;;;;;;;Failed to parse: GGA.. Meters expected in GGA message.
30824;GSA;;;;;;;
30825;GSV;;;;;;;
30826;GSV;;;;;;;
30827;;;;;;;;NMEA message parser not found for GRM.
30828;RMC;12/26/2016 10:54:27 PM;49.20933635;16.6021659666667;;;;
30829;;;;;;;;NMEA message parser not found for RMB.
30830;;;;;;;;Failed to parse: GGA.. Meters expected in GGA message.
30831;GSA;;;;;;;
30832;GSV;;;;;;;
30833;GSV;;;;;;;
30834;;;;;;;;NMEA message parser not found for GRM.
30835;RMC;12/26/2016 10:54:28 PM;49.2093337666667;16.6021563;;;;
30836;;;;;;;;NMEA message parser not found for RMB.
30837;;;;;;;;Failed to parse: GGA.. Meters expected in GGA message.
30838;GSA;;;;;;;
30839;GSV;;;;;;;
30840;GSV;;;;;;;
30841;;;;;;;;NMEA message parser not found for GRM.
30842;RMC;12/26/2016 10:54:29 PM;49.2093311833333;16.6021466166667;;;;
30843;;;;;;;;NMEA message parser not found for RMB.
30844;;;;;;;;Failed to parse: GGA.. Meters expected in GGA message.
30845;GSA;;;;;;;
30846;GSV;;;;;;;
30847;GSV;;;;;;;
30848;;;;;;;;NMEA message parser not found for GRM.
30849;RMC;12/26/2016 10:54:30 PM;49.2093286;16.60213695;;;;
30850;;;;;;;;NMEA message parser not found for RMB.
30851;;;;;;;;Failed to parse: GGA.. Meters expected in GGA message.
30852;GSA;;;;;;;
30853;GSV;;;;;;;
30854;GSV;;;;;;;
30855;;;;;;;;NMEA message parser not found for GRM.
30856;RMC;12/26/2016 10:54:31 PM;49.2093260166667;16.6021272833333;;;;
30857;;;;;;;;NMEA message parser not found for RMB.
30858;;;;;;;;Failed to parse: GGA.. Meters expected in GGA message.
30859;GSA;;;;;;;
30860;GSV;;;;;;;
30861;GSV;;;;;;;
30862;;;;;;;;NMEA message parser not found for GRM.
30863;RMC;12/26/2016 10:54:32 PM;49.2093234333333;16.6021176;;;;
30864;;;;;;;;NMEA message parser not found for RMB.
30865;;;;;;;;Failed to parse: GGA.. Meters expected in GGA message.
30866;GSA;;;;;;;
30867;GSV;;;;;;;
30868;GSV;;;;;;;
30869;;;;;;;;NMEA message parser not found for GRM.
30870;RMC;12/26/2016 10:54:33 PM;49.20932085;16.6021079333333;;;;
30871;;;;;;;;NMEA message parser not found for RMB.
30872;;;;;;;;Failed to parse: GGA.. Meters expected in GGA message.
30873;GSA;;;;;;;
30874;GSV;;;;;;;
30875;GSV;;;;;;;
30876;;;;;;;;NMEA message parser not found for GRM.
30877;RMC;12/26/2016 10:54:34 PM;49.20931825;16.6020982666667;;;;
30878;;;;;;;;NMEA message parser not found for RMB.
30879;;;;;;;;Failed to parse: GGA.. Meters expected in GGA message.
30880;GSA;;;;;;;
30881;GSV;;;;;;;
30882;GSV;;;;;;;
30883;;;;;;;;NMEA message parser not found for GRM.
30884;RMC;12/26/2016 10:54:35 PM;49.2093156166667;16.6020886166667;;;;
30885;;;;;;;;NMEA message parser not found for RMB.
30886;;;;;;;;Failed to parse: GGA.. Meters expected in GGA message.
30887;GSA;;;;;;;
30888;GSV;;;;;;;
30889;GSV;;;;;;;
30890;;;;;;;;NMEA message parser not found for GRM.
30891;RMC;12/26/2016 10:54:36 PM;49.2093129833333;16.60207895;;;;
30892;;;;;;;;NMEA message parser not found for RMB.
30893;;;;;;;;Failed to parse: GGA.. Meters expected in GGA message.
30894;GSA;;;;;;;
30895;GSV;;;;;;;
30896;GSV;;;;;;;
30897;;;;;;;;NMEA message parser not found for GRM.
30898;RMC;12/26/2016 10:54:37 PM;49.2093103333333;16.6020693;;;;
30899;;;;;;;;NMEA message parser not found for RMB.
30900;;;;;;;;Failed to parse: GGA.. Meters expected in GGA message.
30901;GSA;;;;;;;
30902;GSV;;;;;;;
30903;GSV;;;;;;;
30904;;;;;;;;NMEA message parser not found for GRM.
30905;RMC;12/26/2016 10:54:38 PM;49.2093077;16.60205965;;;;
30906;;;;;;;;NMEA message parser not found for RMB.
30907;;;;;;;;Failed to parse: GGA.. Meters expected in GGA message.
30908;GSA;;;;;;;
30909;GSV;;;;;;;
30910;GSV;;;;;;;
30911;;;;;;;;NMEA message parser not found for GRM.
30912;RMC;12/26/2016 10:54:39 PM;49.2093050666667;16.6020499833333;;;;
30913;;;;;;;;NMEA message parser not found for RMB.
30914;;;;;;;;Failed to parse: GGA.. Meters expected in GGA message.
30915;GSA;;;;;;;
30916;GSV;;;;;;;
30917;GSV;;;;;;;
30918;;;;;;;;NMEA message parser not found for GRM.
30919;RMC;12/26/2016 10:54:40 PM;49.2093024166667;16.6020403333333;;;;
30920;;;;;;;;NMEA message parser not found for RMB.
30921;;;;;;;;Failed to parse: GGA.. Meters expected in GGA message.
30922;GSA;;;;;;;
30923;GSV;;;;;;;
30924;GSV;;;;;;;
30925;;;;;;;;NMEA message parser not found for GRM.
30926;RMC;12/26/2016 10:54:41 PM;49.2092997833333;16.6020306833333;;;;
30927;;;;;;;;NMEA message parser not found for RMB.
30928;;;;;;;;Failed to parse: GGA.. Meters expected in GGA message.
30929;GSA;;;;;;;
30930;GSV;;;;;;;
30931;GSV;;;;;;;
30932;;;;;;;;NMEA message parser not found for GRM.
30933;RMC;12/26/2016 10:54:42 PM;49.20929715;16.6020210166667;;;;
30934;;;;;;;;NMEA message parser not found for RMB.
30935;;;;;;;;Failed to parse: GGA.. Meters expected in GGA message.
30936;GSA;;;;;;;
30937;GSV;;;;;;;
30938;GSV;;;;;;;
30939;;;;;;;;NMEA message parser not found for GRM.
30940;RMC;12/26/2016 10:54:43 PM;49.2092945;16.6020113666667;;;;
30941;;;;;;;;NMEA message parser not found for RMB.
30942;;;;;;;;Failed to parse: GGA.. Meters expected in GGA message.
30943;GSA;;;;;;;
30944;GSV;;;;;;;
30945;GSV;;;;;;;
30946;;;;;;;;NMEA message parser not found for GRM.
30947;RMC;12/26/2016 10:54:44 PM;49.2092918666667;16.6020017166667;;;;
30948;;;;;;;;NMEA message parser not found for RMB.
30949;;;;;;;;Failed to parse: GGA.. Meters expected in GGA message.
30950;GSA;;;;;;;
30951;GSV;;;;;;;
30952;GSV;;;;;;;
30953;;;;;;;;NMEA message parser not found for GRM.
30954;RMC;12/26/2016 10:54:45 PM;49.2092892333333;16.60199205;;;;
30955;;;;;;;;NMEA message parser not found for RMB.
30956;;;;;;;;Failed to parse: GGA.. Meters expected in GGA message.
30957;GSA;;;;;;;
30958;GSV;;;;;;;
30959;GSV;;;;;;;
30960;;;;;;;;NMEA message parser not found for GRM.
30961;RMC;12/26/2016 10:54:46 PM;49.2092865833333;16.6019824;;;;
30962;;;;;;;;NMEA message parser not found for RMB.
30963;;;;;;;;Failed to parse: GGA.. Meters expected in GGA message.
30964;GSA;;;;;;;
30965;GSV;;;;;;;
30966;GSV;;;;;;;
30967;;;;;;;;NMEA message parser not found for GRM.
30968;RMC;12/26/2016 10:54:47 PM;49.20928395;16.6019727333333;;;;
30969;;;;;;;;NMEA message parser not found for RMB.
30970;;;;;;;;Failed to parse: GGA.. Meters expected in GGA message.
30971;GSA;;;;;;;
30972;GSV;;;;;;;
30973;GSV;;;;;;;
30974;;;;;;;;NMEA message parser not found for GRM.
30975;RMC;12/26/2016 10:54:48 PM;49.2092813166667;16.6019630833333;;;;
30976;;;;;;;;NMEA message parser not found for RMB.
30977;;;;;;;;Failed to parse: GGA.. Meters expected in GGA message.
30978;GSA;;;;;;;
30979;GSV;;;;;;;
30980;GSV;;;;;;;
30981;;;;;;;;NMEA message parser not found for GRM.
30982;RMC;12/26/2016 10:54:49 PM;49.2092786666667;16.6019534333333;;;;
30983;;;;;;;;NMEA message parser not found for RMB.
30984;;;;;;;;Failed to parse: GGA.. Meters expected in GGA message.
30985;GSA;;;;;;;
30986;GSV;;;;;;;
30987;GSV;;;;;;;
30988;;;;;;;;NMEA message parser not found for GRM.
30989;RMC;12/26/2016 10:54:50 PM;49.2092760333333;16.6019437666667;;;;
30990;;;;;;;;NMEA message parser not found for RMB.
30991;;;;;;;;Failed to parse: GGA.. Meters expected in GGA message.
30992;GSA;;;;;;;
30993;GSV;;;;;;;
30994;GSV;;;;;;;
30995;;;;;;;;NMEA message parser not found for GRM.
30996;RMC;12/26/2016 10:54:51 PM;49.2092734;16.6019341166667;;;;
30997;;;;;;;;NMEA message parser not found for RMB.
30998;;;;;;;;Failed to parse: GGA.. Meters expected in GGA message.
30999;GSA;;;;;;;
31000;GSV;;;;;;;
31001;GSV;;;;;;;
31002;;;;;;;;NMEA message parser not found for GRM.
31003;RMC;12/26/2016 10:54:52 PM;49.20927075;16.6019244666667;;;;
31004;;;;;;;;NMEA message parser not found for RMB.
31005;;;;;;;;Failed to parse: GGA.. Meters expected in GGA message.
31006;GSA;;;;;;;
31007;GSV;;;;;;;
31008;GSV;;;;;;;
31009;;;;;;;;NMEA message parser not found for GRM.
31010;RMC;12/26/2016 10:54:53 PM;49.2092681166667;16.6019148;;;;
31011;;;;;;;;NMEA message parser not found for RMB.
31012;;;;;;;;Failed to parse: GGA.. Meters expected in GGA message.
31013;GSA;;;;;;;
31014;GSV;;;;;;;
31015;GSV;;;;;;;
31016;;;;;;;;NMEA message parser not found for GRM.
31017;RMC;12/26/2016 10:54:54 PM;49.2092654833333;16.60190515;;;;
31018;;;;;;;;NMEA message parser not found for RMB.
31019;;;;;;;;Failed to parse: GGA.. Meters expected in GGA message.
31020;GSA;;;;;;;
31021;GSV;;;;;;;
31022;GSV;;;;;;;
31023;;;;;;;;NMEA message parser not found for GRM.
31024;RMC;12/26/2016 10:54:55 PM;49.2092628333333;16.6018955;;;;
31025;;;;;;;;NMEA message parser not found for RMB.
31026;;;;;;;;Failed to parse: GGA.. Meters expected in GGA message.
31027;GSA;;;;;;;
31028;GSV;;;;;;;
31029;GSV;;;;;;;
31030;;;;;;;;NMEA message parser not found for GRM.
31031;RMC;12/26/2016 10:54:56 PM;49.2092602;16.6018858333333;;;;
31032;;;;;;;;NMEA message parser not found for RMB.
31033;;;;;;;;Failed to parse: GGA.. Meters expected in GGA message.
31034;GSA;;;;;;;
31035;GSV;;;;;;;
31036;GSV;;;;;;;
31037;;;;;;;;NMEA message parser not found for GRM.
31038;RMC;12/26/2016 10:54:57 PM;49.2092575666667;16.6018761833333;;;;
31039;;;;;;;;NMEA message parser not found for RMB.
31040;;;;;;;;Failed to parse: GGA.. Meters expected in GGA message.
31041;GSA;;;;;;;
31042;GSV;;;;;;;
31043;GSV;;;;;;;
31044;;;;;;;;NMEA message parser not found for GRM.
31045;RMC;12/26/2016 10:54:58 PM;49.2092549166667;16.6018665333333;;;;
31046;;;;;;;;NMEA message parser not found for RMB.
31047;;;;;;;;Failed to parse: GGA.. Meters expected in GGA message.
31048;GSA;;;;;;;
31049;GSV;;;;;;;
31050;GSV;;;;;;;
31051;;;;;;;;NMEA message parser not found for GRM.
31052;RMC;12/26/2016 10:54:59 PM;49.2092522833333;16.6018568666667;;;;
31053;;;;;;;;NMEA message parser not found for RMB.
31054;;;;;;;;Failed to parse: GGA.. Meters expected in GGA message.
31055;GSA;;;;;;;
31056;GSV;;;;;;;
31057;GSV;;;;;;;
31058;;;;;;;;NMEA message parser not found for GRM.
31059;RMC;12/26/2016 10:55:00 PM;49.20924965;16.6018472166667;;;;
31060;;;;;;;;NMEA message parser not found for RMB.
31061;;;;;;;;Failed to parse: GGA.. Meters expected in GGA message.
31062;GSA;;;;;;;
31063;GSV;;;;;;;
31064;GSV;;;;;;;
31065;;;;;;;;NMEA message parser not found for GRM.
31066;RMC;12/26/2016 10:55:01 PM;49.209247;16.60183755;;;;
31067;;;;;;;;NMEA message parser not found for RMB.
31068;;;;;;;;Failed to parse: GGA.. Meters expected in GGA message.
31069;GSA;;;;;;;
31070;GSV;;;;;;;
31071;GSV;;;;;;;
31072;;;;;;;;NMEA message parser not found for GRM.
31073;RMC;12/26/2016 10:55:02 PM;49.2092443666667;16.6018279;;;;
31074;;;;;;;;NMEA message parser not found for RMB.
31075;;;;;;;;Failed to parse: GGA.. Meters expected in GGA message.
31076;GSA;;;;;;;
31077;GSV;;;;;;;
31078;GSV;;;;;;;
31079;;;;;;;;NMEA message parser not found for GRM.
31080;RMC;12/26/2016 10:55:03 PM;49.2092417333333;16.60181825;;;;
31081;;;;;;;;NMEA message parser not found for RMB.
31082;;;;;;;;Failed to parse: GGA.. Meters expected in GGA message.
31083;GSA;;;;;;;
31084;GSV;;;;;;;
31085;GSV;;;;;;;
31086;;;;;;;;NMEA message parser not found for GRM.
31087;RMC;12/26/2016 10:55:04 PM;49.2092391;16.6018085833333;;;;
31088;;;;;;;;NMEA message parser not found for RMB.
31089;;;;;;;;Failed to parse: GGA.. Meters expected in GGA message.
31090;GSA;;;;;;;
31091;GSV;;;;;;;
31092;GSV;;;;;;;
31093;;;;;;;;NMEA message parser not found for GRM.
31094;RMC;12/26/2016 10:55:05 PM;49.20923645;16.6017989333333;;;;
31095;;;;;;;;NMEA message parser not found for RMB.
31096;;;;;;;;Failed to parse: GGA.. Meters expected in GGA message.
31097;GSA;;;;;;;
31098;GSV;;;;;;;
31099;GSV;;;;;;;
31100;;;;;;;;NMEA message parser not found for GRM.
31101;RMC;12/26/2016 10:55:06 PM;49.2092338166667;16.6017892833333;;;;
31102;;;;;;;;NMEA message parser not found for RMB.
31103;;;;;;;;Failed to parse: GGA.. Meters expected in GGA message.
31104;GSA;;;;;;;
31105;GSV;;;;;;;
31106;GSV;;;;;;;
31107;;;;;;;;NMEA message parser not found for GRM.
31108;RMC;12/26/2016 10:55:07 PM;49.2092311833333;16.6017796166667;;;;
31109;;;;;;;;NMEA message parser not found for RMB.
31110;;;;;;;;Failed to parse: GGA.. Meters expected in GGA message.
31111;GSA;;;;;;;
31112;GSV;;;;;;;
31113;GSV;;;;;;;
31114;;;;;;;;NMEA message parser not found for GRM.
31115;RMC;12/26/2016 10:55:08 PM;49.2092285333333;16.6017699666667;;;;
31116;;;;;;;;NMEA message parser not found for RMB.
31117;;;;;;;;Failed to parse: GGA.. Meters expected in GGA message.
31118;GSA;;;;;;;
31119;GSV;;;;;;;
31120;GSV;;;;;;;
31121;;;;;;;;NMEA message parser not found for GRM.
31122;RMC;12/26/2016 10:55:09 PM;49.2092257833333;16.60176035;;;;
31123;;;;;;;;NMEA message parser not found for RMB.
31124;;;;;;;;Failed to parse: GGA.. Meters expected in GGA message.
31125;GSA;;;;;;;
31126;GSV;;;;;;;
31127;GSV;;;;;;;
31128;;;;;;;;NMEA message parser not found for GRM.
31129;RMC;12/26/2016 10:55:10 PM;49.2092229833333;16.6017507333333;;;;
31130;;;;;;;;NMEA message parser not found for RMB.
31131;;;;;;;;Failed to parse: GGA.. Meters expected in GGA message.
31132;GSA;;;;;;;
31133;GSV;;;;;;;
31134;GSV;;;;;;;
31135;;;;;;;;NMEA message parser not found for GRM.
31136;RMC;12/26/2016 10:55:11 PM;49.2092202;16.6017411166667;;;;
31137;;;;;;;;NMEA message parser not found for RMB.
31138;;;;;;;;Failed to parse: GGA.. Meters expected in GGA message.
31139;GSA;;;;;;;
31140;GSV;;;;;;;
31141;GSV;;;;;;;
31142;;;;;;;;NMEA message parser not found for GRM.
31143;RMC;12/26/2016 10:55:12 PM;49.2092174166667;16.6017315;;;;
31144;;;;;;;;NMEA message parser not found for RMB.
31145;;;;;;;;Failed to parse: GGA.. Meters expected in GGA message.
31146;GSA;;;;;;;
31147;GSV;;;;;;;
31148;GSV;;;;;;;
31149;;;;;;;;NMEA message parser not found for GRM.
31150;RMC;12/26/2016 10:55:13 PM;49.2092146166667;16.6017218833333;;;;
31151;;;;;;;;NMEA message parser not found for RMB.
31152;;;;;;;;Failed to parse: GGA.. Meters expected in GGA message.
31153;GSA;;;;;;;
31154;GSV;;;;;;;
31155;GSV;;;;;;;
31156;;;;;;;;NMEA message parser not found for GRM.
31157;RMC;12/26/2016 10:55:14 PM;49.2092118333333;16.6017122833333;;;;
31158;;;;;;;;NMEA message parser not found for RMB.
31159;;;;;;;;Failed to parse: GGA.. Meters expected in GGA message.
31160;GSA;;;;;;;
31161;GSV;;;;;;;
31162;GSV;;;;;;;
31163;;;;;;;;NMEA message parser not found for GRM.
31164;RMC;12/26/2016 10:55:15 PM;49.20920905;16.6017026666667;;;;
31165;;;;;;;;NMEA message parser not found for RMB.
31166;;;;;;;;Failed to parse: GGA.. Meters expected in GGA message.
31167;GSA;;;;;;;
31168;GSV;;;;;;;
31169;GSV;;;;;;;
31170;;;;;;;;NMEA message parser not found for GRM.
31171;RMC;12/26/2016 10:55:16 PM;49.20920625;16.60169305;;;;
31172;;;;;;;;NMEA message parser not found for RMB.
31173;;;;;;;;Failed to parse: GGA.. Meters expected in GGA message.
31174;GSA;;;;;;;
31175;GSV;;;;;;;
31176;GSV;;;;;;;
31177;;;;;;;;NMEA message parser not found for GRM.
31178;RMC;12/26/2016 10:55:17 PM;49.2092034666667;16.6016834333333;;;;
31179;;;;;;;;NMEA message parser not found for RMB.
31180;;;;;;;;Failed to parse: GGA.. Meters expected in GGA message.
31181;GSA;;;;;;;
31182;GSV;;;;;;;
31183;GSV;;;;;;;
31184;;;;;;;;NMEA message parser not found for GRM.
31185;RMC;12/26/2016 10:55:18 PM;49.2092006666667;16.6016738166667;;;;
31186;;;;;;;;NMEA message parser not found for RMB.
31187;;;;;;;;Failed to parse: GGA.. Meters expected in GGA message.
31188;GSA;;;;;;;
31189;GSV;;;;;;;
31190;GSV;;;;;;;
31191;;;;;;;;NMEA message parser not found for GRM.
31192;RMC;12/26/2016 10:55:19 PM;49.2091978833333;16.6016642166667;;;;
31193;;;;;;;;NMEA message parser not found for RMB.
31194;;;;;;;;Failed to parse: GGA.. Meters expected in GGA message.
31195;GSA;;;;;;;
31196;GSV;;;;;;;
31197;GSV;;;;;;;
31198;;;;;;;;NMEA message parser not found for GRM.
31199;RMC;12/26/2016 10:55:20 PM;49.2091951;16.6016546;;;;
31200;;;;;;;;NMEA message parser not found for RMB.
31201;;;;;;;;Failed to parse: GGA.. Meters expected in GGA message.
31202;GSA;;;;;;;
31203;GSV;;;;;;;
31204;GSV;;;;;;;
31205;;;;;;;;NMEA message parser not found for GRM.
31206;RMC;12/26/2016 10:55:21 PM;49.2091923;16.6016449833333;;;;
31207;;;;;;;;NMEA message parser not found for RMB.
31208;;;;;;;;Failed to parse: GGA.. Meters expected in GGA message.
31209;GSA;;;;;;;
31210;GSV;;;;;;;
31211;GSV;;;;;;;
31212;;;;;;;;NMEA message parser not found for GRM.
31213;RMC;12/26/2016 10:55:22 PM;49.2091895166667;16.6016353666667;;;;
31214;;;;;;;;NMEA message parser not found for RMB.
31215;;;;;;;;Failed to parse: GGA.. Meters expected in GGA message.
31216;GSA;;;;;;;
31217;GSV;;;;;;;
31218;GSV;;;;;;;
31219;;;;;;;;NMEA message parser not found for GRM.
31220;RMC;12/26/2016 10:55:23 PM;49.2091867333333;16.60162575;;;;
31221;;;;;;;;NMEA message parser not found for RMB.
31222;;;;;;;;Failed to parse: GGA.. Meters expected in GGA message.
31223;GSA;;;;;;;
31224;GSV;;;;;;;
31225;GSV;;;;;;;
31226;;;;;;;;NMEA message parser not found for GRM.
31227;RMC;12/26/2016 10:55:24 PM;49.2091839333333;16.6016161333333;;;;
31228;;;;;;;;NMEA message parser not found for RMB.
31229;;;;;;;;Failed to parse: GGA.. Meters expected in GGA message.
31230;GSA;;;;;;;
31231;GSV;;;;;;;
31232;GSV;;;;;;;
31233;;;;;;;;NMEA message parser not found for GRM.
31234;RMC;12/26/2016 10:55:25 PM;49.20918115;16.6016065333333;;;;
31235;;;;;;;;NMEA message parser not found for RMB.
31236;;;;;;;;Failed to parse: GGA.. Meters expected in GGA message.
31237;GSA;;;;;;;
31238;GSV;;;;;;;
31239;GSV;;;;;;;
31240;;;;;;;;NMEA message parser not found for GRM.
31241;RMC;12/26/2016 10:55:26 PM;49.2091783666667;16.6015969166667;;;;
31242;;;;;;;;NMEA message parser not found for RMB.
31243;;;;;;;;Failed to parse: GGA.. Meters expected in GGA message.
31244;GSA;;;;;;;
31245;GSV;;;;;;;
31246;GSV;;;;;;;
31247;;;;;;;;NMEA message parser not found for GRM.
31248;RMC;12/26/2016 10:55:27 PM;49.2091755666667;16.6015873;;;;
31249;;;;;;;;NMEA message parser not found for RMB.
31250;;;;;;;;Failed to parse: GGA.. Meters expected in GGA message.
31251;GSA;;;;;;;
31252;GSV;;;;;;;
31253;GSV;;;;;;;
31254;;;;;;;;NMEA message parser not found for GRM.
31255;RMC;12/26/2016 10:55:28 PM;49.2091727833333;16.6015776833333;;;;
31256;;;;;;;;NMEA message parser not found for RMB.
31257;;;;;;;;Failed to parse: GGA.. Meters expected in GGA message.
31258;GSA;;;;;;;
31259;GSV;;;;;;;
31260;GSV;;;;;;;
31261;;;;;;;;NMEA message parser not found for GRM.
31262;RMC;12/26/2016 10:55:29 PM;49.2091700333333;16.6015680666667;;;;
31263;;;;;;;;NMEA message parser not found for RMB.
31264;;;;;;;;Failed to parse: GGA.. Meters expected in GGA message.
31265;GSA;;;;;;;
31266;GSV;;;;;;;
31267;GSV;;;;;;;
31268;;;;;;;;NMEA message parser not found for GRM.
31269;RMC;12/26/2016 10:55:30 PM;49.2091673;16.6015584333333;;;;
31270;;;;;;;;NMEA message parser not found for RMB.
31271;;;;;;;;Failed to parse: GGA.. Meters expected in GGA message.
31272;GSA;;;;;;;
31273;GSV;;;;;;;
31274;GSV;;;;;;;
31275;;;;;;;;NMEA message parser not found for GRM.
31276;RMC;12/26/2016 10:55:31 PM;49.2091645666667;16.6015488;;;;
31277;;;;;;;;NMEA message parser not found for RMB.
31278;;;;;;;;Failed to parse: GGA.. Meters expected in GGA message.
31279;GSA;;;;;;;
31280;GSV;;;;;;;
31281;GSV;;;;;;;
31282;;;;;;;;NMEA message parser not found for GRM.
31283;RMC;12/26/2016 10:55:32 PM;49.20916185;16.6015391666667;;;;
31284;;;;;;;;NMEA message parser not found for RMB.
31285;;;;;;;;Failed to parse: GGA.. Meters expected in GGA message.
31286;GSA;;;;;;;
31287;GSV;;;;;;;
31288;GSV;;;;;;;
31289;;;;;;;;NMEA message parser not found for GRM.
31290;RMC;12/26/2016 10:55:33 PM;49.2091591166667;16.6015295333333;;;;
31291;;;;;;;;NMEA message parser not found for RMB.
31292;;;;;;;;Failed to parse: GGA.. Meters expected in GGA message.
31293;GSA;;;;;;;
31294;GSV;;;;;;;
31295;GSV;;;;;;;
31296;;;;;;;;NMEA message parser not found for GRM.
31297;RMC;12/26/2016 10:55:34 PM;49.2091563833333;16.6015199;;;;
31298;;;;;;;;NMEA message parser not found for RMB.
31299;;;;;;;;Failed to parse: GGA.. Meters expected in GGA message.
31300;GSA;;;;;;;
31301;GSV;;;;;;;
31302;GSV;;;;;;;
31303;;;;;;;;NMEA message parser not found for GRM.
31304;RMC;12/26/2016 10:55:35 PM;49.20915365;16.6015102833333;;;;
31305;;;;;;;;NMEA message parser not found for RMB.
31306;;;;;;;;Failed to parse: GGA.. Meters expected in GGA message.
31307;GSA;;;;;;;
31308;GSV;;;;;;;
31309;GSV;;;;;;;
31310;;;;;;;;NMEA message parser not found for GRM.
31311;RMC;12/26/2016 10:55:36 PM;49.2091509333333;16.60150065;;;;
31312;;;;;;;;NMEA message parser not found for RMB.
31313;;;;;;;;Failed to parse: GGA.. Meters expected in GGA message.
31314;GSA;;;;;;;
31315;GSV;;;;;;;
31316;GSV;;;;;;;
31317;;;;;;;;NMEA message parser not found for GRM.
31318;RMC;12/26/2016 10:55:37 PM;49.2091482;16.6014910166667;;;;
31319;;;;;;;;NMEA message parser not found for RMB.
31320;;;;;;;;Failed to parse: GGA.. Meters expected in GGA message.
31321;GSA;;;;;;;
31322;GSV;;;;;;;
31323;GSV;;;;;;;
31324;;;;;;;;NMEA message parser not found for GRM.
31325;RMC;12/26/2016 10:55:38 PM;49.2091454666667;16.6014813833333;;;;
31326;;;;;;;;NMEA message parser not found for RMB.
31327;;;;;;;;Failed to parse: GGA.. Meters expected in GGA message.
31328;GSA;;;;;;;
31329;GSV;;;;;;;
31330;GSV;;;;;;;
31331;;;;;;;;NMEA message parser not found for GRM.
31332;RMC;12/26/2016 10:55:39 PM;49.2091427333333;16.60147175;;;;
31333;;;;;;;;NMEA message parser not found for RMB.
31334;;;;;;;;Failed to parse: GGA.. Meters expected in GGA message.
31335;GSA;;;;;;;
31336;GSV;;;;;;;
31337;GSV;;;;;;;
31338;;;;;;;;NMEA message parser not found for GRM.
31339;RMC;12/26/2016 10:55:40 PM;49.2091400166667;16.6014621166667;;;;
31340;;;;;;;;NMEA message parser not found for RMB.
31341;;;;;;;;Failed to parse: GGA.. Meters expected in GGA message.
31342;GSA;;;;;;;
31343;GSV;;;;;;;
31344;GSV;;;;;;;
31345;;;;;;;;NMEA message parser not found for GRM.
31346;RMC;12/26/2016 10:55:41 PM;49.2091372833333;16.6014525;;;;
31347;;;;;;;;NMEA message parser not found for RMB.
31348;;;;;;;;Failed to parse: GGA.. Meters expected in GGA message.
31349;GSA;;;;;;;
31350;GSV;;;;;;;
31351;GSV;;;;;;;
31352;;;;;;;;NMEA message parser not found for GRM.
31353;RMC;12/26/2016 10:55:42 PM;49.20913455;16.6014428666667;;;;
31354;;;;;;;;NMEA message parser not found for RMB.
31355;;;;;;;;Failed to parse: GGA.. Meters expected in GGA message.
31356;GSA;;;;;;;
31357;GSV;;;;;;;
31358;GSV;;;;;;;
31359;;;;;;;;NMEA message parser not found for GRM.
31360;RMC;12/26/2016 10:55:43 PM;49.2091318166667;16.6014332333333;;;;
31361;;;;;;;;NMEA message parser not found for RMB.
31362;;;;;;;;Failed to parse: GGA.. Meters expected in GGA message.
31363;GSA;;;;;;;
31364;GSV;;;;;;;
31365;GSV;;;;;;;
31366;;;;;;;;NMEA message parser not found for GRM.
31367;RMC;12/26/2016 10:55:44 PM;49.2091291;16.6014236;;;;
31368;;;;;;;;NMEA message parser not found for RMB.
31369;;;;;;;;Failed to parse: GGA.. Meters expected in GGA message.
31370;GSA;;;;;;;
31371;GSV;;;;;;;
31372;GSV;;;;;;;
31373;;;;;;;;NMEA message parser not found for GRM.
31374;RMC;12/26/2016 10:55:45 PM;49.2091263666667;16.6014139666667;;;;
31375;;;;;;;;NMEA message parser not found for RMB.
31376;;;;;;;;Failed to parse: GGA.. Meters expected in GGA message.
31377;GSA;;;;;;;
31378;GSV;;;;;;;
31379;GSV;;;;;;;
31380;;;;;;;;NMEA message parser not found for GRM.
31381;RMC;12/26/2016 10:55:46 PM;49.2091236333333;16.6014043333333;;;;
31382;;;;;;;;NMEA message parser not found for RMB.
31383;;;;;;;;Failed to parse: GGA.. Meters expected in GGA message.
31384;GSA;;;;;;;
31385;GSV;;;;;;;
31386;GSV;;;;;;;
31387;;;;;;;;NMEA message parser not found for GRM.
31388;RMC;12/26/2016 10:55:47 PM;49.2091209;16.6013947;;;;
31389;;;;;;;;NMEA message parser not found for RMB.
31390;;;;;;;;Failed to parse: GGA.. Meters expected in GGA message.
31391;GSA;;;;;;;
31392;GSV;;;;;;;
31393;GSV;;;;;;;
31394;;;;;;;;NMEA message parser not found for GRM.
31395;RMC;12/26/2016 10:55:48 PM;49.2091181833333;16.6013850833333;;;;
31396;;;;;;;;NMEA message parser not found for RMB.
31397;;;;;;;;Failed to parse: GGA.. Meters expected in GGA message.
31398;GSA;;;;;;;
31399;GSV;;;;;;;
31400;GSV;;;;;;;
31401;;;;;;;;NMEA message parser not found for GRM.
31402;RMC;12/26/2016 10:55:49 PM;49.20911545;16.60137545;;;;
31403;;;;;;;;NMEA message parser not found for RMB.
31404;;;;;;;;Failed to parse: GGA.. Meters expected in GGA message.
31405;GSA;;;;;;;
31406;GSV;;;;;;;
31407;GSV;;;;;;;
31408;;;;;;;;NMEA message parser not found for GRM.
31409;RMC;12/26/2016 10:55:50 PM;49.2091127166667;16.6013658166667;;;;
31410;;;;;;;;NMEA message parser not found for RMB.
31411;;;;;;;;Failed to parse: GGA.. Meters expected in GGA message.
31412;GSA;;;;;;;
31413;GSV;;;;;;;
31414;GSV;;;;;;;
31415;;;;;;;;NMEA message parser not found for GRM.
31416;RMC;12/26/2016 10:55:51 PM;49.2091099833333;16.6013561833333;;;;
31417;;;;;;;;NMEA message parser not found for RMB.
31418;;;;;;;;Failed to parse: GGA.. Meters expected in GGA message.
31419;GSA;;;;;;;
31420;GSV;;;;;;;
31421;GSV;;;;;;;
31422;;;;;;;;NMEA message parser not found for GRM.
31423;RMC;12/26/2016 10:55:52 PM;49.2091072666667;16.60134655;;;;
31424;;;;;;;;NMEA message parser not found for RMB.
31425;;;;;;;;Failed to parse: GGA.. Meters expected in GGA message.
31426;GSA;;;;;;;
31427;GSV;;;;;;;
31428;GSV;;;;;;;
31429;;;;;;;;NMEA message parser not found for GRM.
31430;RMC;12/26/2016 10:55:53 PM;49.2091045333333;16.6013369166667;;;;
31431;;;;;;;;NMEA message parser not found for RMB.
31432;;;;;;;;Failed to parse: GGA.. Meters expected in GGA message.
31433;GSA;;;;;;;
31434;GSV;;;;;;;
31435;GSV;;;;;;;
31436;;;;;;;;NMEA message parser not found for GRM.
31437;RMC;12/26/2016 10:55:54 PM;49.2091017833333;16.6013273;;;;
31438;;;;;;;;NMEA message parser not found for RMB.
31439;;;;;;;;Failed to parse: GGA.. Meters expected in GGA message.
31440;GSA;;;;;;;
31441;GSV;;;;;;;
31442;GSV;;;;;;;
31443;;;;;;;;NMEA message parser not found for GRM.
31444;RMC;12/26/2016 10:55:55 PM;49.2090989333333;16.6013177;;;;
31445;;;;;;;;NMEA message parser not found for RMB.
31446;;;;;;;;Failed to parse: GGA.. Meters expected in GGA message.
31447;GSA;;;;;;;
31448;GSV;;;;;;;
31449;GSV;;;;;;;
31450;;;;;;;;NMEA message parser not found for GRM.
31451;RMC;12/26/2016 10:55:56 PM;49.2090960833333;16.6013081166667;;;;
31452;;;;;;;;NMEA message parser not found for RMB.
31453;;;;;;;;Failed to parse: GGA.. Meters expected in GGA message.
31454;GSA;;;;;;;
31455;GSV;;;;;;;
31456;GSV;;;;;;;
31457;;;;;;;;NMEA message parser not found for GRM.
31458;RMC;12/26/2016 10:55:57 PM;49.2090932166667;16.6012985166667;;;;
31459;;;;;;;;NMEA message parser not found for RMB.
31460;;;;;;;;Failed to parse: GGA.. Meters expected in GGA message.
31461;GSA;;;;;;;
31462;GSV;;;;;;;
31463;GSV;;;;;;;
31464;;;;;;;;NMEA message parser not found for GRM.
31465;RMC;12/26/2016 10:55:58 PM;49.2090903666667;16.6012889166667;;;;
31466;;;;;;;;NMEA message parser not found for RMB.
31467;;;;;;;;Failed to parse: GGA.. Meters expected in GGA message.
31468;GSA;;;;;;;
31469;GSV;;;;;;;
31470;GSV;;;;;;;
31471;;;;;;;;NMEA message parser not found for GRM.
31472;RMC;12/26/2016 10:55:59 PM;49.2090875;16.6012793333333;;;;
31473;;;;;;;;NMEA message parser not found for RMB.
31474;;;;;;;;Failed to parse: GGA.. Meters expected in GGA message.
31475;GSA;;;;;;;
31476;GSV;;;;;;;
31477;GSV;;;;;;;
31478;;;;;;;;NMEA message parser not found for GRM.
31479;RMC;12/26/2016 10:56:00 PM;49.20908465;16.6012697333333;;;;
31480;;;;;;;;NMEA message parser not found for RMB.
31481;;;;;;;;Failed to parse: GGA.. Meters expected in GGA message.
31482;GSA;;;;;;;
31483;GSV;;;;;;;
31484;GSV;;;;;;;
31485;;;;;;;;NMEA message parser not found for GRM.
31486;RMC;12/26/2016 10:56:01 PM;49.2090817833333;16.60126015;;;;
31487;;;;;;;;NMEA message parser not found for RMB.
31488;;;;;;;;Failed to parse: GGA.. Meters expected in GGA message.
31489;GSA;;;;;;;
31490;GSV;;;;;;;
31491;GSV;;;;;;;
31492;;;;;;;;NMEA message parser not found for GRM.
31493;RMC;12/26/2016 10:56:02 PM;49.2090789333333;16.60125055;;;;
31494;;;;;;;;NMEA message parser not found for RMB.
31495;;;;;;;;Failed to parse: GGA.. Meters expected in GGA message.
31496;GSA;;;;;;;
31497;GSV;;;;;;;
31498;GSV;;;;;;;
31499;;;;;;;;NMEA message parser not found for GRM.
31500;RMC;12/26/2016 10:56:03 PM;49.2090760666667;16.60124095;;;;
31501;;;;;;;;NMEA message parser not found for RMB.
31502;;;;;;;;Failed to parse: GGA.. Meters expected in GGA message.
31503;GSA;;;;;;;
31504;GSV;;;;;;;
31505;GSV;;;;;;;
31506;;;;;;;;NMEA message parser not found for GRM.
31507;RMC;12/26/2016 10:56:04 PM;49.2090732166667;16.6012313666667;;;;
31508;;;;;;;;NMEA message parser not found for RMB.
31509;;;;;;;;Failed to parse: GGA.. Meters expected in GGA message.
31510;GSA;;;;;;;
31511;GSV;;;;;;;
31512;GSV;;;;;;;
31513;;;;;;;;NMEA message parser not found for GRM.
31514;RMC;12/26/2016 10:56:05 PM;49.20907035;16.6012217666667;;;;
31515;;;;;;;;NMEA message parser not found for RMB.
31516;;;;;;;;Failed to parse: GGA.. Meters expected in GGA message.
31517;GSA;;;;;;;
31518;GSV;;;;;;;
31519;GSV;;;;;;;
31520;;;;;;;;NMEA message parser not found for GRM.
31521;RMC;12/26/2016 10:56:06 PM;49.2090675;16.6012121666667;;;;
31522;;;;;;;;NMEA message parser not found for RMB.
31523;;;;;;;;Failed to parse: GGA.. Meters expected in GGA message.
31524;GSA;;;;;;;
31525;GSV;;;;;;;
31526;GSV;;;;;;;
31527;;;;;;;;NMEA message parser not found for GRM.
31528;RMC;12/26/2016 10:56:07 PM;49.2090646333333;16.6012025833333;;;;
31529;;;;;;;;NMEA message parser not found for RMB.
31530;;;;;;;;Failed to parse: GGA.. Meters expected in GGA message.
31531;GSA;;;;;;;
31532;GSV;;;;;;;
31533;GSV;;;;;;;
31534;;;;;;;;NMEA message parser not found for GRM.
31535;RMC;12/26/2016 10:56:08 PM;49.2090617833333;16.6011929833333;;;;
31536;;;;;;;;NMEA message parser not found for RMB.
31537;;;;;;;;Failed to parse: GGA.. Meters expected in GGA message.
31538;GSA;;;;;;;
31539;GSV;;;;;;;
31540;GSV;;;;;;;
31541;;;;;;;;NMEA message parser not found for GRM.
31542;RMC;12/26/2016 10:56:09 PM;49.2090589333333;16.6011834;;;;
31543;;;;;;;;NMEA message parser not found for RMB.
31544;;;;;;;;Failed to parse: GGA.. Meters expected in GGA message.
31545;GSA;;;;;;;
31546;GSV;;;;;;;
31547;GSV;;;;;;;
31548;;;;;;;;NMEA message parser not found for GRM.
31549;RMC;12/26/2016 10:56:10 PM;49.2090560666667;16.6011738;;;;
31550;;;;;;;;NMEA message parser not found for RMB.
31551;;;;;;;;Failed to parse: GGA.. Meters expected in GGA message.
31552;GSA;;;;;;;
31553;GSV;;;;;;;
31554;GSV;;;;;;;
31555;;;;;;;;NMEA message parser not found for GRM.
31556;RMC;12/26/2016 10:56:11 PM;49.2090532166667;16.6011642;;;;
31557;;;;;;;;NMEA message parser not found for RMB.
31558;;;;;;;;Failed to parse: GGA.. Meters expected in GGA message.
31559;GSA;;;;;;;
31560;GSV;;;;;;;
31561;GSV;;;;;;;
31562;;;;;;;;NMEA message parser not found for GRM.
31563;RMC;12/26/2016 10:56:12 PM;49.20905035;16.6011546166667;;;;
31564;;;;;;;;NMEA message parser not found for RMB.
31565;;;;;;;;Failed to parse: GGA.. Meters expected in GGA message.
31566;GSA;;;;;;;
31567;GSV;;;;;;;
31568;GSV;;;;;;;
31569;;;;;;;;NMEA message parser not found for GRM.
31570;RMC;12/26/2016 10:56:13 PM;49.2090475;16.6011450166667;;;;
31571;;;;;;;;NMEA message parser not found for RMB.
31572;;;;;;;;Failed to parse: GGA.. Meters expected in GGA message.
31573;GSA;;;;;;;
31574;GSV;;;;;;;
31575;GSV;;;;;;;
31576;;;;;;;;NMEA message parser not found for GRM.
31577;RMC;12/26/2016 10:56:14 PM;49.2090446333333;16.6011354333333;;;;
31578;;;;;;;;NMEA message parser not found for RMB.
31579;;;;;;;;Failed to parse: GGA.. Meters expected in GGA message.
31580;GSA;;;;;;;
31581;GSV;;;;;;;
31582;GSV;;;;;;;
31583;;;;;;;;NMEA message parser not found for GRM.
31584;RMC;12/26/2016 10:56:15 PM;49.2090417833333;16.6011258333333;;;;
31585;;;;;;;;NMEA message parser not found for RMB.
31586;;;;;;;;Failed to parse: GGA.. Meters expected in GGA message.
31587;GSA;;;;;;;
31588;GSV;;;;;;;
31589;GSV;;;;;;;
31590;;;;;;;;NMEA message parser not found for GRM.
31591;RMC;12/26/2016 10:56:16 PM;49.2090389166667;16.6011162333333;;;;
31592;;;;;;;;NMEA message parser not found for RMB.
31593;;;;;;;;Failed to parse: GGA.. Meters expected in GGA message.
31594;GSA;;;;;;;
31595;GSV;;;;;;;
31596;GSV;;;;;;;
31597;;;;;;;;NMEA message parser not found for GRM.
31598;RMC;12/26/2016 10:56:17 PM;49.2090360666667;16.60110665;;;;
31599;;;;;;;;NMEA message parser not found for RMB.
31600;;;;;;;;Failed to parse: GGA.. Meters expected in GGA message.
31601;GSA;;;;;;;
31602;GSV;;;;;;;
31603;GSV;;;;;;;
31604;;;;;;;;NMEA message parser not found for GRM.
31605;RMC;12/26/2016 10:56:18 PM;49.2090332;16.60109705;;;;
31606;;;;;;;;NMEA message parser not found for RMB.
31607;;;;;;;;Failed to parse: GGA.. Meters expected in GGA message.
31608;GSA;;;;;;;
31609;GSV;;;;;;;
31610;GSV;;;;;;;
31611;;;;;;;;NMEA message parser not found for GRM.
31612;RMC;12/26/2016 10:56:19 PM;49.20903035;16.6010874666667;;;;
31613;;;;;;;;NMEA message parser not found for RMB.
31614;;;;;;;;Failed to parse: GGA.. Meters expected in GGA message.
31615;GSA;;;;;;;
31616;GSV;;;;;;;
31617;GSV;;;;;;;
31618;;;;;;;;NMEA message parser not found for GRM.
31619;RMC;12/26/2016 10:56:20 PM;49.2090275;16.6010778666667;;;;
31620;;;;;;;;NMEA message parser not found for RMB.
31621;;;;;;;;Failed to parse: GGA.. Meters expected in GGA message.
31622;GSA;;;;;;;
31623;GSV;;;;;;;
31624;GSV;;;;;;;
31625;;;;;;;;NMEA message parser not found for GRM.
31626;RMC;12/26/2016 10:56:21 PM;49.2090246333333;16.6010682666667;;;;
31627;;;;;;;;NMEA message parser not found for RMB.
31628;;;;;;;;Failed to parse: GGA.. Meters expected in GGA message.
31629;GSA;;;;;;;
31630;GSV;;;;;;;
31631;GSV;;;;;;;
31632;;;;;;;;NMEA message parser not found for GRM.
31633;RMC;12/26/2016 10:56:22 PM;49.2090217833333;16.6010586833333;;;;
31634;;;;;;;;NMEA message parser not found for RMB.
31635;;;;;;;;Failed to parse: GGA.. Meters expected in GGA message.
31636;GSA;;;;;;;
31637;GSV;;;;;;;
31638;GSV;;;;;;;
31639;;;;;;;;NMEA message parser not found for GRM.
31640;RMC;12/26/2016 10:56:23 PM;49.2090189166667;16.6010490833333;;;;
31641;;;;;;;;NMEA message parser not found for RMB.
31642;;;;;;;;Failed to parse: GGA.. Meters expected in GGA message.
31643;GSA;;;;;;;
31644;GSV;;;;;;;
31645;GSV;;;;;;;
31646;;;;;;;;NMEA message parser not found for GRM.
31647;RMC;12/26/2016 10:56:24 PM;49.2090160666667;16.6010395;;;;
31648;;;;;;;;NMEA message parser not found for RMB.
31649;;;;;;;;Failed to parse: GGA.. Meters expected in GGA message.
31650;GSA;;;;;;;
31651;GSV;;;;;;;
31652;GSV;;;;;;;
31653;;;;;;;;NMEA message parser not found for GRM.
31654;RMC;12/26/2016 10:56:25 PM;49.2090132;16.6010299;;;;
31655;;;;;;;;NMEA message parser not found for RMB.
31656;;;;;;;;Failed to parse: GGA.. Meters expected in GGA message.
31657;GSA;;;;;;;
31658;GSV;;;;;;;
31659;GSV;;;;;;;
31660;;;;;;;;NMEA message parser not found for GRM.
31661;RMC;12/26/2016 10:56:26 PM;49.20901035;16.6010203;;;;
31662;;;;;;;;NMEA message parser not found for RMB.
31663;;;;;;;;Failed to parse: GGA.. Meters expected in GGA message.
31664;GSA;;;;;;;
31665;GSV;;;;;;;
31666;GSV;;;;;;;
31667;;;;;;;;NMEA message parser not found for GRM.
31668;RMC;12/26/2016 10:56:27 PM;49.2090074833333;16.6010107166667;;;;
31669;;;;;;;;NMEA message parser not found for RMB.
31670;;;;;;;;Failed to parse: GGA.. Meters expected in GGA message.
31671;GSA;;;;;;;
31672;GSV;;;;;;;
31673;GSV;;;;;;;
31674;;;;;;;;NMEA message parser not found for GRM.
31675;RMC;12/26/2016 10:56:28 PM;49.2090046333333;16.6010011166667;;;;
31676;;;;;;;;NMEA message parser not found for RMB.
31677;;;;;;;;Failed to parse: GGA.. Meters expected in GGA message.
31678;GSA;;;;;;;
31679;GSV;;;;;;;
31680;GSV;;;;;;;
31681;;;;;;;;NMEA message parser not found for GRM.
31682;RMC;12/26/2016 10:56:29 PM;49.2090017666667;16.6009915333333;;;;
31683;;;;;;;;NMEA message parser not found for RMB.
31684;;;;;;;;Failed to parse: GGA.. Meters expected in GGA message.
31685;GSA;;;;;;;
31686;GSV;;;;;;;
31687;GSV;;;;;;;
31688;;;;;;;;NMEA message parser not found for GRM.
31689;RMC;12/26/2016 10:56:30 PM;49.2089989166667;16.6009819333333;;;;
31690;;;;;;;;NMEA message parser not found for RMB.
31691;;;;;;;;Failed to parse: GGA.. Meters expected in GGA message.
31692;GSA;;;;;;;
31693;GSV;;;;;;;
31694;GSV;;;;;;;
31695;;;;;;;;NMEA message parser not found for GRM.
31696;RMC;12/26/2016 10:56:31 PM;49.20899605;16.6009723333333;;;;
31697;;;;;;;;NMEA message parser not found for RMB.
31698;;;;;;;;Failed to parse: GGA.. Meters expected in GGA message.
31699;GSA;;;;;;;
31700;GSV;;;;;;;
31701;GSV;;;;;;;
31702;;;;;;;;NMEA message parser not found for GRM.
31703;RMC;12/26/2016 10:56:32 PM;49.2089932;16.60096275;;;;
31704;;;;;;;;NMEA message parser not found for RMB.
31705;;;;;;;;Failed to parse: GGA.. Meters expected in GGA message.
31706;GSA;;;;;;;
31707;GSV;;;;;;;
31708;GSV;;;;;;;
31709;;;;;;;;NMEA message parser not found for GRM.
31710;RMC;12/26/2016 10:56:33 PM;49.20899035;16.60095315;;;;
31711;;;;;;;;NMEA message parser not found for RMB.
31712;;;;;;;;Failed to parse: GGA.. Meters expected in GGA message.
31713;GSA;;;;;;;
31714;GSV;;;;;;;
31715;GSV;;;;;;;
31716;;;;;;;;NMEA message parser not found for GRM.
31717;RMC;12/26/2016 10:56:34 PM;49.20898755;16.6009435333333;;;;
31718;;;;;;;;NMEA message parser not found for RMB.
31719;;;;;;;;Failed to parse: GGA.. Meters expected in GGA message.
31720;GSA;;;;;;;
31721;GSV;;;;;;;
31722;GSV;;;;;;;
31723;;;;;;;;NMEA message parser not found for GRM.
31724;RMC;12/26/2016 10:56:35 PM;49.20898475;16.6009339333333;;;;
31725;;;;;;;;NMEA message parser not found for RMB.
31726;;;;;;;;Failed to parse: GGA.. Meters expected in GGA message.
31727;GSA;;;;;;;
31728;GSV;;;;;;;
31729;GSV;;;;;;;
31730;;;;;;;;NMEA message parser not found for GRM.
31731;RMC;12/26/2016 10:56:36 PM;49.2089819666667;16.6009243166667;;;;
31732;;;;;;;;NMEA message parser not found for RMB.
31733;;;;;;;;Failed to parse: GGA.. Meters expected in GGA message.
31734;GSA;;;;;;;
31735;GSV;;;;;;;
31736;GSV;;;;;;;
31737;;;;;;;;NMEA message parser not found for GRM.
31738;RMC;12/26/2016 10:56:37 PM;49.2089791833333;16.6009147;;;;
31739;;;;;;;;NMEA message parser not found for RMB.
31740;;;;;;;;Failed to parse: GGA.. Meters expected in GGA message.
31741;GSA;;;;;;;
31742;GSV;;;;;;;
31743;GSV;;;;;;;
31744;;;;;;;;NMEA message parser not found for GRM.
31745;RMC;12/26/2016 10:56:38 PM;49.2089763833333;16.6009050833333;;;;
31746;;;;;;;;NMEA message parser not found for RMB.
31747;;;;;;;;Failed to parse: GGA.. Meters expected in GGA message.
31748;GSA;;;;;;;
31749;GSV;;;;;;;
31750;GSV;;;;;;;
31751;;;;;;;;NMEA message parser not found for GRM.
31752;RMC;12/26/2016 10:56:39 PM;49.2089736;16.6008954666667;;;;
31753;;;;;;;;NMEA message parser not found for RMB.
31754;;;;;;;;Failed to parse: GGA.. Meters expected in GGA message.
31755;GSA;;;;;;;
31756;GSV;;;;;;;
31757;GSV;;;;;;;
31758;;;;;;;;NMEA message parser not found for GRM.
31759;RMC;12/26/2016 10:56:40 PM;49.2089708166667;16.6008858666667;;;;
31760;;;;;;;;NMEA message parser not found for RMB.
31761;;;;;;;;Failed to parse: GGA.. Meters expected in GGA message.
31762;GSA;;;;;;;
31763;GSV;;;;;;;
31764;GSV;;;;;;;
31765;;;;;;;;NMEA message parser not found for GRM.
31766;RMC;12/26/2016 10:56:41 PM;49.2089680166667;16.60087625;;;;
31767;;;;;;;;NMEA message parser not found for RMB.
31768;;;;;;;;Failed to parse: GGA.. Meters expected in GGA message.
31769;GSA;;;;;;;
31770;GSV;;;;;;;
31771;GSV;;;;;;;
31772;;;;;;;;NMEA message parser not found for GRM.
31773;RMC;12/26/2016 10:56:42 PM;49.2089652333333;16.6008666333333;;;;
31774;;;;;;;;NMEA message parser not found for RMB.
31775;;;;;;;;Failed to parse: GGA.. Meters expected in GGA message.
31776;GSA;;;;;;;
31777;GSV;;;;;;;
31778;GSV;;;;;;;
31779;;;;;;;;NMEA message parser not found for GRM.
31780;RMC;12/26/2016 10:56:43 PM;49.2089624333333;16.6008570166667;;;;
31781;;;;;;;;NMEA message parser not found for RMB.
31782;;;;;;;;Failed to parse: GGA.. Meters expected in GGA message.
31783;GSA;;;;;;;
31784;GSV;;;;;;;
31785;GSV;;;;;;;
31786;;;;;;;;NMEA message parser not found for GRM.
31787;RMC;12/26/2016 10:56:44 PM;49.20895965;16.6008474;;;;
31788;;;;;;;;NMEA message parser not found for RMB.
31789;;;;;;;;Failed to parse: GGA.. Meters expected in GGA message.
31790;GSA;;;;;;;
31791;GSV;;;;;;;
31792;GSV;;;;;;;
31793;;;;;;;;NMEA message parser not found for GRM.
31794;RMC;12/26/2016 10:56:45 PM;49.2089568666667;16.6008377833333;;;;
31795;;;;;;;;NMEA message parser not found for RMB.
31796;;;;;;;;Failed to parse: GGA.. Meters expected in GGA message.
31797;GSA;;;;;;;
31798;GSV;;;;;;;
31799;GSV;;;;;;;
31800;;;;;;;;NMEA message parser not found for GRM.
31801;RMC;12/26/2016 10:56:46 PM;49.2089540666667;16.6008281833333;;;;
31802;;;;;;;;NMEA message parser not found for RMB.
31803;;;;;;;;Failed to parse: GGA.. Meters expected in GGA message.
31804;GSA;;;;;;;
31805;GSV;;;;;;;
31806;GSV;;;;;;;
31807;;;;;;;;NMEA message parser not found for GRM.
31808;RMC;12/26/2016 10:56:47 PM;49.2089512833333;16.6008185666667;;;;
31809;;;;;;;;NMEA message parser not found for RMB.
31810;;;;;;;;Failed to parse: GGA.. Meters expected in GGA message.
31811;GSA;;;;;;;
31812;GSV;;;;;;;
31813;GSV;;;;;;;
31814;;;;;;;;NMEA message parser not found for GRM.
31815;RMC;12/26/2016 10:56:48 PM;49.2089485;16.60080895;;;;
31816;;;;;;;;NMEA message parser not found for RMB.
31817;;;;;;;;Failed to parse: GGA.. Meters expected in GGA message.
31818;GSA;;;;;;;
31819;GSV;;;;;;;
31820;GSV;;;;;;;
31821;;;;;;;;NMEA message parser not found for GRM.
31822;RMC;12/26/2016 10:56:49 PM;49.2089457;16.6007993333333;;;;
31823;;;;;;;;NMEA message parser not found for RMB.
31824;;;;;;;;Failed to parse: GGA.. Meters expected in GGA message.
31825;GSA;;;;;;;
31826;GSV;;;;;;;
31827;GSV;;;;;;;
31828;;;;;;;;NMEA message parser not found for GRM.
31829;RMC;12/26/2016 10:56:50 PM;49.2089429166667;16.6007897166667;;;;
31830;;;;;;;;NMEA message parser not found for RMB.
31831;;;;;;;;Failed to parse: GGA.. Meters expected in GGA message.
31832;GSA;;;;;;;
31833;GSV;;;;;;;
31834;GSV;;;;;;;
31835;;;;;;;;NMEA message parser not found for GRM.
31836;RMC;12/26/2016 10:56:51 PM;49.2089401333333;16.6007801166667;;;;
31837;;;;;;;;NMEA message parser not found for RMB.
31838;;;;;;;;Failed to parse: GGA.. Meters expected in GGA message.
31839;GSA;;;;;;;
31840;GSV;;;;;;;
31841;GSV;;;;;;;
31842;;;;;;;;NMEA message parser not found for GRM.
31843;RMC;12/26/2016 10:56:52 PM;49.2089373333333;16.6007705;;;;
31844;;;;;;;;NMEA message parser not found for RMB.
31845;;;;;;;;Failed to parse: GGA.. Meters expected in GGA message.
31846;GSA;;;;;;;
31847;GSV;;;;;;;
31848;GSV;;;;;;;
31849;;;;;;;;NMEA message parser not found for GRM.
31850;RMC;12/26/2016 10:56:53 PM;49.20893455;16.6007608833333;;;;
31851;;;;;;;;NMEA message parser not found for RMB.
31852;;;;;;;;Failed to parse: GGA.. Meters expected in GGA message.
31853;GSA;;;;;;;
31854;GSV;;;;;;;
31855;GSV;;;;;;;
31856;;;;;;;;NMEA message parser not found for GRM.
31857;RMC;12/26/2016 10:56:54 PM;49.2089282333333;16.6007646166667;;;;
31858;;;;;;;;NMEA message parser not found for RMB.
31859;;;;;;;;Failed to parse: GGA.. Meters expected in GGA message.
31860;GSA;;;;;;;
31861;GSV;;;;;;;
31862;GSV;;;;;;;
31863;;;;;;;;NMEA message parser not found for GRM.
31864;RMC;12/26/2016 10:56:55 PM;49.20892105;16.6007716;;;;
31865;;;;;;;;NMEA message parser not found for RMB.
31866;;;;;;;;Failed to parse: GGA.. Meters expected in GGA message.
31867;GSA;;;;;;;
31868;GSV;;;;;;;
31869;GSV;;;;;;;
31870;;;;;;;;NMEA message parser not found for GRM.
31871;RMC;12/26/2016 10:56:56 PM;49.2089138833333;16.6007785833333;;;;
31872;;;;;;;;NMEA message parser not found for RMB.
31873;;;;;;;;Failed to parse: GGA.. Meters expected in GGA message.
31874;GSA;;;;;;;
31875;GSV;;;;;;;
31876;GSV;;;;;;;
31877;;;;;;;;NMEA message parser not found for GRM.
31878;RMC;12/26/2016 10:56:57 PM;49.2089067166667;16.60078555;;;;
31879;;;;;;;;NMEA message parser not found for RMB.
31880;;;;;;;;Failed to parse: GGA.. Meters expected in GGA message.
31881;GSA;;;;;;;
31882;GSV;;;;;;;
31883;GSV;;;;;;;
31884;;;;;;;;NMEA message parser not found for GRM.
31885;RMC;12/26/2016 10:56:58 PM;49.2088995333333;16.6007925333333;;;;
31886;;;;;;;;NMEA message parser not found for RMB.
31887;;;;;;;;Failed to parse: GGA.. Meters expected in GGA message.
31888;GSA;;;;;;;
31889;GSV;;;;;;;
31890;GSV;;;;;;;
31891;;;;;;;;NMEA message parser not found for GRM.
31892;RMC;12/26/2016 10:56:59 PM;49.2088923666667;16.6007995166667;;;;
31893;;;;;;;;NMEA message parser not found for RMB.
31894;;;;;;;;Failed to parse: GGA.. Meters expected in GGA message.
31895;GSA;;;;;;;
31896;GSV;;;;;;;
31897;GSV;;;;;;;
31898;;;;;;;;NMEA message parser not found for GRM.
31899;RMC;12/26/2016 10:57:00 PM;49.2088851833333;16.6008065;;;;
31900;;;;;;;;NMEA message parser not found for RMB.
31901;;;;;;;;Failed to parse: GGA.. Meters expected in GGA message.
31902;GSA;;;;;;;
31903;GSV;;;;;;;
31904;GSV;;;;;;;
31905;;;;;;;;NMEA message parser not found for GRM.
31906;RMC;12/26/2016 10:57:01 PM;49.2088780166667;16.6008134833333;;;;
31907;;;;;;;;NMEA message parser not found for RMB.
31908;;;;;;;;Failed to parse: GGA.. Meters expected in GGA message.
31909;GSA;;;;;;;
31910;GSV;;;;;;;
31911;GSV;;;;;;;
31912;;;;;;;;NMEA message parser not found for GRM.
31913;RMC;12/26/2016 10:57:02 PM;49.2088708333333;16.6008204666667;;;;
31914;;;;;;;;NMEA message parser not found for RMB.
31915;;;;;;;;Failed to parse: GGA.. Meters expected in GGA message.
31916;GSA;;;;;;;
31917;GSV;;;;;;;
31918;GSV;;;;;;;
31919;;;;;;;;NMEA message parser not found for GRM.
31920;RMC;12/26/2016 10:57:03 PM;49.2088636666667;16.60082745;;;;
31921;;;;;;;;NMEA message parser not found for RMB.
31922;;;;;;;;Failed to parse: GGA.. Meters expected in GGA message.
31923;GSA;;;;;;;
31924;GSV;;;;;;;
31925;GSV;;;;;;;
31926;;;;;;;;NMEA message parser not found for GRM.
31927;RMC;12/26/2016 10:57:04 PM;49.2088565;16.6008344333333;;;;
31928;;;;;;;;NMEA message parser not found for RMB.
31929;;;;;;;;Failed to parse: GGA.. Meters expected in GGA message.
31930;GSA;;;;;;;
31931;GSV;;;;;;;
31932;GSV;;;;;;;
31933;;;;;;;;NMEA message parser not found for GRM.
31934;RMC;12/26/2016 10:57:05 PM;49.2088493166667;16.6008414;;;;
31935;;;;;;;;NMEA message parser not found for RMB.
31936;;;;;;;;Failed to parse: GGA.. Meters expected in GGA message.
31937;GSA;;;;;;;
31938;GSV;;;;;;;
31939;GSV;;;;;;;
31940;;;;;;;;NMEA message parser not found for GRM.
31941;RMC;12/26/2016 10:57:06 PM;49.20884215;16.6008483833333;;;;
31942;;;;;;;;NMEA message parser not found for RMB.
31943;;;;;;;;Failed to parse: GGA.. Meters expected in GGA message.
31944;GSA;;;;;;;
31945;GSV;;;;;;;
31946;GSV;;;;;;;
31947;;;;;;;;NMEA message parser not found for GRM.
31948;RMC;12/26/2016 10:57:07 PM;49.2088349666667;16.6008553666667;;;;
31949;;;;;;;;NMEA message parser not found for RMB.
31950;;;;;;;;Failed to parse: GGA.. Meters expected in GGA message.
31951;GSA;;;;;;;
31952;GSV;;;;;;;
31953;GSV;;;;;;;
31954;;;;;;;;NMEA message parser not found for GRM.
31955;RMC;12/26/2016 10:57:08 PM;49.2088278;16.60086235;;;;
31956;;;;;;;;NMEA message parser not found for RMB.
31957;;;;;;;;Failed to parse: GGA.. Meters expected in GGA message.
31958;GSA;;;;;;;
31959;GSV;;;;;;;
31960;GSV;;;;;;;
31961;;;;;;;;NMEA message parser not found for GRM.
31962;RMC;12/26/2016 10:57:09 PM;49.2088206333333;16.6008693333333;;;;
31963;;;;;;;;NMEA message parser not found for RMB.
31964;;;;;;;;Failed to parse: GGA.. Meters expected in GGA message.
31965;GSA;;;;;;;
31966;GSV;;;;;;;
31967;GSV;;;;;;;
31968;;;;;;;;NMEA message parser not found for GRM.
31969;RMC;12/26/2016 10:57:10 PM;49.20881345;16.6008763166667;;;;
31970;;;;;;;;NMEA message parser not found for RMB.
31971;;;;;;;;Failed to parse: GGA.. Meters expected in GGA message.
31972;GSA;;;;;;;
31973;GSV;;;;;;;
31974;GSV;;;;;;;
31975;;;;;;;;NMEA message parser not found for GRM.
31976;RMC;12/26/2016 10:57:11 PM;49.2088062833333;16.6008833;;;;
31977;;;;;;;;NMEA message parser not found for RMB.
31978;;;;;;;;Failed to parse: GGA.. Meters expected in GGA message.
31979;GSA;;;;;;;
31980;GSV;;;;;;;
31981;GSV;;;;;;;
31982;;;;;;;;NMEA message parser not found for GRM.
31983;RMC;12/26/2016 10:57:12 PM;49.2087991;16.6008902666667;;;;
31984;;;;;;;;NMEA message parser not found for RMB.
31985;;;;;;;;Failed to parse: GGA.. Meters expected in GGA message.
31986;GSA;;;;;;;
31987;GSV;;;;;;;
31988;GSV;;;;;;;
31989;;;;;;;;NMEA message parser not found for GRM.
31990;RMC;12/26/2016 10:57:13 PM;49.2087919333333;16.60089725;;;;
31991;;;;;;;;NMEA message parser not found for RMB.
31992;;;;;;;;Failed to parse: GGA.. Meters expected in GGA message.
31993;GSA;;;;;;;
31994;GSV;;;;;;;
31995;GSV;;;;;;;
31996;;;;;;;;NMEA message parser not found for GRM.
31997;RMC;12/26/2016 10:57:14 PM;49.2087851666667;16.6009043;;;;
31998;;;;;;;;NMEA message parser not found for RMB.
31999;;;;;;;;Failed to parse: GGA.. Meters expected in GGA message.
32000;GSA;;;;;;;
32001;GSV;;;;;;;
32002;GSV;;;;;;;
32003;;;;;;;;NMEA message parser not found for GRM.
32004;RMC;12/26/2016 10:57:15 PM;49.20879;16.6009130666667;;;;
32005;;;;;;;;NMEA message parser not found for RMB.
32006;;;;;;;;Failed to parse: GGA.. Meters expected in GGA message.
32007;GSA;;;;;;;
32008;GSV;;;;;;;
32009;GSV;;;;;;;
32010;;;;;;;;NMEA message parser not found for GRM.
32011;RMC;12/26/2016 10:57:16 PM;49.20879485;16.6009218166667;;;;
32012;;;;;;;;NMEA message parser not found for RMB.
32013;;;;;;;;Failed to parse: GGA.. Meters expected in GGA message.
32014;GSA;;;;;;;
32015;GSV;;;;;;;
32016;GSV;;;;;;;
32017;;;;;;;;NMEA message parser not found for GRM.
32018;RMC;12/26/2016 10:57:17 PM;49.2087996833333;16.6009305833333;;;;
32019;;;;;;;;NMEA message parser not found for RMB.
32020;;;;;;;;Failed to parse: GGA.. Meters expected in GGA message.
32021;GSA;;;;;;;
32022;GSV;;;;;;;
32023;GSV;;;;;;;
32024;;;;;;;;NMEA message parser not found for GRM.
32025;RMC;12/26/2016 10:57:18 PM;49.2088045333333;16.60093935;;;;
32026;;;;;;;;NMEA message parser not found for RMB.
32027;;;;;;;;Failed to parse: GGA.. Meters expected in GGA message.
32028;GSA;;;;;;;
32029;GSV;;;;;;;
32030;GSV;;;;;;;
32031;;;;;;;;NMEA message parser not found for GRM.
32032;RMC;12/26/2016 10:57:19 PM;49.2088034166667;16.6009484666667;;;;
32033;;;;;;;;NMEA message parser not found for RMB.
32034;;;;;;;;Failed to parse: GGA.. Meters expected in GGA message.
32035;GSA;;;;;;;
32036;GSV;;;;;;;
32037;GSV;;;;;;;
32038;;;;;;;;NMEA message parser not found for GRM.
32039;RMC;12/26/2016 10:57:20 PM;49.2087997;16.6009577666667;;;;
32040;;;;;;;;NMEA message parser not found for RMB.
32041;;;;;;;;Failed to parse: GGA.. Meters expected in GGA message.
32042;GSA;;;;;;;
32043;GSV;;;;;;;
32044;GSV;;;;;;;
32045;;;;;;;;NMEA message parser not found for GRM.
32046;RMC;12/26/2016 10:57:21 PM;49.2087959666667;16.6009670666667;;;;
32047;;;;;;;;NMEA message parser not found for RMB.
32048;;;;;;;;Failed to parse: GGA.. Meters expected in GGA message.
32049;GSA;;;;;;;
32050;GSV;;;;;;;
32051;GSV;;;;;;;
32052;;;;;;;;NMEA message parser not found for GRM.
32053;RMC;12/26/2016 10:57:22 PM;49.20879225;16.60097635;;;;
32054;;;;;;;;NMEA message parser not found for RMB.
32055;;;;;;;;Failed to parse: GGA.. Meters expected in GGA message.
32056;GSA;;;;;;;
32057;GSV;;;;;;;
32058;GSV;;;;;;;
32059;;;;;;;;NMEA message parser not found for GRM.
32060;RMC;12/26/2016 10:57:23 PM;49.2087885333333;16.60098565;;;;
32061;;;;;;;;NMEA message parser not found for RMB.
32062;;;;;;;;Failed to parse: GGA.. Meters expected in GGA message.
32063;GSA;;;;;;;
32064;GSV;;;;;;;
32065;GSV;;;;;;;
32066;;;;;;;;NMEA message parser not found for GRM.
32067;RMC;12/26/2016 10:57:24 PM;49.2087848166667;16.60099495;;;;
32068;;;;;;;;NMEA message parser not found for RMB.
32069;;;;;;;;Failed to parse: GGA.. Meters expected in GGA message.
32070;GSA;;;;;;;
32071;GSV;;;;;;;
32072;GSV;;;;;;;
32073;;;;;;;;NMEA message parser not found for GRM.
32074;RMC;12/26/2016 10:57:25 PM;49.2087811;16.6010042333333;;;;
32075;;;;;;;;NMEA message parser not found for RMB.
32076;;;;;;;;Failed to parse: GGA.. Meters expected in GGA message.
32077;GSA;;;;;;;
32078;GSV;;;;;;;
32079;GSV;;;;;;;
32080;;;;;;;;NMEA message parser not found for GRM.
32081;RMC;12/26/2016 10:57:26 PM;49.2087791166667;16.6010107833333;;;;
32082;;;;;;;;NMEA message parser not found for RMB.
32083;;;;;;;;Failed to parse: GGA.. Meters expected in GGA message.
32084;GSA;;;;;;;
32085;GSV;;;;;;;
32086;GSV;;;;;;;
32087;;;;;;;;NMEA message parser not found for GRM.
32088;RMC;12/26/2016 10:57:27 PM;49.2087859166667;16.60100345;;;;
32089;;;;;;;;NMEA message parser not found for RMB.
32090;;;;;;;;Failed to parse: GGA.. Meters expected in GGA message.
32091;GSA;;;;;;;
32092;GSV;;;;;;;
32093;GSV;;;;;;;
32094;;;;;;;;NMEA message parser not found for GRM.
32095;RMC;12/26/2016 10:57:28 PM;49.2087927166667;16.6009961;;;;
32096;;;;;;;;NMEA message parser not found for RMB.
32097;;;;;;;;Failed to parse: GGA.. Meters expected in GGA message.
32098;GSA;;;;;;;
32099;GSV;;;;;;;
32100;GSV;;;;;;;
32101;;;;;;;;NMEA message parser not found for GRM.
32102;RMC;12/26/2016 10:57:29 PM;49.2087995166667;16.60098875;;;;
32103;;;;;;;;NMEA message parser not found for RMB.
32104;;;;;;;;Failed to parse: GGA.. Meters expected in GGA message.
32105;GSA;;;;;;;
32106;GSV;;;;;;;
32107;GSV;;;;;;;
32108;;;;;;;;NMEA message parser not found for GRM.
32109;RMC;12/26/2016 10:57:30 PM;49.2088019666667;16.6009802166667;;;;
32110;;;;;;;;NMEA message parser not found for RMB.
32111;;;;;;;;Failed to parse: GGA.. Meters expected in GGA message.
32112;GSA;;;;;;;
32113;GSV;;;;;;;
32114;GSV;;;;;;;
32115;;;;;;;;NMEA message parser not found for GRM.
32116;RMC;12/26/2016 10:57:31 PM;49.20879985;16.6009704333333;;;;
32117;;;;;;;;NMEA message parser not found for RMB.
32118;;;;;;;;Failed to parse: GGA.. Meters expected in GGA message.
32119;GSA;;;;;;;
32120;GSV;;;;;;;
32121;GSV;;;;;;;
32122;;;;;;;;NMEA message parser not found for GRM.
32123;RMC;12/26/2016 10:57:32 PM;49.2087977333333;16.60096065;;;;
32124;;;;;;;;NMEA message parser not found for RMB.
32125;;;;;;;;Failed to parse: GGA.. Meters expected in GGA message.
32126;GSA;;;;;;;
32127;GSV;;;;;;;
32128;GSV;;;;;;;
32129;;;;;;;;NMEA message parser not found for GRM.
32130;RMC;12/26/2016 10:57:33 PM;49.2087956166667;16.6009508666667;;;;
32131;;;;;;;;NMEA message parser not found for RMB.
32132;;;;;;;;Failed to parse: GGA.. Meters expected in GGA message.
32133;GSA;;;;;;;
32134;GSV;;;;;;;
32135;GSV;;;;;;;
32136;;;;;;;;NMEA message parser not found for GRM.
32137;RMC;12/26/2016 10:57:34 PM;49.2087935;16.6009410833333;;;;
32138;;;;;;;;NMEA message parser not found for RMB.
32139;;;;;;;;Failed to parse: GGA.. Meters expected in GGA message.
32140;GSA;;;;;;;
32141;GSV;;;;;;;
32142;GSV;;;;;;;
32143;;;;;;;;NMEA message parser not found for GRM.
32144;RMC;12/26/2016 10:57:35 PM;49.2087913666667;16.6009313;;;;
32145;;;;;;;;NMEA message parser not found for RMB.
32146;;;;;;;;Failed to parse: GGA.. Meters expected in GGA message.
32147;GSA;;;;;;;
32148;GSV;;;;;;;
32149;GSV;;;;;;;
32150;;;;;;;;NMEA message parser not found for GRM.
32151;RMC;12/26/2016 10:57:36 PM;49.20878925;16.6009215166667;;;;
32152;;;;;;;;NMEA message parser not found for RMB.
32153;;;;;;;;Failed to parse: GGA.. Meters expected in GGA message.
32154;GSA;;;;;;;
32155;GSV;;;;;;;
32156;GSV;;;;;;;
32157;;;;;;;;NMEA message parser not found for GRM.
32158;RMC;12/26/2016 10:57:37 PM;49.2087871333333;16.6009117333333;;;;
32159;;;;;;;;NMEA message parser not found for RMB.
32160;;;;;;;;Failed to parse: GGA.. Meters expected in GGA message.
32161;GSA;;;;;;;
32162;GSV;;;;;;;
32163;GSV;;;;;;;
32164;;;;;;;;NMEA message parser not found for GRM.
32165;RMC;12/26/2016 10:57:38 PM;49.2087850166667;16.60090195;;;;
32166;;;;;;;;NMEA message parser not found for RMB.
32167;;;;;;;;Failed to parse: GGA.. Meters expected in GGA message.
32168;GSA;;;;;;;
32169;GSV;;;;;;;
32170;GSV;;;;;;;
32171;;;;;;;;NMEA message parser not found for GRM.
32172;RMC;12/26/2016 10:57:39 PM;49.2087829;16.6008921666667;;;;
32173;;;;;;;;NMEA message parser not found for RMB.
32174;;;;;;;;Failed to parse: GGA.. Meters expected in GGA message.
32175;GSA;;;;;;;
32176;GSV;;;;;;;
32177;GSV;;;;;;;
32178;;;;;;;;NMEA message parser not found for GRM.
32179;RMC;12/26/2016 10:57:40 PM;49.2087865666667;16.6008845;;;;
32180;;;;;;;;NMEA message parser not found for RMB.
32181;;;;;;;;Failed to parse: GGA.. Meters expected in GGA message.
32182;GSA;;;;;;;
32183;GSV;;;;;;;
32184;GSV;;;;;;;
32185;;;;;;;;NMEA message parser not found for GRM.
32186;RMC;12/26/2016 10:57:41 PM;49.2087945166667;16.6008784166667;;;;
32187;;;;;;;;NMEA message parser not found for RMB.
32188;;;;;;;;Failed to parse: GGA.. Meters expected in GGA message.
32189;GSA;;;;;;;
32190;GSV;;;;;;;
32191;GSV;;;;;;;
32192;;;;;;;;NMEA message parser not found for GRM.
32193;RMC;12/26/2016 10:57:42 PM;49.2088024666667;16.6008723333333;;;;
32194;;;;;;;;NMEA message parser not found for RMB.
32195;;;;;;;;Failed to parse: GGA.. Meters expected in GGA message.
32196;GSA;;;;;;;
32197;GSV;;;;;;;
32198;GSV;;;;;;;
32199;;;;;;;;NMEA message parser not found for GRM.
32200;RMC;12/26/2016 10:57:43 PM;49.2088104;16.60086625;;;;
32201;;;;;;;;NMEA message parser not found for RMB.
32202;;;;;;;;Failed to parse: GGA.. Meters expected in GGA message.
32203;GSA;;;;;;;
32204;GSV;;;;;;;
32205;GSV;;;;;;;
32206;;;;;;;;NMEA message parser not found for GRM.
32207;RMC;12/26/2016 10:57:44 PM;49.20881835;16.6008601666667;;;;
32208;;;;;;;;NMEA message parser not found for RMB.
32209;;;;;;;;Failed to parse: GGA.. Meters expected in GGA message.
32210;GSA;;;;;;;
32211;GSV;;;;;;;
32212;GSV;;;;;;;
32213;;;;;;;;NMEA message parser not found for GRM.
32214;RMC;12/26/2016 10:57:45 PM;49.2088263;16.6008540833333;;;;
32215;;;;;;;;NMEA message parser not found for RMB.
32216;;;;;;;;Failed to parse: GGA.. Meters expected in GGA message.
32217;GSA;;;;;;;
32218;GSV;;;;;;;
32219;GSV;;;;;;;
32220;;;;;;;;NMEA message parser not found for GRM.
32221;RMC;12/26/2016 10:57:46 PM;49.20883425;16.600848;;;;
32222;;;;;;;;NMEA message parser not found for RMB.
32223;;;;;;;;Failed to parse: GGA.. Meters expected in GGA message.
32224;GSA;;;;;;;
32225;GSV;;;;;;;
32226;GSV;;;;;;;
32227;;;;;;;;NMEA message parser not found for GRM.
32228;RMC;12/26/2016 10:57:47 PM;49.2088422;16.6008419;;;;
32229;;;;;;;;NMEA message parser not found for RMB.
32230;;;;;;;;Failed to parse: GGA.. Meters expected in GGA message.
32231;GSA;;;;;;;
32232;GSV;;;;;;;
32233;GSV;;;;;;;
32234;;;;;;;;NMEA message parser not found for GRM.
32235;RMC;12/26/2016 10:57:48 PM;49.20885015;16.6008358166667;;;;
32236;;;;;;;;NMEA message parser not found for RMB.
32237;;;;;;;;Failed to parse: GGA.. Meters expected in GGA message.
32238;GSA;;;;;;;
32239;GSV;;;;;;;
32240;GSV;;;;;;;
32241;;;;;;;;NMEA message parser not found for GRM.
32242;RMC;12/26/2016 10:57:49 PM;49.2088581;16.6008297333333;;;;
32243;;;;;;;;NMEA message parser not found for RMB.
32244;;;;;;;;Failed to parse: GGA.. Meters expected in GGA message.
32245;GSA;;;;;;;
32246;GSV;;;;;;;
32247;GSV;;;;;;;
32248;;;;;;;;NMEA message parser not found for GRM.
32249;RMC;12/26/2016 10:57:50 PM;49.2088660333333;16.60082365;;;;
32250;;;;;;;;NMEA message parser not found for RMB.
32251;;;;;;;;Failed to parse: GGA.. Meters expected in GGA message.
32252;GSA;;;;;;;
32253;GSV;;;;;;;
32254;GSV;;;;;;;
32255;;;;;;;;NMEA message parser not found for GRM.
32256;RMC;12/26/2016 10:57:51 PM;49.2088739833333;16.6008175666667;;;;
32257;;;;;;;;NMEA message parser not found for RMB.
32258;;;;;;;;Failed to parse: GGA.. Meters expected in GGA message.
32259;GSA;;;;;;;
32260;GSV;;;;;;;
32261;GSV;;;;;;;
32262;;;;;;;;NMEA message parser not found for GRM.
32263;RMC;12/26/2016 10:57:52 PM;49.2088819333333;16.6008114833333;;;;
32264;;;;;;;;NMEA message parser not found for RMB.
32265;;;;;;;;Failed to parse: GGA.. Meters expected in GGA message.
32266;GSA;;;;;;;
32267;GSV;;;;;;;
32268;GSV;;;;;;;
32269;;;;;;;;NMEA message parser not found for GRM.
32270;RMC;12/26/2016 10:57:53 PM;49.2088898833333;16.6008054;;;;
32271;;;;;;;;NMEA message parser not found for RMB.
32272;;;;;;;;Failed to parse: GGA.. Meters expected in GGA message.
32273;GSA;;;;;;;
32274;GSV;;;;;;;
32275;GSV;;;;;;;
32276;;;;;;;;NMEA message parser not found for GRM.
32277;RMC;12/26/2016 10:57:54 PM;49.2088978333333;16.6007993;;;;
32278;;;;;;;;NMEA message parser not found for RMB.
32279;;;;;;;;Failed to parse: GGA.. Meters expected in GGA message.
32280;GSA;;;;;;;
32281;GSV;;;;;;;
32282;GSV;;;;;;;
32283;;;;;;;;NMEA message parser not found for GRM.
32284;RMC;12/26/2016 10:57:55 PM;49.2089057833333;16.6007932166667;;;;
32285;;;;;;;;NMEA message parser not found for RMB.
32286;;;;;;;;Failed to parse: GGA.. Meters expected in GGA message.
32287;GSA;;;;;;;
32288;GSV;;;;;;;
32289;GSV;;;;;;;
32290;;;;;;;;NMEA message parser not found for GRM.
32291;RMC;12/26/2016 10:57:56 PM;49.2089137333333;16.6007871333333;;;;
32292;;;;;;;;NMEA message parser not found for RMB.
32293;;;;;;;;Failed to parse: GGA.. Meters expected in GGA message.
32294;GSA;;;;;;;
32295;GSV;;;;;;;
32296;GSV;;;;;;;
32297;;;;;;;;NMEA message parser not found for GRM.
32298;RMC;12/26/2016 10:57:57 PM;49.2089216666667;16.60078105;;;;
32299;;;;;;;;NMEA message parser not found for RMB.
32300;;;;;;;;Failed to parse: GGA.. Meters expected in GGA message.
32301;GSA;;;;;;;
32302;GSV;;;;;;;
32303;GSV;;;;;;;
32304;;;;;;;;NMEA message parser not found for GRM.
32305;RMC;12/26/2016 10:57:58 PM;49.2089296166667;16.6007749666667;;;;
32306;;;;;;;;NMEA message parser not found for RMB.
32307;;;;;;;;Failed to parse: GGA.. Meters expected in GGA message.
32308;GSA;;;;;;;
32309;GSV;;;;;;;
32310;GSV;;;;;;;
32311;;;;;;;;NMEA message parser not found for GRM.
32312;RMC;12/26/2016 10:57:59 PM;49.2089375666667;16.6007688833333;;;;
32313;;;;;;;;NMEA message parser not found for RMB.
32314;;;;;;;;Failed to parse: GGA.. Meters expected in GGA message.
32315;GSA;;;;;;;
32316;GSV;;;;;;;
32317;GSV;;;;;;;
32318;;;;;;;;NMEA message parser not found for GRM.
32319;RMC;12/26/2016 10:58:00 PM;49.2089455166667;16.6007628;;;;
32320;;;;;;;;NMEA message parser not found for RMB.
32321;;;;;;;;Failed to parse: GGA.. Meters expected in GGA message.
32322;GSA;;;;;;;
32323;GSV;;;;;;;
32324;GSV;;;;;;;
32325;;;;;;;;NMEA message parser not found for GRM.
32326;RMC;12/26/2016 10:58:01 PM;49.2089534666667;16.6007567;;;;
32327;;;;;;;;NMEA message parser not found for RMB.
32328;;;;;;;;Failed to parse: GGA.. Meters expected in GGA message.
32329;GSA;;;;;;;
32330;GSV;;;;;;;
32331;GSV;;;;;;;
32332;;;;;;;;NMEA message parser not found for GRM.
32333;RMC;12/26/2016 10:58:02 PM;49.20896155;16.6007508166667;;;;
32334;;;;;;;;NMEA message parser not found for RMB.
32335;;;;;;;;Failed to parse: GGA.. Meters expected in GGA message.
32336;GSA;;;;;;;
32337;GSV;;;;;;;
32338;GSV;;;;;;;
32339;;;;;;;;NMEA message parser not found for GRM.
32340;RMC;12/26/2016 10:58:03 PM;49.20896975;16.6007450666667;;;;
32341;;;;;;;;NMEA message parser not found for RMB.
32342;;;;;;;;Failed to parse: GGA.. Meters expected in GGA message.
32343;GSA;;;;;;;
32344;GSV;;;;;;;
32345;GSV;;;;;;;
32346;;;;;;;;NMEA message parser not found for GRM.
32347;RMC;12/26/2016 10:58:04 PM;49.20897795;16.6007393333333;;;;
32348;;;;;;;;NMEA message parser not found for RMB.
32349;;;;;;;;Failed to parse: GGA.. Meters expected in GGA message.
32350;GSA;;;;;;;
32351;GSV;;;;;;;
32352;GSV;;;;;;;
32353;;;;;;;;NMEA message parser not found for GRM.
32354;RMC;12/26/2016 10:58:05 PM;49.20898615;16.6007336;;;;
32355;;;;;;;;NMEA message parser not found for RMB.
32356;;;;;;;;Failed to parse: GGA.. Meters expected in GGA message.
32357;GSA;;;;;;;
32358;GSV;;;;;;;
32359;GSV;;;;;;;
32360;;;;;;;;NMEA message parser not found for GRM.
32361;RMC;12/26/2016 10:58:06 PM;49.20899435;16.60072785;;;;
32362;;;;;;;;NMEA message parser not found for RMB.
32363;;;;;;;;Failed to parse: GGA.. Meters expected in GGA message.
32364;GSA;;;;;;;
32365;GSV;;;;;;;
32366;GSV;;;;;;;
32367;;;;;;;;NMEA message parser not found for GRM.
32368;RMC;12/26/2016 10:58:07 PM;49.20900255;16.6007221166667;;;;
32369;;;;;;;;NMEA message parser not found for RMB.
32370;;;;;;;;Failed to parse: GGA.. Meters expected in GGA message.
32371;GSA;;;;;;;
32372;GSV;;;;;;;
32373;GSV;;;;;;;
32374;;;;;;;;NMEA message parser not found for GRM.
32375;RMC;12/26/2016 10:58:08 PM;49.20901075;16.6007163666667;;;;
32376;;;;;;;;NMEA message parser not found for RMB.
32377;;;;;;;;Failed to parse: GGA.. Meters expected in GGA message.
32378;GSA;;;;;;;
32379;GSV;;;;;;;
32380;GSV;;;;;;;
32381;;;;;;;;NMEA message parser not found for GRM.
32382;RMC;12/26/2016 10:58:09 PM;49.20901895;16.6007106333333;;;;
32383;;;;;;;;NMEA message parser not found for RMB.
32384;;;;;;;;Failed to parse: GGA.. Meters expected in GGA message.
32385;GSA;;;;;;;
32386;GSV;;;;;;;
32387;GSV;;;;;;;
32388;;;;;;;;NMEA message parser not found for GRM.
32389;RMC;12/26/2016 10:58:10 PM;49.20902715;16.6007048833333;;;;
32390;;;;;;;;NMEA message parser not found for RMB.
32391;;;;;;;;Failed to parse: GGA.. Meters expected in GGA message.
32392;GSA;;;;;;;
32393;GSV;;;;;;;
32394;GSV;;;;;;;
32395;;;;;;;;NMEA message parser not found for GRM.
32396;RMC;12/26/2016 10:58:11 PM;49.20903535;16.60069915;;;;
32397;;;;;;;;NMEA message parser not found for RMB.
32398;;;;;;;;Failed to parse: GGA.. Meters expected in GGA message.
32399;GSA;;;;;;;
32400;GSV;;;;;;;
32401;GSV;;;;;;;
32402;;;;;;;;NMEA message parser not found for GRM.
32403;RMC;12/26/2016 10:58:12 PM;49.20904355;16.6006934166667;;;;
32404;;;;;;;;NMEA message parser not found for RMB.
32405;;;;;;;;Failed to parse: GGA.. Meters expected in GGA message.
32406;GSA;;;;;;;
32407;GSV;;;;;;;
32408;GSV;;;;;;;
32409;;;;;;;;NMEA message parser not found for GRM.
32410;RMC;12/26/2016 10:58:13 PM;49.20905175;16.6006876666667;;;;
32411;;;;;;;;NMEA message parser not found for RMB.
32412;;;;;;;;Failed to parse: GGA.. Meters expected in GGA message.
32413;GSA;;;;;;;
32414;GSV;;;;;;;
32415;GSV;;;;;;;
32416;;;;;;;;NMEA message parser not found for GRM.
32417;RMC;12/26/2016 10:58:14 PM;49.2090599666667;16.6006819333333;;;;
32418;;;;;;;;NMEA message parser not found for RMB.
32419;;;;;;;;Failed to parse: GGA.. Meters expected in GGA message.
32420;GSA;;;;;;;
32421;GSV;;;;;;;
32422;GSV;;;;;;;
32423;;;;;;;;NMEA message parser not found for GRM.
32424;RMC;12/26/2016 10:58:15 PM;49.2090681666667;16.6006761833333;;;;
32425;;;;;;;;NMEA message parser not found for RMB.
32426;;;;;;;;Failed to parse: GGA.. Meters expected in GGA message.
32427;GSA;;;;;;;
32428;GSV;;;;;;;
32429;GSV;;;;;;;
32430;;;;;;;;NMEA message parser not found for GRM.
32431;RMC;12/26/2016 10:58:16 PM;49.2090763666667;16.60067045;;;;
32432;;;;;;;;NMEA message parser not found for RMB.
32433;;;;;;;;Failed to parse: GGA.. Meters expected in GGA message.
32434;GSA;;;;;;;
32435;GSV;;;;;;;
32436;GSV;;;;;;;
32437;;;;;;;;NMEA message parser not found for GRM.
32438;RMC;12/26/2016 10:58:17 PM;49.2090845666667;16.6006647;;;;
32439;;;;;;;;NMEA message parser not found for RMB.
32440;;;;;;;;Failed to parse: GGA.. Meters expected in GGA message.
32441;GSA;;;;;;;
32442;GSV;;;;;;;
32443;GSV;;;;;;;
32444;;;;;;;;NMEA message parser not found for GRM.
32445;RMC;12/26/2016 10:58:18 PM;49.2090930833333;16.6006594833333;;;;
32446;;;;;;;;NMEA message parser not found for RMB.
32447;;;;;;;;Failed to parse: GGA.. Meters expected in GGA message.
32448;GSA;;;;;;;
32449;GSV;;;;;;;
32450;GSV;;;;;;;
32451;;;;;;;;NMEA message parser not found for GRM.
32452;RMC;12/26/2016 10:58:19 PM;49.20910175;16.6006544666667;;;;
32453;;;;;;;;NMEA message parser not found for RMB.
32454;;;;;;;;Failed to parse: GGA.. Meters expected in GGA message.
32455;GSA;;;;;;;
32456;GSV;;;;;;;
32457;GSV;;;;;;;
32458;;;;;;;;NMEA message parser not found for GRM.
32459;RMC;12/26/2016 10:58:20 PM;49.2091104166667;16.60064945;;;;
32460;;;;;;;;NMEA message parser not found for RMB.
32461;;;;;;;;Failed to parse: GGA.. Meters expected in GGA message.
32462;GSA;;;;;;;
32463;GSV;;;;;;;
32464;GSV;;;;;;;
32465;;;;;;;;NMEA message parser not found for GRM.
32466;RMC;12/26/2016 10:58:21 PM;49.2091190833333;16.60064445;;;;
32467;;;;;;;;NMEA message parser not found for RMB.
32468;;;;;;;;Failed to parse: GGA.. Meters expected in GGA message.
32469;GSA;;;;;;;
32470;GSV;;;;;;;
32471;GSV;;;;;;;
32472;;;;;;;;NMEA message parser not found for GRM.
32473;RMC;12/26/2016 10:58:22 PM;49.20912775;16.6006394333333;;;;
32474;;;;;;;;NMEA message parser not found for RMB.
32475;;;;;;;;Failed to parse: GGA.. Meters expected in GGA message.
32476;GSA;;;;;;;
32477;GSV;;;;;;;
32478;GSV;;;;;;;
32479;;;;;;;;NMEA message parser not found for GRM.
32480;RMC;12/26/2016 10:58:23 PM;49.2091364166667;16.6006344166667;;;;
32481;;;;;;;;NMEA message parser not found for RMB.
32482;;;;;;;;Failed to parse: GGA.. Meters expected in GGA message.
32483;GSA;;;;;;;
32484;GSV;;;;;;;
32485;GSV;;;;;;;
32486;;;;;;;;NMEA message parser not found for GRM.
32487;RMC;12/26/2016 10:58:24 PM;49.2091450833333;16.6006294166667;;;;
32488;;;;;;;;NMEA message parser not found for RMB.
32489;;;;;;;;Failed to parse: GGA.. Meters expected in GGA message.
32490;GSA;;;;;;;
32491;GSV;;;;;;;
32492;GSV;;;;;;;
32493;;;;;;;;NMEA message parser not found for GRM.
32494;RMC;12/26/2016 10:58:25 PM;49.20915375;16.6006244;;;;
32495;;;;;;;;NMEA message parser not found for RMB.
32496;;;;;;;;Failed to parse: GGA.. Meters expected in GGA message.
32497;GSA;;;;;;;
32498;GSV;;;;;;;
32499;GSV;;;;;;;
32500;;;;;;;;NMEA message parser not found for GRM.
32501;RMC;12/26/2016 10:58:26 PM;49.2091624;16.6006193833333;;;;
32502;;;;;;;;NMEA message parser not found for RMB.
32503;;;;;;;;Failed to parse: GGA.. Meters expected in GGA message.
32504;GSA;;;;;;;
32505;GSV;;;;;;;
32506;GSV;;;;;;;
32507;;;;;;;;NMEA message parser not found for GRM.
32508;RMC;12/26/2016 10:58:27 PM;49.2091710666667;16.6006143666667;;;;
32509;;;;;;;;NMEA message parser not found for RMB.
32510;;;;;;;;Failed to parse: GGA.. Meters expected in GGA message.
32511;GSA;;;;;;;
32512;GSV;;;;;;;
32513;GSV;;;;;;;
32514;;;;;;;;NMEA message parser not found for GRM.
32515;RMC;12/26/2016 10:58:28 PM;49.2091797333333;16.6006093666667;;;;
32516;;;;;;;;NMEA message parser not found for RMB.
32517;;;;;;;;Failed to parse: GGA.. Meters expected in GGA message.
32518;GSA;;;;;;;
32519;GSV;;;;;;;
32520;GSV;;;;;;;
32521;;;;;;;;NMEA message parser not found for GRM.
32522;RMC;12/26/2016 10:58:29 PM;49.2091884;16.60060435;;;;
32523;;;;;;;;NMEA message parser not found for RMB.
32524;;;;;;;;Failed to parse: GGA.. Meters expected in GGA message.
32525;GSA;;;;;;;
32526;GSV;;;;;;;
32527;GSV;;;;;;;
32528;;;;;;;;NMEA message parser not found for GRM.
32529;RMC;12/26/2016 10:58:30 PM;49.2091970666667;16.6005993333333;;;;
32530;;;;;;;;NMEA message parser not found for RMB.
32531;;;;;;;;Failed to parse: GGA.. Meters expected in GGA message.
32532;GSA;;;;;;;
32533;GSV;;;;;;;
32534;GSV;;;;;;;
32535;;;;;;;;NMEA message parser not found for GRM.
32536;RMC;12/26/2016 10:58:31 PM;49.2092057333333;16.6005943333333;;;;
32537;;;;;;;;NMEA message parser not found for RMB.
32538;;;;;;;;Failed to parse: GGA.. Meters expected in GGA message.
32539;GSA;;;;;;;
32540;GSV;;;;;;;
32541;GSV;;;;;;;
32542;;;;;;;;NMEA message parser not found for GRM.
32543;RMC;12/26/2016 10:58:32 PM;49.2092144;16.6005893166667;;;;
32544;;;;;;;;NMEA message parser not found for RMB.
32545;;;;;;;;Failed to parse: GGA.. Meters expected in GGA message.
32546;GSA;;;;;;;
32547;GSV;;;;;;;
32548;GSV;;;;;;;
32549;;;;;;;;NMEA message parser not found for GRM.
32550;RMC;12/26/2016 10:58:33 PM;49.2092230666667;16.6005843;;;;
32551;;;;;;;;NMEA message parser not found for RMB.
32552;;;;;;;;Failed to parse: GGA.. Meters expected in GGA message.
32553;GSA;;;;;;;
32554;GSV;;;;;;;
32555;GSV;;;;;;;
32556;;;;;;;;NMEA message parser not found for GRM.
32557;RMC;12/26/2016 10:58:34 PM;49.2092317333333;16.6005792833333;;;;
32558;;;;;;;;NMEA message parser not found for RMB.
32559;;;;;;;;Failed to parse: GGA.. Meters expected in GGA message.
32560;GSA;;;;;;;
32561;GSV;;;;;;;
32562;GSV;;;;;;;
32563;;;;;;;;NMEA message parser not found for GRM.
32564;RMC;12/26/2016 10:58:35 PM;49.2092404;16.6005742833333;;;;
32565;;;;;;;;NMEA message parser not found for RMB.
32566;;;;;;;;Failed to parse: GGA.. Meters expected in GGA message.
32567;GSA;;;;;;;
32568;GSV;;;;;;;
32569;GSV;;;;;;;
32570;;;;;;;;NMEA message parser not found for GRM.
32571;RMC;12/26/2016 10:58:36 PM;49.20924905;16.6005692666667;;;;
32572;;;;;;;;NMEA message parser not found for RMB.
32573;;;;;;;;Failed to parse: GGA.. Meters expected in GGA message.
32574;GSA;;;;;;;
32575;GSV;;;;;;;
32576;GSV;;;;;;;
32577;;;;;;;;NMEA message parser not found for GRM.
32578;RMC;12/26/2016 10:58:37 PM;49.2092577166667;16.60056425;;;;
32579;;;;;;;;NMEA message parser not found for RMB.
32580;;;;;;;;Failed to parse: GGA.. Meters expected in GGA message.
32581;GSA;;;;;;;
32582;GSV;;;;;;;
32583;GSV;;;;;;;
32584;;;;;;;;NMEA message parser not found for GRM.
32585;RMC;12/26/2016 10:58:38 PM;49.2092663833333;16.60055925;;;;
32586;;;;;;;;NMEA message parser not found for RMB.
32587;;;;;;;;Failed to parse: GGA.. Meters expected in GGA message.
32588;GSA;;;;;;;
32589;GSV;;;;;;;
32590;GSV;;;;;;;
32591;;;;;;;;NMEA message parser not found for GRM.
32592;RMC;12/26/2016 10:58:39 PM;49.20927505;16.6005542333333;;;;
32593;;;;;;;;NMEA message parser not found for RMB.
32594;;;;;;;;Failed to parse: GGA.. Meters expected in GGA message.
32595;GSA;;;;;;;
32596;GSV;;;;;;;
32597;GSV;;;;;;;
32598;;;;;;;;NMEA message parser not found for GRM.
32599;RMC;12/26/2016 10:58:40 PM;49.2092837166667;16.6005492166667;;;;
32600;;;;;;;;NMEA message parser not found for RMB.
32601;;;;;;;;Failed to parse: GGA.. Meters expected in GGA message.
32602;GSA;;;;;;;
32603;GSV;;;;;;;
32604;GSV;;;;;;;
32605;;;;;;;;NMEA message parser not found for GRM.
32606;RMC;12/26/2016 10:58:41 PM;49.2092923833333;16.6005442;;;;
32607;;;;;;;;NMEA message parser not found for RMB.
32608;;;;;;;;Failed to parse: GGA.. Meters expected in GGA message.
32609;GSA;;;;;;;
32610;GSV;;;;;;;
32611;GSV;;;;;;;
32612;;;;;;;;NMEA message parser not found for GRM.
32613;RMC;12/26/2016 10:58:42 PM;49.20930105;16.6005392;;;;
32614;;;;;;;;NMEA message parser not found for RMB.
32615;;;;;;;;Failed to parse: GGA.. Meters expected in GGA message.
32616;GSA;;;;;;;
32617;GSV;;;;;;;
32618;GSV;;;;;;;
32619;;;;;;;;NMEA message parser not found for GRM.
32620;RMC;12/26/2016 10:58:43 PM;49.2093097166667;16.6005341833333;;;;
32621;;;;;;;;NMEA message parser not found for RMB.
32622;;;;;;;;Failed to parse: GGA.. Meters expected in GGA message.
32623;GSA;;;;;;;
32624;GSV;;;;;;;
32625;GSV;;;;;;;
32626;;;;;;;;NMEA message parser not found for GRM.
32627;RMC;12/26/2016 10:58:44 PM;49.2093183833333;16.6005291666667;;;;
32628;;;;;;;;NMEA message parser not found for RMB.
32629;;;;;;;;Failed to parse: GGA.. Meters expected in GGA message.
32630;GSA;;;;;;;
32631;GSV;;;;;;;
32632;GSV;;;;;;;
32633;;;;;;;;NMEA message parser not found for GRM.
32634;RMC;12/26/2016 10:58:45 PM;49.20932705;16.6005241666667;;;;
32635;;;;;;;;NMEA message parser not found for RMB.
32636;;;;;;;;Failed to parse: GGA.. Meters expected in GGA message.
32637;GSA;;;;;;;
32638;GSV;;;;;;;
32639;GSV;;;;;;;
32640;;;;;;;;NMEA message parser not found for GRM.
32641;RMC;12/26/2016 10:58:46 PM;49.2093357;16.60051915;;;;
32642;;;;;;;;NMEA message parser not found for RMB.
32643;;;;;;;;Failed to parse: GGA.. Meters expected in GGA message.
32644;GSA;;;;;;;
32645;GSV;;;;;;;
32646;GSV;;;;;;;
32647;;;;;;;;NMEA message parser not found for GRM.
32648;RMC;12/26/2016 10:58:47 PM;49.2093443666667;16.6005141333333;;;;
32649;;;;;;;;NMEA message parser not found for RMB.
32650;;;;;;;;Failed to parse: GGA.. Meters expected in GGA message.
32651;GSA;;;;;;;
32652;GSV;;;;;;;
32653;GSV;;;;;;;
32654;;;;;;;;NMEA message parser not found for GRM.
32655;RMC;12/26/2016 10:58:48 PM;49.2093530333333;16.6005091333333;;;;
32656;;;;;;;;NMEA message parser not found for RMB.
32657;;;;;;;;Failed to parse: GGA.. Meters expected in GGA message.
32658;GSA;;;;;;;
32659;GSV;;;;;;;
32660;GSV;;;;;;;
32661;;;;;;;;NMEA message parser not found for GRM.
32662;RMC;12/26/2016 10:58:49 PM;49.2093617;16.6005041166667;;;;
32663;;;;;;;;NMEA message parser not found for RMB.
32664;;;;;;;;Failed to parse: GGA.. Meters expected in GGA message.
32665;GSA;;;;;;;
32666;GSV;;;;;;;
32667;GSV;;;;;;;
32668;;;;;;;;NMEA message parser not found for GRM.
32669;RMC;12/26/2016 10:58:50 PM;49.2093703666667;16.6004991;;;;
32670;;;;;;;;NMEA message parser not found for RMB.
32671;;;;;;;;Failed to parse: GGA.. Meters expected in GGA message.
32672;GSA;;;;;;;
32673;GSV;;;;;;;
32674;GSV;;;;;;;
32675;;;;;;;;NMEA message parser not found for GRM.
32676;RMC;12/26/2016 10:58:51 PM;49.2093790333333;16.6004941;;;;
32677;;;;;;;;NMEA message parser not found for RMB.
32678;;;;;;;;Failed to parse: GGA.. Meters expected in GGA message.
32679;GSA;;;;;;;
32680;GSV;;;;;;;
32681;GSV;;;;;;;
32682;;;;;;;;NMEA message parser not found for GRM.
32683;RMC;12/26/2016 10:58:52 PM;49.2093877;16.6004891;;;;
32684;;;;;;;;NMEA message parser not found for RMB.
32685;;;;;;;;Failed to parse: GGA.. Meters expected in GGA message.
32686;GSA;;;;;;;
32687;GSV;;;;;;;
32688;GSV;;;;;;;
32689;;;;;;;;NMEA message parser not found for GRM.
32690;RMC;12/26/2016 10:58:53 PM;49.2093963833333;16.6004841;;;;
32691;;;;;;;;NMEA message parser not found for RMB.
32692;;;;;;;;Failed to parse: GGA.. Meters expected in GGA message.
32693;GSA;;;;;;;
32694;GSV;;;;;;;
32695;GSV;;;;;;;
32696;;;;;;;;NMEA message parser not found for GRM.
32697;RMC;12/26/2016 10:58:54 PM;49.20940505;16.6004791;;;;
32698;;;;;;;;NMEA message parser not found for RMB.
32699;;;;;;;;Failed to parse: GGA.. Meters expected in GGA message.
32700;GSA;;;;;;;
32701;GSV;;;;;;;
32702;GSV;;;;;;;
32703;;;;;;;;NMEA message parser not found for GRM.
32704;RMC;12/26/2016 10:58:55 PM;49.2094137166667;16.6004741;;;;
32705;;;;;;;;NMEA message parser not found for RMB.
32706;;;;;;;;Failed to parse: GGA.. Meters expected in GGA message.
32707;GSA;;;;;;;
32708;GSV;;;;;;;
32709;GSV;;;;;;;
32710;;;;;;;;NMEA message parser not found for GRM.
32711;RMC;12/26/2016 10:58:56 PM;49.2094224;16.6004691;;;;
32712;;;;;;;;NMEA message parser not found for RMB.
32713;;;;;;;;Failed to parse: GGA.. Meters expected in GGA message.
32714;GSA;;;;;;;
32715;GSV;;;;;;;
32716;GSV;;;;;;;
32717;;;;;;;;NMEA message parser not found for GRM.
32718;RMC;12/26/2016 10:58:57 PM;49.2094310666667;16.6004641;;;;
32719;;;;;;;;NMEA message parser not found for RMB.
32720;;;;;;;;Failed to parse: GGA.. Meters expected in GGA message.
32721;GSA;;;;;;;
32722;GSV;;;;;;;
32723;GSV;;;;;;;
32724;;;;;;;;NMEA message parser not found for GRM.
32725;RMC;12/26/2016 10:58:58 PM;49.2094397333333;16.6004591;;;;
32726;;;;;;;;NMEA message parser not found for RMB.
32727;;;;;;;;Failed to parse: GGA.. Meters expected in GGA message.
32728;GSA;;;;;;;
32729;GSV;;;;;;;
32730;GSV;;;;;;;
32731;;;;;;;;NMEA message parser not found for GRM.
32732;RMC;12/26/2016 10:58:59 PM;49.2094484166667;16.6004541;;;;
32733;;;;;;;;NMEA message parser not found for RMB.
32734;;;;;;;;Failed to parse: GGA.. Meters expected in GGA message.
32735;GSA;;;;;;;
32736;GSV;;;;;;;
32737;GSV;;;;;;;
32738;;;;;;;;NMEA message parser not found for GRM.
32739;RMC;12/26/2016 10:59:00 PM;49.2094570833333;16.6004491;;;;
32740;;;;;;;;NMEA message parser not found for RMB.
32741;;;;;;;;Failed to parse: GGA.. Meters expected in GGA message.
32742;GSA;;;;;;;
32743;GSV;;;;;;;
32744;GSV;;;;;;;
32745;;;;;;;;NMEA message parser not found for GRM.
32746;RMC;12/26/2016 10:59:01 PM;49.20946575;16.6004441;;;;
32747;;;;;;;;NMEA message parser not found for RMB.
32748;;;;;;;;Failed to parse: GGA.. Meters expected in GGA message.
32749;GSA;;;;;;;
32750;GSV;;;;;;;
32751;GSV;;;;;;;
32752;;;;;;;;NMEA message parser not found for GRM.
32753;RMC;12/26/2016 10:59:02 PM;49.2094744333333;16.6004391;;;;
32754;;;;;;;;NMEA message parser not found for RMB.
32755;;;;;;;;Failed to parse: GGA.. Meters expected in GGA message.
32756;GSA;;;;;;;
32757;GSV;;;;;;;
32758;GSV;;;;;;;
32759;;;;;;;;NMEA message parser not found for GRM.
32760;RMC;12/26/2016 10:59:03 PM;49.2094831;16.6004341;;;;
32761;;;;;;;;NMEA message parser not found for RMB.
32762;;;;;;;;Failed to parse: GGA.. Meters expected in GGA message.
32763;GSA;;;;;;;
32764;GSV;;;;;;;
32765;GSV;;;;;;;
32766;;;;;;;;NMEA message parser not found for GRM.
32767;RMC;12/26/2016 10:59:04 PM;49.2094917666667;16.6004291;;;;
32768;;;;;;;;NMEA message parser not found for RMB.
32769;;;;;;;;Failed to parse: GGA.. Meters expected in GGA message.
32770;GSA;;;;;;;
32771;GSV;;;;;;;
32772;GSV;;;;;;;
32773;;;;;;;;NMEA message parser not found for GRM.
32774;RMC;12/26/2016 10:59:05 PM;49.20950045;16.6004241;;;;
32775;;;;;;;;NMEA message parser not found for RMB.
32776;;;;;;;;Failed to parse: GGA.. Meters expected in GGA message.
32777;GSA;;;;;;;
32778;GSV;;;;;;;
32779;GSV;;;;;;;
32780;;;;;;;;NMEA message parser not found for GRM.
32781;RMC;12/26/2016 10:59:06 PM;49.2095091166667;16.6004191;;;;
32782;;;;;;;;NMEA message parser not found for RMB.
32783;;;;;;;;Failed to parse: GGA.. Meters expected in GGA message.
32784;GSA;;;;;;;
32785;GSV;;;;;;;
32786;GSV;;;;;;;
32787;;;;;;;;NMEA message parser not found for GRM.
32788;RMC;12/26/2016 10:59:07 PM;49.2095177833333;16.6004141;;;;
32789;;;;;;;;NMEA message parser not found for RMB.
32790;;;;;;;;Failed to parse: GGA.. Meters expected in GGA message.
32791;GSA;;;;;;;
32792;GSV;;;;;;;
32793;GSV;;;;;;;
32794;;;;;;;;NMEA message parser not found for GRM.
32795;RMC;12/26/2016 10:59:08 PM;49.2095264666667;16.6004091;;;;
32796;;;;;;;;NMEA message parser not found for RMB.
32797;;;;;;;;Failed to parse: GGA.. Meters expected in GGA message.
32798;GSA;;;;;;;
32799;GSV;;;;;;;
32800;GSV;;;;;;;
32801;;;;;;;;NMEA message parser not found for GRM.
32802;RMC;12/26/2016 10:59:09 PM;49.2095351333333;16.6004041;;;;
32803;;;;;;;;NMEA message parser not found for RMB.
32804;;;;;;;;Failed to parse: GGA.. Meters expected in GGA message.
32805;GSA;;;;;;;
32806;GSV;;;;;;;
32807;GSV;;;;;;;
32808;;;;;;;;NMEA message parser not found for GRM.
32809;RMC;12/26/2016 10:59:10 PM;49.2095438;16.6003991;;;;
32810;;;;;;;;NMEA message parser not found for RMB.
32811;;;;;;;;Failed to parse: GGA.. Meters expected in GGA message.
32812;GSA;;;;;;;
32813;GSV;;;;;;;
32814;GSV;;;;;;;
32815;;;;;;;;NMEA message parser not found for GRM.
32816;RMC;12/26/2016 10:59:11 PM;49.2095524833333;16.6003941;;;;
32817;;;;;;;;NMEA message parser not found for RMB.
32818;;;;;;;;Failed to parse: GGA.. Meters expected in GGA message.
32819;GSA;;;;;;;
32820;GSV;;;;;;;
32821;GSV;;;;;;;
32822;;;;;;;;NMEA message parser not found for GRM.
32823;RMC;12/26/2016 10:59:12 PM;49.20956115;16.6003891;;;;
32824;;;;;;;;NMEA message parser not found for RMB.
32825;;;;;;;;Failed to parse: GGA.. Meters expected in GGA message.
32826;GSA;;;;;;;
32827;GSV;;;;;;;
32828;GSV;;;;;;;
32829;;;;;;;;NMEA message parser not found for GRM.
32830;RMC;12/26/2016 10:59:13 PM;49.2095698166667;16.6003841;;;;
32831;;;;;;;;NMEA message parser not found for RMB.
32832;;;;;;;;Failed to parse: GGA.. Meters expected in GGA message.
32833;GSA;;;;;;;
32834;GSV;;;;;;;
32835;GSV;;;;;;;
32836;;;;;;;;NMEA message parser not found for GRM.
32837;RMC;12/26/2016 10:59:14 PM;49.2095683333333;16.6003743333333;;;;
32838;;;;;;;;NMEA message parser not found for RMB.
32839;;;;;;;;Failed to parse: GGA.. Meters expected in GGA message.
32840;GSA;;;;;;;
32841;GSV;;;;;;;
32842;GSV;;;;;;;
32843;;;;;;;;NMEA message parser not found for GRM.
32844;RMC;12/26/2016 10:59:15 PM;49.20956665;16.6003644666667;;;;
32845;;;;;;;;NMEA message parser not found for RMB.
32846;;;;;;;;Failed to parse: GGA.. Meters expected in GGA message.
32847;GSA;;;;;;;
32848;GSV;;;;;;;
32849;GSV;;;;;;;
32850;;;;;;;;NMEA message parser not found for GRM.
32851;RMC;12/26/2016 10:59:16 PM;49.20956495;16.6003546166667;;;;
32852;;;;;;;;NMEA message parser not found for RMB.
32853;;;;;;;;Failed to parse: GGA.. Meters expected in GGA message.
32854;GSA;;;;;;;
32855;GSV;;;;;;;
32856;GSV;;;;;;;
32857;;;;;;;;NMEA message parser not found for GRM.
32858;RMC;12/26/2016 10:59:17 PM;49.20956325;16.60034475;;;;
32859;;;;;;;;NMEA message parser not found for RMB.
32860;;;;;;;;Failed to parse: GGA.. Meters expected in GGA message.
32861;GSA;;;;;;;
32862;GSV;;;;;;;
32863;GSV;;;;;;;
32864;;;;;;;;NMEA message parser not found for GRM.
32865;RMC;12/26/2016 10:59:18 PM;49.20956155;16.6003348833333;;;;
32866;;;;;;;;NMEA message parser not found for RMB.
32867;;;;;;;;Failed to parse: GGA.. Meters expected in GGA message.
32868;GSA;;;;;;;
32869;GSV;;;;;;;
32870;GSV;;;;;;;
32871;;;;;;;;NMEA message parser not found for GRM.
32872;RMC;12/26/2016 10:59:19 PM;49.2095598666667;16.6003250166667;;;;
32873;;;;;;;;NMEA message parser not found for RMB.
32874;;;;;;;;Failed to parse: GGA.. Meters expected in GGA message.
32875;GSA;;;;;;;
32876;GSV;;;;;;;
32877;GSV;;;;;;;
32878;;;;;;;;NMEA message parser not found for GRM.
32879;RMC;12/26/2016 10:59:20 PM;49.20956245;16.6003165;;;;
32880;;;;;;;;NMEA message parser not found for RMB.
32881;;;;;;;;Failed to parse: GGA.. Meters expected in GGA message.
32882;GSA;;;;;;;
32883;GSV;;;;;;;
32884;GSV;;;;;;;
32885;;;;;;;;NMEA message parser not found for GRM.
32886;RMC;12/26/2016 10:59:21 PM;49.2095694833333;16.6003093666667;;;;
32887;;;;;;;;NMEA message parser not found for RMB.
32888;;;;;;;;Failed to parse: GGA.. Meters expected in GGA message.
32889;GSA;;;;;;;
32890;GSV;;;;;;;
32891;GSV;;;;;;;
32892;;;;;;;;NMEA message parser not found for GRM.
32893;RMC;12/26/2016 10:59:22 PM;49.2095765166667;16.60030225;;;;
32894;;;;;;;;NMEA message parser not found for RMB.
32895;;;;;;;;Failed to parse: GGA.. Meters expected in GGA message.
32896;GSA;;;;;;;
32897;GSV;;;;;;;
32898;GSV;;;;;;;
32899;;;;;;;;NMEA message parser not found for GRM.
32900;RMC;12/26/2016 10:59:23 PM;49.20958355;16.6002951166667;;;;
32901;;;;;;;;NMEA message parser not found for RMB.
32902;;;;;;;;Failed to parse: GGA.. Meters expected in GGA message.
32903;GSA;;;;;;;
32904;GSV;;;;;;;
32905;GSV;;;;;;;
32906;;;;;;;;NMEA message parser not found for GRM.
32907;RMC;12/26/2016 10:59:24 PM;49.2095905833333;16.600288;;;;
32908;;;;;;;;NMEA message parser not found for RMB.
32909;;;;;;;;Failed to parse: GGA.. Meters expected in GGA message.
32910;GSA;;;;;;;
32911;GSV;;;;;;;
32912;GSV;;;;;;;
32913;;;;;;;;NMEA message parser not found for GRM.
32914;RMC;12/26/2016 10:59:25 PM;49.2095976166667;16.6002808666667;;;;
32915;;;;;;;;NMEA message parser not found for RMB.
32916;;;;;;;;Failed to parse: GGA.. Meters expected in GGA message.
32917;GSA;;;;;;;
32918;GSV;;;;;;;
32919;GSV;;;;;;;
32920;;;;;;;;NMEA message parser not found for GRM.
32921;RMC;12/26/2016 10:59:26 PM;49.2096046333333;16.60027375;;;;
32922;;;;;;;;NMEA message parser not found for RMB.
32923;;;;;;;;Failed to parse: GGA.. Meters expected in GGA message.
32924;GSA;;;;;;;
32925;GSV;;;;;;;
32926;GSV;;;;;;;
32927;;;;;;;;NMEA message parser not found for GRM.
32928;RMC;12/26/2016 10:59:27 PM;49.2096116666667;16.6002666166667;;;;
32929;;;;;;;;NMEA message parser not found for RMB.
32930;;;;;;;;Failed to parse: GGA.. Meters expected in GGA message.
32931;GSA;;;;;;;
32932;GSV;;;;;;;
32933;GSV;;;;;;;
32934;;;;;;;;NMEA message parser not found for GRM.
32935;RMC;12/26/2016 10:59:28 PM;49.2096187;16.6002594833333;;;;
32936;;;;;;;;NMEA message parser not found for RMB.
32937;;;;;;;;Failed to parse: GGA.. Meters expected in GGA message.
32938;GSA;;;;;;;
32939;GSV;;;;;;;
32940;GSV;;;;;;;
32941;;;;;;;;NMEA message parser not found for GRM.
32942;RMC;12/26/2016 10:59:29 PM;49.2096257333333;16.6002523666667;;;;
32943;;;;;;;;NMEA message parser not found for RMB.
32944;;;;;;;;Failed to parse: GGA.. Meters expected in GGA message.
32945;GSA;;;;;;;
32946;GSV;;;;;;;
32947;GSV;;;;;;;
32948;;;;;;;;NMEA message parser not found for GRM.
32949;RMC;12/26/2016 10:59:30 PM;49.2096327666667;16.6002452333333;;;;
32950;;;;;;;;NMEA message parser not found for RMB.
32951;;;;;;;;Failed to parse: GGA.. Meters expected in GGA message.
32952;GSA;;;;;;;
32953;GSV;;;;;;;
32954;GSV;;;;;;;
32955;;;;;;;;NMEA message parser not found for GRM.
32956;RMC;12/26/2016 10:59:31 PM;49.2096418;16.600241;;;;
32957;;;;;;;;NMEA message parser not found for RMB.
32958;;;;;;;;Failed to parse: GGA.. Meters expected in GGA message.
32959;GSA;;;;;;;
32960;GSV;;;;;;;
32961;GSV;;;;;;;
32962;;;;;;;;NMEA message parser not found for GRM.
32963;RMC;12/26/2016 10:59:32 PM;49.2096509166667;16.60023685;;;;
32964;;;;;;;;NMEA message parser not found for RMB.
32965;;;;;;;;Failed to parse: GGA.. Meters expected in GGA message.
32966;GSA;;;;;;;
32967;GSV;;;;;;;
32968;GSV;;;;;;;
32969;;;;;;;;NMEA message parser not found for GRM.
32970;RMC;12/26/2016 10:59:33 PM;49.2096600333333;16.6002327166667;;;;
32971;;;;;;;;NMEA message parser not found for RMB.
32972;;;;;;;;Failed to parse: GGA.. Meters expected in GGA message.
32973;GSA;;;;;;;
32974;GSV;;;;;;;
32975;GSV;;;;;;;
32976;;;;;;;;NMEA message parser not found for GRM.
32977;RMC;12/26/2016 10:59:34 PM;49.20966915;16.6002285666667;;;;
32978;;;;;;;;NMEA message parser not found for RMB.
32979;;;;;;;;Failed to parse: GGA.. Meters expected in GGA message.
32980;GSA;;;;;;;
32981;GSV;;;;;;;
32982;GSV;;;;;;;
32983;;;;;;;;NMEA message parser not found for GRM.
32984;RMC;12/26/2016 10:59:35 PM;49.20967825;16.6002244333333;;;;
32985;;;;;;;;NMEA message parser not found for RMB.
32986;;;;;;;;Failed to parse: GGA.. Meters expected in GGA message.
32987;GSA;;;;;;;
32988;GSV;;;;;;;
32989;GSV;;;;;;;
32990;;;;;;;;NMEA message parser not found for GRM.
32991;RMC;12/26/2016 10:59:36 PM;49.2096873666667;16.6002202833333;;;;
32992;;;;;;;;NMEA message parser not found for RMB.
32993;;;;;;;;Failed to parse: GGA.. Meters expected in GGA message.
32994;GSA;;;;;;;
32995;GSV;;;;;;;
32996;GSV;;;;;;;
32997;;;;;;;;NMEA message parser not found for GRM.
32998;RMC;12/26/2016 10:59:37 PM;49.2096964833333;16.60021615;;;;
32999;;;;;;;;NMEA message parser not found for RMB.
33000;;;;;;;;Failed to parse: GGA.. Meters expected in GGA message.
33001;GSA;;;;;;;
33002;GSV;;;;;;;
33003;GSV;;;;;;;
33004;;;;;;;;NMEA message parser not found for GRM.
33005;RMC;12/26/2016 10:59:38 PM;49.2097056;16.600212;;;;
33006;;;;;;;;NMEA message parser not found for RMB.
33007;;;;;;;;Failed to parse: GGA.. Meters expected in GGA message.
33008;GSA;;;;;;;
33009;GSV;;;;;;;
33010;GSV;;;;;;;
33011;;;;;;;;NMEA message parser not found for GRM.
33012;RMC;12/26/2016 10:59:39 PM;49.2097147;16.6002078666667;;;;
33013;;;;;;;;NMEA message parser not found for RMB.
33014;;;;;;;;Failed to parse: GGA.. Meters expected in GGA message.
33015;GSA;;;;;;;
33016;GSV;;;;;;;
33017;GSV;;;;;;;
33018;;;;;;;;NMEA message parser not found for GRM.
33019;RMC;12/26/2016 10:59:40 PM;49.2097238166667;16.6002037166667;;;;
33020;;;;;;;;NMEA message parser not found for RMB.
33021;;;;;;;;Failed to parse: GGA.. Meters expected in GGA message.
33022;GSA;;;;;;;
33023;GSV;;;;;;;
33024;GSV;;;;;;;
33025;;;;;;;;NMEA message parser not found for GRM.
33026;RMC;12/26/2016 10:59:41 PM;49.2097329333333;16.6001995833333;;;;
33027;;;;;;;;NMEA message parser not found for RMB.
33028;;;;;;;;Failed to parse: GGA.. Meters expected in GGA message.
33029;GSA;;;;;;;
33030;GSV;;;;;;;
33031;GSV;;;;;;;
33032;;;;;;;;NMEA message parser not found for GRM.
33033;RMC;12/26/2016 10:59:42 PM;49.20974205;16.6001954333333;;;;
33034;;;;;;;;NMEA message parser not found for RMB.
33035;;;;;;;;Failed to parse: GGA.. Meters expected in GGA message.
33036;GSA;;;;;;;
33037;GSV;;;;;;;
33038;GSV;;;;;;;
33039;;;;;;;;NMEA message parser not found for GRM.
33040;RMC;12/26/2016 10:59:43 PM;49.2097511666667;16.6001912833333;;;;
33041;;;;;;;;NMEA message parser not found for RMB.
33042;;;;;;;;Failed to parse: GGA.. Meters expected in GGA message.
33043;GSA;;;;;;;
33044;GSV;;;;;;;
33045;GSV;;;;;;;
33046;;;;;;;;NMEA message parser not found for GRM.
33047;RMC;12/26/2016 10:59:44 PM;49.2097602666667;16.60018715;;;;
33048;;;;;;;;NMEA message parser not found for RMB.
33049;;;;;;;;Failed to parse: GGA.. Meters expected in GGA message.
33050;GSA;;;;;;;
33051;GSV;;;;;;;
33052;GSV;;;;;;;
33053;;;;;;;;NMEA message parser not found for GRM.
33054;RMC;12/26/2016 10:59:45 PM;49.2097693833333;16.600183;;;;
33055;;;;;;;;NMEA message parser not found for RMB.
33056;;;;;;;;Failed to parse: GGA.. Meters expected in GGA message.
33057;GSA;;;;;;;
33058;GSV;;;;;;;
33059;GSV;;;;;;;
33060;;;;;;;;NMEA message parser not found for GRM.
33061;RMC;12/26/2016 10:59:46 PM;49.2097785;16.6001788666667;;;;
33062;;;;;;;;NMEA message parser not found for RMB.
33063;;;;;;;;Failed to parse: GGA.. Meters expected in GGA message.
33064;GSA;;;;;;;
33065;GSV;;;;;;;
33066;GSV;;;;;;;
33067;;;;;;;;NMEA message parser not found for GRM.
33068;RMC;12/26/2016 10:59:47 PM;49.2097876166667;16.6001747166667;;;;
33069;;;;;;;;NMEA message parser not found for RMB.
33070;;;;;;;;Failed to parse: GGA.. Meters expected in GGA message.
33071;GSA;;;;;;;
33072;GSV;;;;;;;
33073;GSV;;;;;;;
33074;;;;;;;;NMEA message parser not found for GRM.
33075;RMC;12/26/2016 10:59:48 PM;49.2097967166667;16.6001705833333;;;;
33076;;;;;;;;NMEA message parser not found for RMB.
33077;;;;;;;;Failed to parse: GGA.. Meters expected in GGA message.
33078;GSA;;;;;;;
33079;GSV;;;;;;;
33080;GSV;;;;;;;
33081;;;;;;;;NMEA message parser not found for GRM.
33082;RMC;12/26/2016 10:59:49 PM;49.209798;16.6001614;;;;
33083;;;;;;;;NMEA message parser not found for RMB.
33084;;;;;;;;Failed to parse: GGA.. Meters expected in GGA message.
33085;GSA;;;;;;;
33086;GSV;;;;;;;
33087;GSV;;;;;;;
33088;;;;;;;;NMEA message parser not found for GRM.
33089;RMC;12/26/2016 10:59:50 PM;49.209798;16.6001513833333;;;;
33090;;;;;;;;NMEA message parser not found for RMB.
33091;;;;;;;;Failed to parse: GGA.. Meters expected in GGA message.
33092;GSA;;;;;;;
33093;GSV;;;;;;;
33094;GSV;;;;;;;
33095;;;;;;;;NMEA message parser not found for GRM.
33096;RMC;12/26/2016 10:59:51 PM;49.209798;16.6001413666667;;;;
33097;;;;;;;;NMEA message parser not found for RMB.
33098;;;;;;;;Failed to parse: GGA.. Meters expected in GGA message.
33099;GSA;;;;;;;
33100;GSV;;;;;;;
33101;GSV;;;;;;;
33102;;;;;;;;NMEA message parser not found for GRM.
33103;RMC;12/26/2016 10:59:52 PM;49.209798;16.6001313666667;;;;
33104;;;;;;;;NMEA message parser not found for RMB.
33105;;;;;;;;Failed to parse: GGA.. Meters expected in GGA message.
33106;GSA;;;;;;;
33107;GSV;;;;;;;
33108;GSV;;;;;;;
33109;;;;;;;;NMEA message parser not found for GRM.
33110;RMC;12/26/2016 10:59:53 PM;49.209798;16.60012135;;;;
33111;;;;;;;;NMEA message parser not found for RMB.
33112;;;;;;;;Failed to parse: GGA.. Meters expected in GGA message.
33113;GSA;;;;;;;
33114;GSV;;;;;;;
33115;GSV;;;;;;;
33116;;;;;;;;NMEA message parser not found for GRM.
33117;RMC;12/26/2016 10:59:54 PM;49.209798;16.60011135;;;;
33118;;;;;;;;NMEA message parser not found for RMB.
33119;;;;;;;;Failed to parse: GGA.. Meters expected in GGA message.
33120;GSA;;;;;;;
33121;GSV;;;;;;;
33122;GSV;;;;;;;
33123;;;;;;;;NMEA message parser not found for GRM.
33124;RMC;12/26/2016 10:59:55 PM;49.209798;16.6001013333333;;;;
33125;;;;;;;;NMEA message parser not found for RMB.
33126;;;;;;;;Failed to parse: GGA.. Meters expected in GGA message.
33127;GSA;;;;;;;
33128;GSV;;;;;;;
33129;GSV;;;;;;;
33130;;;;;;;;NMEA message parser not found for GRM.
33131;RMC;12/26/2016 10:59:56 PM;49.2097971333333;16.6000914333333;;;;
33132;;;;;;;;NMEA message parser not found for RMB.
33133;;;;;;;;Failed to parse: GGA.. Meters expected in GGA message.
33134;GSA;;;;;;;
33135;GSV;;;;;;;
33136;GSV;;;;;;;
33137;;;;;;;;NMEA message parser not found for GRM.
33138;RMC;12/26/2016 10:59:57 PM;49.2097947666667;16.6000817;;;;
33139;;;;;;;;NMEA message parser not found for RMB.
33140;;;;;;;;Failed to parse: GGA.. Meters expected in GGA message.
33141;GSA;;;;;;;
33142;GSV;;;;;;;
33143;GSV;;;;;;;
33144;;;;;;;;NMEA message parser not found for GRM.
33145;RMC;12/26/2016 10:59:58 PM;49.2097924;16.6000719666667;;;;
33146;;;;;;;;NMEA message parser not found for RMB.
33147;;;;;;;;Failed to parse: GGA.. Meters expected in GGA message.
33148;GSA;;;;;;;
33149;GSV;;;;;;;
33150;GSV;;;;;;;
33151;;;;;;;;NMEA message parser not found for GRM.
33152;RMC;12/26/2016 10:59:59 PM;49.20979005;16.60006225;;;;
33153;;;;;;;;NMEA message parser not found for RMB.
33154;;;;;;;;Failed to parse: GGA.. Meters expected in GGA message.
33155;GSA;;;;;;;
33156;GSV;;;;;;;
33157;GSV;;;;;;;
33158;;;;;;;;NMEA message parser not found for GRM.
33159;RMC;12/26/2016 11:00:00 PM;49.2097876833333;16.6000525166667;;;;
33160;;;;;;;;NMEA message parser not found for RMB.
33161;;;;;;;;Failed to parse: GGA.. Meters expected in GGA message.
33162;GSA;;;;;;;
33163;GSV;;;;;;;
33164;GSV;;;;;;;
33165;;;;;;;;NMEA message parser not found for GRM.
33166;RMC;12/26/2016 11:00:01 PM;49.2097853166667;16.6000427833333;;;;
33167;;;;;;;;NMEA message parser not found for RMB.
33168;;;;;;;;Failed to parse: GGA.. Meters expected in GGA message.
33169;GSA;;;;;;;
33170;GSV;;;;;;;
33171;GSV;;;;;;;
33172;;;;;;;;NMEA message parser not found for GRM.
33173;RMC;12/26/2016 11:00:02 PM;49.20978295;16.6000330666667;;;;
33174;;;;;;;;NMEA message parser not found for RMB.
33175;;;;;;;;Failed to parse: GGA.. Meters expected in GGA message.
33176;GSA;;;;;;;
33177;GSV;;;;;;;
33178;GSV;;;;;;;
33179;;;;;;;;NMEA message parser not found for GRM.
33180;RMC;12/26/2016 11:00:03 PM;49.2097806;16.6000233333333;;;;
33181;;;;;;;;NMEA message parser not found for RMB.
33182;;;;;;;;Failed to parse: GGA.. Meters expected in GGA message.
33183;GSA;;;;;;;
33184;GSV;;;;;;;
33185;GSV;;;;;;;
33186;;;;;;;;NMEA message parser not found for GRM.
33187;RMC;12/26/2016 11:00:04 PM;49.2097782333333;16.6000136166667;;;;
33188;;;;;;;;NMEA message parser not found for RMB.
33189;;;;;;;;Failed to parse: GGA.. Meters expected in GGA message.
33190;GSA;;;;;;;
33191;GSV;;;;;;;
33192;GSV;;;;;;;
33193;;;;;;;;NMEA message parser not found for GRM.
33194;RMC;12/26/2016 11:00:05 PM;49.2097758666667;16.6000038833333;;;;
33195;;;;;;;;NMEA message parser not found for RMB.
33196;;;;;;;;Failed to parse: GGA.. Meters expected in GGA message.
33197;GSA;;;;;;;
33198;GSV;;;;;;;
33199;GSV;;;;;;;
33200;;;;;;;;NMEA message parser not found for GRM.
33201;RMC;12/26/2016 11:00:06 PM;49.2097735;16.59999415;;;;
33202;;;;;;;;NMEA message parser not found for RMB.
33203;;;;;;;;Failed to parse: GGA.. Meters expected in GGA message.
33204;GSA;;;;;;;
33205;GSV;;;;;;;
33206;GSV;;;;;;;
33207;;;;;;;;NMEA message parser not found for GRM.
33208;RMC;12/26/2016 11:00:07 PM;49.2097711333333;16.5999844333333;;;;
33209;;;;;;;;NMEA message parser not found for RMB.
33210;;;;;;;;Failed to parse: GGA.. Meters expected in GGA message.
33211;GSA;;;;;;;
33212;GSV;;;;;;;
33213;GSV;;;;;;;
33214;;;;;;;;NMEA message parser not found for GRM.
33215;RMC;12/26/2016 11:00:08 PM;49.2097687833333;16.5999747;;;;
33216;;;;;;;;NMEA message parser not found for RMB.
33217;;;;;;;;Failed to parse: GGA.. Meters expected in GGA message.
33218;GSA;;;;;;;
33219;GSV;;;;;;;
33220;GSV;;;;;;;
33221;;;;;;;;NMEA message parser not found for GRM.
33222;RMC;12/26/2016 11:00:09 PM;49.2097664166667;16.5999649666667;;;;
33223;;;;;;;;NMEA message parser not found for RMB.
33224;;;;;;;;Failed to parse: GGA.. Meters expected in GGA message.
33225;GSA;;;;;;;
33226;GSV;;;;;;;
33227;GSV;;;;;;;
33228;;;;;;;;NMEA message parser not found for GRM.
33229;RMC;12/26/2016 11:00:10 PM;49.20976405;16.59995525;;;;
33230;;;;;;;;NMEA message parser not found for RMB.
33231;;;;;;;;Failed to parse: GGA.. Meters expected in GGA message.
33232;GSA;;;;;;;
33233;GSV;;;;;;;
33234;GSV;;;;;;;
33235;;;;;;;;NMEA message parser not found for GRM.
33236;RMC;12/26/2016 11:00:11 PM;49.2097616833333;16.5999455166667;;;;
33237;;;;;;;;NMEA message parser not found for RMB.
33238;;;;;;;;Failed to parse: GGA.. Meters expected in GGA message.
33239;GSA;;;;;;;
33240;GSV;;;;;;;
33241;GSV;;;;;;;
33242;;;;;;;;NMEA message parser not found for GRM.
33243;RMC;12/26/2016 11:00:12 PM;49.2097593333333;16.5999358;;;;
33244;;;;;;;;NMEA message parser not found for RMB.
33245;;;;;;;;Failed to parse: GGA.. Meters expected in GGA message.
33246;GSA;;;;;;;
33247;GSV;;;;;;;
33248;GSV;;;;;;;
33249;;;;;;;;NMEA message parser not found for GRM.
33250;RMC;12/26/2016 11:00:13 PM;49.2097569666667;16.5999260666667;;;;
33251;;;;;;;;NMEA message parser not found for RMB.
33252;;;;;;;;Failed to parse: GGA.. Meters expected in GGA message.
33253;GSA;;;;;;;
33254;GSV;;;;;;;
33255;GSV;;;;;;;
33256;;;;;;;;NMEA message parser not found for GRM.
33257;RMC;12/26/2016 11:00:14 PM;49.2097546;16.5999163333333;;;;
33258;;;;;;;;NMEA message parser not found for RMB.
33259;;;;;;;;Failed to parse: GGA.. Meters expected in GGA message.
33260;GSA;;;;;;;
33261;GSV;;;;;;;
33262;GSV;;;;;;;
33263;;;;;;;;NMEA message parser not found for GRM.
33264;RMC;12/26/2016 11:00:15 PM;49.2097522333333;16.5999066166667;;;;
33265;;;;;;;;NMEA message parser not found for RMB.
33266;;;;;;;;Failed to parse: GGA.. Meters expected in GGA message.
33267;GSA;;;;;;;
33268;GSV;;;;;;;
33269;GSV;;;;;;;
33270;;;;;;;;NMEA message parser not found for GRM.
33271;RMC;12/26/2016 11:00:16 PM;49.2097498666667;16.5998968833333;;;;
33272;;;;;;;;NMEA message parser not found for RMB.
33273;;;;;;;;Failed to parse: GGA.. Meters expected in GGA message.
33274;GSA;;;;;;;
33275;GSV;;;;;;;
33276;GSV;;;;;;;
33277;;;;;;;;NMEA message parser not found for GRM.
33278;RMC;12/26/2016 11:00:17 PM;49.2097475166667;16.59988715;;;;
33279;;;;;;;;NMEA message parser not found for RMB.
33280;;;;;;;;Failed to parse: GGA.. Meters expected in GGA message.
33281;GSA;;;;;;;
33282;GSV;;;;;;;
33283;GSV;;;;;;;
33284;;;;;;;;NMEA message parser not found for GRM.
33285;RMC;12/26/2016 11:00:18 PM;49.20974515;16.5998774333333;;;;
33286;;;;;;;;NMEA message parser not found for RMB.
33287;;;;;;;;Failed to parse: GGA.. Meters expected in GGA message.
33288;GSA;;;;;;;
33289;GSV;;;;;;;
33290;GSV;;;;;;;
33291;;;;;;;;NMEA message parser not found for GRM.
33292;RMC;12/26/2016 11:00:19 PM;49.2097427833333;16.5998677;;;;
33293;;;;;;;;NMEA message parser not found for RMB.
33294;;;;;;;;Failed to parse: GGA.. Meters expected in GGA message.
33295;GSA;;;;;;;
33296;GSV;;;;;;;
33297;GSV;;;;;;;
33298;;;;;;;;NMEA message parser not found for GRM.
33299;RMC;12/26/2016 11:00:20 PM;49.2097404166667;16.5998579833333;;;;
33300;;;;;;;;NMEA message parser not found for RMB.
33301;;;;;;;;Failed to parse: GGA.. Meters expected in GGA message.
33302;GSA;;;;;;;
33303;GSV;;;;;;;
33304;GSV;;;;;;;
33305;;;;;;;;NMEA message parser not found for GRM.
33306;RMC;12/26/2016 11:00:21 PM;49.2097380666667;16.59984825;;;;
33307;;;;;;;;NMEA message parser not found for RMB.
33308;;;;;;;;Failed to parse: GGA.. Meters expected in GGA message.
33309;GSA;;;;;;;
33310;GSV;;;;;;;
33311;GSV;;;;;;;
33312;;;;;;;;NMEA message parser not found for GRM.
33313;RMC;12/26/2016 11:00:22 PM;49.2097354666667;16.5998385833333;;;;
33314;;;;;;;;NMEA message parser not found for RMB.
33315;;;;;;;;Failed to parse: GGA.. Meters expected in GGA message.
33316;GSA;;;;;;;
33317;GSV;;;;;;;
33318;GSV;;;;;;;
33319;;;;;;;;NMEA message parser not found for GRM.
33320;RMC;12/26/2016 11:00:23 PM;49.2097328666667;16.5998289166667;;;;
33321;;;;;;;;NMEA message parser not found for RMB.
33322;;;;;;;;Failed to parse: GGA.. Meters expected in GGA message.
33323;GSA;;;;;;;
33324;GSV;;;;;;;
33325;GSV;;;;;;;
33326;;;;;;;;NMEA message parser not found for GRM.
33327;RMC;12/26/2016 11:00:24 PM;49.2097302666667;16.59981925;;;;
33328;;;;;;;;NMEA message parser not found for RMB.
33329;;;;;;;;Failed to parse: GGA.. Meters expected in GGA message.
33330;GSA;;;;;;;
33331;GSV;;;;;;;
33332;GSV;;;;;;;
33333;;;;;;;;NMEA message parser not found for GRM.
33334;RMC;12/26/2016 11:00:25 PM;49.20972765;16.5998095833333;;;;
33335;;;;;;;;NMEA message parser not found for RMB.
33336;;;;;;;;Failed to parse: GGA.. Meters expected in GGA message.
33337;GSA;;;;;;;
33338;GSV;;;;;;;
33339;GSV;;;;;;;
33340;;;;;;;;NMEA message parser not found for GRM.
33341;RMC;12/26/2016 11:00:26 PM;49.20972505;16.5997999166667;;;;
33342;;;;;;;;NMEA message parser not found for RMB.
33343;;;;;;;;Failed to parse: GGA.. Meters expected in GGA message.
33344;GSA;;;;;;;
33345;GSV;;;;;;;
33346;GSV;;;;;;;
33347;;;;;;;;NMEA message parser not found for GRM.
33348;RMC;12/26/2016 11:00:27 PM;49.20972245;16.59979025;;;;
33349;;;;;;;;NMEA message parser not found for RMB.
33350;;;;;;;;Failed to parse: GGA.. Meters expected in GGA message.
33351;GSA;;;;;;;
33352;GSV;;;;;;;
33353;GSV;;;;;;;
33354;;;;;;;;NMEA message parser not found for GRM.
33355;RMC;12/26/2016 11:00:28 PM;49.20971985;16.5997805833333;;;;
33356;;;;;;;;NMEA message parser not found for RMB.
33357;;;;;;;;Failed to parse: GGA.. Meters expected in GGA message.
33358;GSA;;;;;;;
33359;GSV;;;;;;;
33360;GSV;;;;;;;
33361;;;;;;;;NMEA message parser not found for GRM.
33362;RMC;12/26/2016 11:00:29 PM;49.20971725;16.5997709166667;;;;
33363;;;;;;;;NMEA message parser not found for RMB.
33364;;;;;;;;Failed to parse: GGA.. Meters expected in GGA message.
33365;GSA;;;;;;;
33366;GSV;;;;;;;
33367;GSV;;;;;;;
33368;;;;;;;;NMEA message parser not found for GRM.
33369;RMC;12/26/2016 11:00:30 PM;49.20971465;16.59976125;;;;
33370;;;;;;;;NMEA message parser not found for RMB.
33371;;;;;;;;Failed to parse: GGA.. Meters expected in GGA message.
33372;GSA;;;;;;;
33373;GSV;;;;;;;
33374;GSV;;;;;;;
33375;;;;;;;;NMEA message parser not found for GRM.
33376;RMC;12/26/2016 11:00:31 PM;49.20971205;16.5997515833333;;;;
33377;;;;;;;;NMEA message parser not found for RMB.
33378;;;;;;;;Failed to parse: GGA.. Meters expected in GGA message.
33379;GSA;;;;;;;
33380;GSV;;;;;;;
33381;GSV;;;;;;;
33382;;;;;;;;NMEA message parser not found for GRM.
33383;RMC;12/26/2016 11:00:32 PM;49.2097094333333;16.5997419166667;;;;
33384;;;;;;;;NMEA message parser not found for RMB.
33385;;;;;;;;Failed to parse: GGA.. Meters expected in GGA message.
33386;GSA;;;;;;;
33387;GSV;;;;;;;
33388;GSV;;;;;;;
33389;;;;;;;;NMEA message parser not found for GRM.
33390;RMC;12/26/2016 11:00:33 PM;49.2097068333333;16.59973225;;;;
33391;;;;;;;;NMEA message parser not found for RMB.
33392;;;;;;;;Failed to parse: GGA.. Meters expected in GGA message.
33393;GSA;;;;;;;
33394;GSV;;;;;;;
33395;GSV;;;;;;;
33396;;;;;;;;NMEA message parser not found for GRM.
33397;RMC;12/26/2016 11:00:34 PM;49.2097042333333;16.5997225833333;;;;
33398;;;;;;;;NMEA message parser not found for RMB.
33399;;;;;;;;Failed to parse: GGA.. Meters expected in GGA message.
33400;GSA;;;;;;;
33401;GSV;;;;;;;
33402;GSV;;;;;;;
33403;;;;;;;;NMEA message parser not found for GRM.
33404;RMC;12/26/2016 11:00:35 PM;49.2097016333333;16.5997129333333;;;;
33405;;;;;;;;NMEA message parser not found for RMB.
33406;;;;;;;;Failed to parse: GGA.. Meters expected in GGA message.
33407;GSA;;;;;;;
33408;GSV;;;;;;;
33409;GSV;;;;;;;
33410;;;;;;;;NMEA message parser not found for GRM.
33411;RMC;12/26/2016 11:00:36 PM;49.2096990333333;16.5997032666667;;;;
33412;;;;;;;;NMEA message parser not found for RMB.
33413;;;;;;;;Failed to parse: GGA.. Meters expected in GGA message.
33414;GSA;;;;;;;
33415;GSV;;;;;;;
33416;GSV;;;;;;;
33417;;;;;;;;NMEA message parser not found for GRM.
33418;RMC;12/26/2016 11:00:37 PM;49.2096964333333;16.5996936;;;;
33419;;;;;;;;NMEA message parser not found for RMB.
33420;;;;;;;;Failed to parse: GGA.. Meters expected in GGA message.
33421;GSA;;;;;;;
33422;GSV;;;;;;;
33423;GSV;;;;;;;
33424;;;;;;;;NMEA message parser not found for GRM.
33425;RMC;12/26/2016 11:00:38 PM;49.2096938333333;16.5996839333333;;;;
33426;;;;;;;;NMEA message parser not found for RMB.
33427;;;;;;;;Failed to parse: GGA.. Meters expected in GGA message.
33428;GSA;;;;;;;
33429;GSV;;;;;;;
33430;GSV;;;;;;;
33431;;;;;;;;NMEA message parser not found for GRM.
33432;RMC;12/26/2016 11:00:39 PM;49.2096912166667;16.5996742666667;;;;
33433;;;;;;;;NMEA message parser not found for RMB.
33434;;;;;;;;Failed to parse: GGA.. Meters expected in GGA message.
33435;GSA;;;;;;;
33436;GSV;;;;;;;
33437;GSV;;;;;;;
33438;;;;;;;;NMEA message parser not found for GRM.
33439;RMC;12/26/2016 11:00:40 PM;49.2096886166667;16.5996646;;;;
33440;;;;;;;;NMEA message parser not found for RMB.
33441;;;;;;;;Failed to parse: GGA.. Meters expected in GGA message.
33442;GSA;;;;;;;
33443;GSV;;;;;;;
33444;GSV;;;;;;;
33445;;;;;;;;NMEA message parser not found for GRM.
33446;RMC;12/26/2016 11:00:41 PM;49.2096860166667;16.5996549333333;;;;
33447;;;;;;;;NMEA message parser not found for RMB.
33448;;;;;;;;Failed to parse: GGA.. Meters expected in GGA message.
33449;GSA;;;;;;;
33450;GSV;;;;;;;
33451;GSV;;;;;;;
33452;;;;;;;;NMEA message parser not found for GRM.
33453;RMC;12/26/2016 11:00:42 PM;49.2096834166667;16.5996452666667;;;;
33454;;;;;;;;NMEA message parser not found for RMB.
33455;;;;;;;;Failed to parse: GGA.. Meters expected in GGA message.
33456;GSA;;;;;;;
33457;GSV;;;;;;;
33458;GSV;;;;;;;
33459;;;;;;;;NMEA message parser not found for GRM.
33460;RMC;12/26/2016 11:00:43 PM;49.2096808166667;16.5996356;;;;
33461;;;;;;;;NMEA message parser not found for RMB.
33462;;;;;;;;Failed to parse: GGA.. Meters expected in GGA message.
33463;GSA;;;;;;;
33464;GSV;;;;;;;
33465;GSV;;;;;;;
33466;;;;;;;;NMEA message parser not found for GRM.
33467;RMC;12/26/2016 11:00:44 PM;49.2096782166667;16.5996259333333;;;;
33468;;;;;;;;NMEA message parser not found for RMB.
33469;;;;;;;;Failed to parse: GGA.. Meters expected in GGA message.
33470;GSA;;;;;;;
33471;GSV;;;;;;;
33472;GSV;;;;;;;
33473;;;;;;;;NMEA message parser not found for GRM.
33474;RMC;12/26/2016 11:00:45 PM;49.2096756166667;16.5996162666667;;;;
33475;;;;;;;;NMEA message parser not found for RMB.
33476;;;;;;;;Failed to parse: GGA.. Meters expected in GGA message.
33477;GSA;;;;;;;
33478;GSV;;;;;;;
33479;GSV;;;;;;;
33480;;;;;;;;NMEA message parser not found for GRM.
33481;RMC;12/26/2016 11:00:46 PM;49.209673;16.5996066;;;;
33482;;;;;;;;NMEA message parser not found for RMB.
33483;;;;;;;;Failed to parse: GGA.. Meters expected in GGA message.
33484;GSA;;;;;;;
33485;GSV;;;;;;;
33486;GSV;;;;;;;
33487;;;;;;;;NMEA message parser not found for GRM.
33488;RMC;12/26/2016 11:00:47 PM;49.2096704;16.5995969333333;;;;
33489;;;;;;;;NMEA message parser not found for RMB.
33490;;;;;;;;Failed to parse: GGA.. Meters expected in GGA message.
33491;GSA;;;;;;;
33492;GSV;;;;;;;
33493;GSV;;;;;;;
33494;;;;;;;;NMEA message parser not found for GRM.
33495;RMC;12/26/2016 11:00:48 PM;49.2096678;16.5995872666667;;;;
33496;;;;;;;;NMEA message parser not found for RMB.
33497;;;;;;;;Failed to parse: GGA.. Meters expected in GGA message.
33498;GSA;;;;;;;
33499;GSV;;;;;;;
33500;GSV;;;;;;;
33501;;;;;;;;NMEA message parser not found for GRM.
33502;RMC;12/26/2016 11:00:49 PM;49.2096652;16.5995776;;;;
33503;;;;;;;;NMEA message parser not found for RMB.
33504;;;;;;;;Failed to parse: GGA.. Meters expected in GGA message.
33505;GSA;;;;;;;
33506;GSV;;;;;;;
33507;GSV;;;;;;;
33508;;;;;;;;NMEA message parser not found for GRM.
33509;RMC;12/26/2016 11:00:50 PM;49.2096626;16.5995679333333;;;;
33510;;;;;;;;NMEA message parser not found for RMB.
33511;;;;;;;;Failed to parse: GGA.. Meters expected in GGA message.
33512;GSA;;;;;;;
33513;GSV;;;;;;;
33514;GSV;;;;;;;
33515;;;;;;;;NMEA message parser not found for GRM.
33516;RMC;12/26/2016 11:00:51 PM;49.20966;16.5995582666667;;;;
33517;;;;;;;;NMEA message parser not found for RMB.
33518;;;;;;;;Failed to parse: GGA.. Meters expected in GGA message.
33519;GSA;;;;;;;
33520;GSV;;;;;;;
33521;GSV;;;;;;;
33522;;;;;;;;NMEA message parser not found for GRM.
33523;RMC;12/26/2016 11:00:52 PM;49.2096574;16.5995486;;;;
33524;;;;;;;;NMEA message parser not found for RMB.
33525;;;;;;;;Failed to parse: GGA.. Meters expected in GGA message.
33526;GSA;;;;;;;
33527;GSV;;;;;;;
33528;GSV;;;;;;;
33529;;;;;;;;NMEA message parser not found for GRM.
33530;RMC;12/26/2016 11:00:53 PM;49.2096548;16.5995389333333;;;;
33531;;;;;;;;NMEA message parser not found for RMB.
33532;;;;;;;;Failed to parse: GGA.. Meters expected in GGA message.
33533;GSA;;;;;;;
33534;GSV;;;;;;;
33535;GSV;;;;;;;
33536;;;;;;;;NMEA message parser not found for GRM.
33537;RMC;12/26/2016 11:00:54 PM;49.2096521833333;16.5995292666667;;;;
33538;;;;;;;;NMEA message parser not found for RMB.
33539;;;;;;;;Failed to parse: GGA.. Meters expected in GGA message.
33540;GSA;;;;;;;
33541;GSV;;;;;;;
33542;GSV;;;;;;;
33543;;;;;;;;NMEA message parser not found for GRM.
33544;RMC;12/26/2016 11:00:55 PM;49.2096495833333;16.5995196166667;;;;
33545;;;;;;;;NMEA message parser not found for RMB.
33546;;;;;;;;Failed to parse: GGA.. Meters expected in GGA message.
33547;GSA;;;;;;;
33548;GSV;;;;;;;
33549;GSV;;;;;;;
33550;;;;;;;;NMEA message parser not found for GRM.
33551;RMC;12/26/2016 11:00:56 PM;49.2096469833333;16.59950995;;;;
33552;;;;;;;;NMEA message parser not found for RMB.
33553;;;;;;;;Failed to parse: GGA.. Meters expected in GGA message.
33554;GSA;;;;;;;
33555;GSV;;;;;;;
33556;GSV;;;;;;;
33557;;;;;;;;NMEA message parser not found for GRM.
33558;RMC;12/26/2016 11:00:57 PM;49.2096442166667;16.5995003333333;;;;
33559;;;;;;;;NMEA message parser not found for RMB.
33560;;;;;;;;Failed to parse: GGA.. Meters expected in GGA message.
33561;GSA;;;;;;;
33562;GSV;;;;;;;
33563;GSV;;;;;;;
33564;;;;;;;;NMEA message parser not found for GRM.
33565;RMC;12/26/2016 11:00:58 PM;49.2096414333333;16.5994907;;;;
33566;;;;;;;;NMEA message parser not found for RMB.
33567;;;;;;;;Failed to parse: GGA.. Meters expected in GGA message.
33568;GSA;;;;;;;
33569;GSV;;;;;;;
33570;GSV;;;;;;;
33571;;;;;;;;NMEA message parser not found for GRM.
33572;RMC;12/26/2016 11:00:59 PM;49.20963865;16.5994810833333;;;;
33573;;;;;;;;NMEA message parser not found for RMB.
33574;;;;;;;;Failed to parse: GGA.. Meters expected in GGA message.
33575;GSA;;;;;;;
33576;GSV;;;;;;;
33577;GSV;;;;;;;
33578;;;;;;;;NMEA message parser not found for GRM.
33579;RMC;12/26/2016 11:01:00 PM;49.2096358833333;16.5994714666667;;;;
33580;;;;;;;;NMEA message parser not found for RMB.
33581;;;;;;;;Failed to parse: GGA.. Meters expected in GGA message.
33582;GSA;;;;;;;
33583;GSV;;;;;;;
33584;GSV;;;;;;;
33585;;;;;;;;NMEA message parser not found for GRM.
33586;RMC;12/26/2016 11:01:01 PM;49.2096331;16.59946185;;;;
33587;;;;;;;;NMEA message parser not found for RMB.
33588;;;;;;;;Failed to parse: GGA.. Meters expected in GGA message.
33589;GSA;;;;;;;
33590;GSV;;;;;;;
33591;GSV;;;;;;;
33592;;;;;;;;NMEA message parser not found for GRM.
33593;RMC;12/26/2016 11:01:02 PM;49.2096303333333;16.5994522333333;;;;
33594;;;;;;;;NMEA message parser not found for RMB.
33595;;;;;;;;Failed to parse: GGA.. Meters expected in GGA message.
33596;GSA;;;;;;;
33597;GSV;;;;;;;
33598;GSV;;;;;;;
33599;;;;;;;;NMEA message parser not found for GRM.
33600;RMC;12/26/2016 11:01:03 PM;49.20962755;16.5994426166667;;;;
33601;;;;;;;;NMEA message parser not found for RMB.
33602;;;;;;;;Failed to parse: GGA.. Meters expected in GGA message.
33603;GSA;;;;;;;
33604;GSV;;;;;;;
33605;GSV;;;;;;;
33606;;;;;;;;NMEA message parser not found for GRM.
33607;RMC;12/26/2016 11:01:04 PM;49.2096247833333;16.599433;;;;
33608;;;;;;;;NMEA message parser not found for RMB.
33609;;;;;;;;Failed to parse: GGA.. Meters expected in GGA message.
33610;GSA;;;;;;;
33611;GSV;;;;;;;
33612;GSV;;;;;;;
33613;;;;;;;;NMEA message parser not found for GRM.
33614;RMC;12/26/2016 11:01:05 PM;49.209622;16.5994233833333;;;;
33615;;;;;;;;NMEA message parser not found for RMB.
33616;;;;;;;;Failed to parse: GGA.. Meters expected in GGA message.
33617;GSA;;;;;;;
33618;GSV;;;;;;;
33619;GSV;;;;;;;
33620;;;;;;;;NMEA message parser not found for GRM.
33621;RMC;12/26/2016 11:01:06 PM;49.2096192333333;16.5994137666667;;;;
33622;;;;;;;;NMEA message parser not found for RMB.
33623;;;;;;;;Failed to parse: GGA.. Meters expected in GGA message.
33624;GSA;;;;;;;
33625;GSV;;;;;;;
33626;GSV;;;;;;;
33627;;;;;;;;NMEA message parser not found for GRM.
33628;RMC;12/26/2016 11:01:07 PM;49.20961645;16.59940415;;;;
33629;;;;;;;;NMEA message parser not found for RMB.
33630;;;;;;;;Failed to parse: GGA.. Meters expected in GGA message.
33631;GSA;;;;;;;
33632;GSV;;;;;;;
33633;GSV;;;;;;;
33634;;;;;;;;NMEA message parser not found for GRM.
33635;RMC;12/26/2016 11:01:08 PM;49.2096136833333;16.5993945333333;;;;
33636;;;;;;;;NMEA message parser not found for RMB.
33637;;;;;;;;Failed to parse: GGA.. Meters expected in GGA message.
33638;GSA;;;;;;;
33639;GSV;;;;;;;
33640;GSV;;;;;;;
33641;;;;;;;;NMEA message parser not found for GRM.
33642;RMC;12/26/2016 11:01:09 PM;49.2096109;16.5993849166667;;;;
33643;;;;;;;;NMEA message parser not found for RMB.
33644;;;;;;;;Failed to parse: GGA.. Meters expected in GGA message.
33645;GSA;;;;;;;
33646;GSV;;;;;;;
33647;GSV;;;;;;;
33648;;;;;;;;NMEA message parser not found for GRM.
33649;RMC;12/26/2016 11:01:10 PM;49.2096081333333;16.5993753;;;;
33650;;;;;;;;NMEA message parser not found for RMB.
33651;;;;;;;;Failed to parse: GGA.. Meters expected in GGA message.
33652;GSA;;;;;;;
33653;GSV;;;;;;;
33654;GSV;;;;;;;
33655;;;;;;;;NMEA message parser not found for GRM.
33656;RMC;12/26/2016 11:01:11 PM;49.20960535;16.5993656833333;;;;
33657;;;;;;;;NMEA message parser not found for RMB.
33658;;;;;;;;Failed to parse: GGA.. Meters expected in GGA message.
33659;GSA;;;;;;;
33660;GSV;;;;;;;
33661;GSV;;;;;;;
33662;;;;;;;;NMEA message parser not found for GRM.
33663;RMC;12/26/2016 11:01:12 PM;49.2096025833333;16.5993560666667;;;;
33664;;;;;;;;NMEA message parser not found for RMB.
33665;;;;;;;;Failed to parse: GGA.. Meters expected in GGA message.
33666;GSA;;;;;;;
33667;GSV;;;;;;;
33668;GSV;;;;;;;
33669;;;;;;;;NMEA message parser not found for GRM.
33670;RMC;12/26/2016 11:01:13 PM;49.2095998;16.59934645;;;;
33671;;;;;;;;NMEA message parser not found for RMB.
33672;;;;;;;;Failed to parse: GGA.. Meters expected in GGA message.
33673;GSA;;;;;;;
33674;GSV;;;;;;;
33675;GSV;;;;;;;
33676;;;;;;;;NMEA message parser not found for GRM.
33677;RMC;12/26/2016 11:01:14 PM;49.2095970333333;16.5993368333333;;;;
33678;;;;;;;;NMEA message parser not found for RMB.
33679;;;;;;;;Failed to parse: GGA.. Meters expected in GGA message.
33680;GSA;;;;;;;
33681;GSV;;;;;;;
33682;GSV;;;;;;;
33683;;;;;;;;NMEA message parser not found for GRM.
33684;RMC;12/26/2016 11:01:15 PM;49.20959425;16.5993272166667;;;;
33685;;;;;;;;NMEA message parser not found for RMB.
33686;;;;;;;;Failed to parse: GGA.. Meters expected in GGA message.
33687;GSA;;;;;;;
33688;GSV;;;;;;;
33689;GSV;;;;;;;
33690;;;;;;;;NMEA message parser not found for GRM.
33691;RMC;12/26/2016 11:01:16 PM;49.2095914833333;16.5993175833333;;;;
33692;;;;;;;;NMEA message parser not found for RMB.
33693;;;;;;;;Failed to parse: GGA.. Meters expected in GGA message.
33694;GSA;;;;;;;
33695;GSV;;;;;;;
33696;GSV;;;;;;;
33697;;;;;;;;NMEA message parser not found for GRM.
33698;RMC;12/26/2016 11:01:17 PM;49.2095887;16.5993079666667;;;;
33699;;;;;;;;NMEA message parser not found for RMB.
33700;;;;;;;;Failed to parse: GGA.. Meters expected in GGA message.
33701;GSA;;;;;;;
33702;GSV;;;;;;;
33703;GSV;;;;;;;
33704;;;;;;;;NMEA message parser not found for GRM.
33705;RMC;12/26/2016 11:01:18 PM;49.2095859333333;16.59929835;;;;
33706;;;;;;;;NMEA message parser not found for RMB.
33707;;;;;;;;Failed to parse: GGA.. Meters expected in GGA message.
33708;GSA;;;;;;;
33709;GSV;;;;;;;
33710;GSV;;;;;;;
33711;;;;;;;;NMEA message parser not found for GRM.
33712;RMC;12/26/2016 11:01:19 PM;49.20958315;16.5992887333333;;;;
33713;;;;;;;;NMEA message parser not found for RMB.
33714;;;;;;;;Failed to parse: GGA.. Meters expected in GGA message.
33715;GSA;;;;;;;
33716;GSV;;;;;;;
33717;GSV;;;;;;;
33718;;;;;;;;NMEA message parser not found for GRM.
33719;RMC;12/26/2016 11:01:20 PM;49.2095803833333;16.5992791166667;;;;
33720;;;;;;;;NMEA message parser not found for RMB.
33721;;;;;;;;Failed to parse: GGA.. Meters expected in GGA message.
33722;GSA;;;;;;;
33723;GSV;;;;;;;
33724;GSV;;;;;;;
33725;;;;;;;;NMEA message parser not found for GRM.
33726;RMC;12/26/2016 11:01:21 PM;49.2095776;16.5992695;;;;
33727;;;;;;;;NMEA message parser not found for RMB.
33728;;;;;;;;Failed to parse: GGA.. Meters expected in GGA message.
33729;GSA;;;;;;;
33730;GSV;;;;;;;
33731;GSV;;;;;;;
33732;;;;;;;;NMEA message parser not found for GRM.
33733;RMC;12/26/2016 11:01:22 PM;49.2095748333333;16.5992598833333;;;;
33734;;;;;;;;NMEA message parser not found for RMB.
33735;;;;;;;;Failed to parse: GGA.. Meters expected in GGA message.
33736;GSA;;;;;;;
33737;GSV;;;;;;;
33738;GSV;;;;;;;
33739;;;;;;;;NMEA message parser not found for GRM.
33740;RMC;12/26/2016 11:01:23 PM;49.20957205;16.5992502666667;;;;
33741;;;;;;;;NMEA message parser not found for RMB.
33742;;;;;;;;Failed to parse: GGA.. Meters expected in GGA message.
33743;GSA;;;;;;;
33744;GSV;;;;;;;
33745;GSV;;;;;;;
33746;;;;;;;;NMEA message parser not found for GRM.
33747;RMC;12/26/2016 11:01:24 PM;49.2095692833333;16.59924065;;;;
33748;;;;;;;;NMEA message parser not found for RMB.
33749;;;;;;;;Failed to parse: GGA.. Meters expected in GGA message.
33750;GSA;;;;;;;
33751;GSV;;;;;;;
33752;GSV;;;;;;;
33753;;;;;;;;NMEA message parser not found for GRM.
33754;RMC;12/26/2016 11:01:25 PM;49.2095665;16.5992310333333;;;;
33755;;;;;;;;NMEA message parser not found for RMB.
33756;;;;;;;;Failed to parse: GGA.. Meters expected in GGA message.
33757;GSA;;;;;;;
33758;GSV;;;;;;;
33759;GSV;;;;;;;
33760;;;;;;;;NMEA message parser not found for GRM.
33761;RMC;12/26/2016 11:01:26 PM;49.2095637333333;16.5992214166667;;;;
33762;;;;;;;;NMEA message parser not found for RMB.
33763;;;;;;;;Failed to parse: GGA.. Meters expected in GGA message.
33764;GSA;;;;;;;
33765;GSV;;;;;;;
33766;GSV;;;;;;;
33767;;;;;;;;NMEA message parser not found for GRM.
33768;RMC;12/26/2016 11:01:27 PM;49.20956095;16.5992118;;;;
33769;;;;;;;;NMEA message parser not found for RMB.
33770;;;;;;;;Failed to parse: GGA.. Meters expected in GGA message.
33771;GSA;;;;;;;
33772;GSV;;;;;;;
33773;GSV;;;;;;;
33774;;;;;;;;NMEA message parser not found for GRM.
33775;RMC;12/26/2016 11:01:28 PM;49.2095581833333;16.5992021833333;;;;
33776;;;;;;;;NMEA message parser not found for RMB.
33777;;;;;;;;Failed to parse: GGA.. Meters expected in GGA message.
33778;GSA;;;;;;;
33779;GSV;;;;;;;
33780;GSV;;;;;;;
33781;;;;;;;;NMEA message parser not found for GRM.
33782;RMC;12/26/2016 11:01:29 PM;49.2095554;16.5991925666667;;;;
33783;;;;;;;;NMEA message parser not found for RMB.
33784;;;;;;;;Failed to parse: GGA.. Meters expected in GGA message.
33785;GSA;;;;;;;
33786;GSV;;;;;;;
33787;GSV;;;;;;;
33788;;;;;;;;NMEA message parser not found for GRM.
33789;RMC;12/26/2016 11:01:30 PM;49.2095526333333;16.59918295;;;;
33790;;;;;;;;NMEA message parser not found for RMB.
33791;;;;;;;;Failed to parse: GGA.. Meters expected in GGA message.
33792;GSA;;;;;;;
33793;GSV;;;;;;;
33794;GSV;;;;;;;
33795;;;;;;;;NMEA message parser not found for GRM.
33796;RMC;12/26/2016 11:01:31 PM;49.20954985;16.5991733333333;;;;
33797;;;;;;;;NMEA message parser not found for RMB.
33798;;;;;;;;Failed to parse: GGA.. Meters expected in GGA message.
33799;GSA;;;;;;;
33800;GSV;;;;;;;
33801;GSV;;;;;;;
33802;;;;;;;;NMEA message parser not found for GRM.
33803;RMC;12/26/2016 11:01:32 PM;49.2095470833333;16.5991637166667;;;;
33804;;;;;;;;NMEA message parser not found for RMB.
33805;;;;;;;;Failed to parse: GGA.. Meters expected in GGA message.
33806;GSA;;;;;;;
33807;GSV;;;;;;;
33808;GSV;;;;;;;
33809;;;;;;;;NMEA message parser not found for GRM.
33810;RMC;12/26/2016 11:01:33 PM;49.2095443;16.5991541;;;;
33811;;;;;;;;NMEA message parser not found for RMB.
33812;;;;;;;;Failed to parse: GGA.. Meters expected in GGA message.
33813;GSA;;;;;;;
33814;GSV;;;;;;;
33815;GSV;;;;;;;
33816;;;;;;;;NMEA message parser not found for GRM.
33817;RMC;12/26/2016 11:01:34 PM;49.2095415166667;16.5991444666667;;;;
33818;;;;;;;;NMEA message parser not found for RMB.
33819;;;;;;;;Failed to parse: GGA.. Meters expected in GGA message.
33820;GSA;;;;;;;
33821;GSV;;;;;;;
33822;GSV;;;;;;;
33823;;;;;;;;NMEA message parser not found for GRM.
33824;RMC;12/26/2016 11:01:35 PM;49.20953875;16.59913485;;;;
33825;;;;;;;;NMEA message parser not found for RMB.
33826;;;;;;;;Failed to parse: GGA.. Meters expected in GGA message.
33827;GSA;;;;;;;
33828;GSV;;;;;;;
33829;GSV;;;;;;;
33830;;;;;;;;NMEA message parser not found for GRM.
33831;RMC;12/26/2016 11:01:36 PM;49.2095359666667;16.5991252333333;;;;
33832;;;;;;;;NMEA message parser not found for RMB.
33833;;;;;;;;Failed to parse: GGA.. Meters expected in GGA message.
33834;GSA;;;;;;;
33835;GSV;;;;;;;
33836;GSV;;;;;;;
33837;;;;;;;;NMEA message parser not found for GRM.
33838;RMC;12/26/2016 11:01:37 PM;49.2095332;16.5991156166667;;;;
33839;;;;;;;;NMEA message parser not found for RMB.
33840;;;;;;;;Failed to parse: GGA.. Meters expected in GGA message.
33841;GSA;;;;;;;
33842;GSV;;;;;;;
33843;GSV;;;;;;;
33844;;;;;;;;NMEA message parser not found for GRM.
33845;RMC;12/26/2016 11:01:38 PM;49.2095305166667;16.5991059833333;;;;
33846;;;;;;;;NMEA message parser not found for RMB.
33847;;;;;;;;Failed to parse: GGA.. Meters expected in GGA message.
33848;GSA;;;;;;;
33849;GSV;;;;;;;
33850;GSV;;;;;;;
33851;;;;;;;;NMEA message parser not found for GRM.
33852;RMC;12/26/2016 11:01:39 PM;49.2095281666667;16.59909625;;;;
33853;;;;;;;;NMEA message parser not found for RMB.
33854;;;;;;;;Failed to parse: GGA.. Meters expected in GGA message.
33855;GSA;;;;;;;
33856;GSV;;;;;;;
33857;GSV;;;;;;;
33858;;;;;;;;NMEA message parser not found for GRM.
33859;RMC;12/26/2016 11:01:40 PM;49.2095258166667;16.5990865166667;;;;
33860;;;;;;;;NMEA message parser not found for RMB.
33861;;;;;;;;Failed to parse: GGA.. Meters expected in GGA message.
33862;GSA;;;;;;;
33863;GSV;;;;;;;
33864;GSV;;;;;;;
33865;;;;;;;;NMEA message parser not found for GRM.
33866;RMC;12/26/2016 11:01:41 PM;49.2095234666667;16.5990767833333;;;;
33867;;;;;;;;NMEA message parser not found for RMB.
33868;;;;;;;;Failed to parse: GGA.. Meters expected in GGA message.
33869;GSA;;;;;;;
33870;GSV;;;;;;;
33871;GSV;;;;;;;
33872;;;;;;;;NMEA message parser not found for GRM.
33873;RMC;12/26/2016 11:01:42 PM;49.2095211333333;16.59906705;;;;
33874;;;;;;;;NMEA message parser not found for RMB.
33875;;;;;;;;Failed to parse: GGA.. Meters expected in GGA message.
33876;GSA;;;;;;;
33877;GSV;;;;;;;
33878;GSV;;;;;;;
33879;;;;;;;;NMEA message parser not found for GRM.
33880;RMC;12/26/2016 11:01:43 PM;49.2095187833333;16.5990573166667;;;;
33881;;;;;;;;NMEA message parser not found for RMB.
33882;;;;;;;;Failed to parse: GGA.. Meters expected in GGA message.
33883;GSA;;;;;;;
33884;GSV;;;;;;;
33885;GSV;;;;;;;
33886;;;;;;;;NMEA message parser not found for GRM.
33887;RMC;12/26/2016 11:01:44 PM;49.2095164333333;16.5990476;;;;
33888;;;;;;;;NMEA message parser not found for RMB.
33889;;;;;;;;Failed to parse: GGA.. Meters expected in GGA message.
33890;GSA;;;;;;;
33891;GSV;;;;;;;
33892;GSV;;;;;;;
33893;;;;;;;;NMEA message parser not found for GRM.
33894;RMC;12/26/2016 11:01:45 PM;49.2095140833333;16.5990378666667;;;;
33895;;;;;;;;NMEA message parser not found for RMB.
33896;;;;;;;;Failed to parse: GGA.. Meters expected in GGA message.
33897;GSA;;;;;;;
33898;GSV;;;;;;;
33899;GSV;;;;;;;
33900;;;;;;;;NMEA message parser not found for GRM.
33901;RMC;12/26/2016 11:01:46 PM;49.20951175;16.5990281333333;;;;
33902;;;;;;;;NMEA message parser not found for RMB.
33903;;;;;;;;Failed to parse: GGA.. Meters expected in GGA message.
33904;GSA;;;;;;;
33905;GSV;;;;;;;
33906;GSV;;;;;;;
33907;;;;;;;;NMEA message parser not found for GRM.
33908;RMC;12/26/2016 11:01:47 PM;49.2095094;16.5990184;;;;
33909;;;;;;;;NMEA message parser not found for RMB.
33910;;;;;;;;Failed to parse: GGA.. Meters expected in GGA message.
33911;GSA;;;;;;;
33912;GSV;;;;;;;
33913;GSV;;;;;;;
33914;;;;;;;;NMEA message parser not found for GRM.
33915;RMC;12/26/2016 11:01:48 PM;49.20950705;16.5990086666667;;;;
33916;;;;;;;;NMEA message parser not found for RMB.
33917;;;;;;;;Failed to parse: GGA.. Meters expected in GGA message.
33918;GSA;;;;;;;
33919;GSV;;;;;;;
33920;GSV;;;;;;;
33921;;;;;;;;NMEA message parser not found for GRM.
33922;RMC;12/26/2016 11:01:49 PM;49.2095047;16.5989989333333;;;;
33923;;;;;;;;NMEA message parser not found for RMB.
33924;;;;;;;;Failed to parse: GGA.. Meters expected in GGA message.
33925;GSA;;;;;;;
33926;GSV;;;;;;;
33927;GSV;;;;;;;
33928;;;;;;;;NMEA message parser not found for GRM.
33929;RMC;12/26/2016 11:01:50 PM;49.2095023666667;16.5989892;;;;
33930;;;;;;;;NMEA message parser not found for RMB.
33931;;;;;;;;Failed to parse: GGA.. Meters expected in GGA message.
33932;GSA;;;;;;;
33933;GSV;;;;;;;
33934;GSV;;;;;;;
33935;;;;;;;;NMEA message parser not found for GRM.
33936;RMC;12/26/2016 11:01:51 PM;49.2095000166667;16.5989794666667;;;;
33937;;;;;;;;NMEA message parser not found for RMB.
33938;;;;;;;;Failed to parse: GGA.. Meters expected in GGA message.
33939;GSA;;;;;;;
33940;GSV;;;;;;;
33941;GSV;;;;;;;
33942;;;;;;;;NMEA message parser not found for GRM.
33943;RMC;12/26/2016 11:01:52 PM;49.2094976666667;16.59896975;;;;
33944;;;;;;;;NMEA message parser not found for RMB.
33945;;;;;;;;Failed to parse: GGA.. Meters expected in GGA message.
33946;GSA;;;;;;;
33947;GSV;;;;;;;
33948;GSV;;;;;;;
33949;;;;;;;;NMEA message parser not found for GRM.
33950;RMC;12/26/2016 11:01:53 PM;49.2094953166667;16.5989600166667;;;;
33951;;;;;;;;NMEA message parser not found for RMB.
33952;;;;;;;;Failed to parse: GGA.. Meters expected in GGA message.
33953;GSA;;;;;;;
33954;GSV;;;;;;;
33955;GSV;;;;;;;
33956;;;;;;;;NMEA message parser not found for GRM.
33957;RMC;12/26/2016 11:01:54 PM;49.2094929666667;16.5989502833333;;;;
33958;;;;;;;;NMEA message parser not found for RMB.
33959;;;;;;;;Failed to parse: GGA.. Meters expected in GGA message.
33960;GSA;;;;;;;
33961;GSV;;;;;;;
33962;GSV;;;;;;;
33963;;;;;;;;NMEA message parser not found for GRM.
33964;RMC;12/26/2016 11:01:55 PM;49.2094906333333;16.59894055;;;;
33965;;;;;;;;NMEA message parser not found for RMB.
33966;;;;;;;;Failed to parse: GGA.. Meters expected in GGA message.
33967;GSA;;;;;;;
33968;GSV;;;;;;;
33969;GSV;;;;;;;
33970;;;;;;;;NMEA message parser not found for GRM.
33971;RMC;12/26/2016 11:01:56 PM;49.2094882833333;16.5989308166667;;;;
33972;;;;;;;;NMEA message parser not found for RMB.
33973;;;;;;;;Failed to parse: GGA.. Meters expected in GGA message.
33974;GSA;;;;;;;
33975;GSV;;;;;;;
33976;GSV;;;;;;;
33977;;;;;;;;NMEA message parser not found for GRM.
33978;RMC;12/26/2016 11:01:57 PM;49.2094859333333;16.5989210833333;;;;
33979;;;;;;;;NMEA message parser not found for RMB.
33980;;;;;;;;Failed to parse: GGA.. Meters expected in GGA message.
33981;GSA;;;;;;;
33982;GSV;;;;;;;
33983;GSV;;;;;;;
33984;;;;;;;;NMEA message parser not found for GRM.
33985;RMC;12/26/2016 11:01:58 PM;49.2094835833333;16.59891135;;;;
33986;;;;;;;;NMEA message parser not found for RMB.
33987;;;;;;;;Failed to parse: GGA.. Meters expected in GGA message.
33988;GSA;;;;;;;
33989;GSV;;;;;;;
33990;GSV;;;;;;;
33991;;;;;;;;NMEA message parser not found for GRM.
33992;RMC;12/26/2016 11:01:59 PM;49.20948125;16.5989016333333;;;;
33993;;;;;;;;NMEA message parser not found for RMB.
33994;;;;;;;;Failed to parse: GGA.. Meters expected in GGA message.
33995;GSA;;;;;;;
33996;GSV;;;;;;;
33997;GSV;;;;;;;
33998;;;;;;;;NMEA message parser not found for GRM.
33999;RMC;12/26/2016 11:02:00 PM;49.2094789;16.5988919;;;;
34000;;;;;;;;NMEA message parser not found for RMB.
34001;;;;;;;;Failed to parse: GGA.. Meters expected in GGA message.
34002;GSA;;;;;;;
34003;GSV;;;;;;;
34004;GSV;;;;;;;
34005;;;;;;;;NMEA message parser not found for GRM.
34006;RMC;12/26/2016 11:02:01 PM;49.20947655;16.5988821666667;;;;
34007;;;;;;;;NMEA message parser not found for RMB.
34008;;;;;;;;Failed to parse: GGA.. Meters expected in GGA message.
34009;GSA;;;;;;;
34010;GSV;;;;;;;
34011;GSV;;;;;;;
34012;;;;;;;;NMEA message parser not found for GRM.
34013;RMC;12/26/2016 11:02:02 PM;49.2094742;16.5988724333333;;;;
34014;;;;;;;;NMEA message parser not found for RMB.
34015;;;;;;;;Failed to parse: GGA.. Meters expected in GGA message.
34016;GSA;;;;;;;
34017;GSV;;;;;;;
34018;GSV;;;;;;;
34019;;;;;;;;NMEA message parser not found for GRM.
34020;RMC;12/26/2016 11:02:03 PM;49.2094718666667;16.5988627;;;;
34021;;;;;;;;NMEA message parser not found for RMB.
34022;;;;;;;;Failed to parse: GGA.. Meters expected in GGA message.
34023;GSA;;;;;;;
34024;GSV;;;;;;;
34025;GSV;;;;;;;
34026;;;;;;;;NMEA message parser not found for GRM.
34027;RMC;12/26/2016 11:02:04 PM;49.2094695166667;16.5988529666667;;;;
34028;;;;;;;;NMEA message parser not found for RMB.
34029;;;;;;;;Failed to parse: GGA.. Meters expected in GGA message.
34030;GSA;;;;;;;
34031;GSV;;;;;;;
34032;GSV;;;;;;;
34033;;;;;;;;NMEA message parser not found for GRM.
34034;RMC;12/26/2016 11:02:05 PM;49.2094671666667;16.5988432333333;;;;
34035;;;;;;;;NMEA message parser not found for RMB.
34036;;;;;;;;Failed to parse: GGA.. Meters expected in GGA message.
34037;GSA;;;;;;;
34038;GSV;;;;;;;
34039;GSV;;;;;;;
34040;;;;;;;;NMEA message parser not found for GRM.
34041;RMC;12/26/2016 11:02:06 PM;49.2094648166667;16.5988335;;;;
34042;;;;;;;;NMEA message parser not found for RMB.
34043;;;;;;;;Failed to parse: GGA.. Meters expected in GGA message.
34044;GSA;;;;;;;
34045;GSV;;;;;;;
34046;GSV;;;;;;;
34047;;;;;;;;NMEA message parser not found for GRM.
34048;RMC;12/26/2016 11:02:07 PM;49.2094624666667;16.5988237833333;;;;
34049;;;;;;;;NMEA message parser not found for RMB.
34050;;;;;;;;Failed to parse: GGA.. Meters expected in GGA message.
34051;GSA;;;;;;;
34052;GSV;;;;;;;
34053;GSV;;;;;;;
34054;;;;;;;;NMEA message parser not found for GRM.
34055;RMC;12/26/2016 11:02:08 PM;49.2094601333333;16.59881405;;;;
34056;;;;;;;;NMEA message parser not found for RMB.
34057;;;;;;;;Failed to parse: GGA.. Meters expected in GGA message.
34058;GSA;;;;;;;
34059;GSV;;;;;;;
34060;GSV;;;;;;;
34061;;;;;;;;NMEA message parser not found for GRM.
34062;RMC;12/26/2016 11:02:09 PM;49.2094577833333;16.5988043166667;;;;
34063;;;;;;;;NMEA message parser not found for RMB.
34064;;;;;;;;Failed to parse: GGA.. Meters expected in GGA message.
34065;GSA;;;;;;;
34066;GSV;;;;;;;
34067;GSV;;;;;;;
34068;;;;;;;;NMEA message parser not found for GRM.
34069;RMC;12/26/2016 11:02:10 PM;49.2094554333333;16.5987945833333;;;;
34070;;;;;;;;NMEA message parser not found for RMB.
34071;;;;;;;;Failed to parse: GGA.. Meters expected in GGA message.
34072;GSA;;;;;;;
34073;GSV;;;;;;;
34074;GSV;;;;;;;
34075;;;;;;;;NMEA message parser not found for GRM.
34076;RMC;12/26/2016 11:02:11 PM;49.2094530833333;16.59878485;;;;
34077;;;;;;;;NMEA message parser not found for RMB.
34078;;;;;;;;Failed to parse: GGA.. Meters expected in GGA message.
34079;GSA;;;;;;;
34080;GSV;;;;;;;
34081;GSV;;;;;;;
34082;;;;;;;;NMEA message parser not found for GRM.
34083;RMC;12/26/2016 11:02:12 PM;49.20945075;16.5987751166667;;;;
34084;;;;;;;;NMEA message parser not found for RMB.
34085;;;;;;;;Failed to parse: GGA.. Meters expected in GGA message.
34086;GSA;;;;;;;
34087;GSV;;;;;;;
34088;GSV;;;;;;;
34089;;;;;;;;NMEA message parser not found for GRM.
34090;RMC;12/26/2016 11:02:13 PM;49.2094484;16.5987653833333;;;;
34091;;;;;;;;NMEA message parser not found for RMB.
34092;;;;;;;;Failed to parse: GGA.. Meters expected in GGA message.
34093;GSA;;;;;;;
34094;GSV;;;;;;;
34095;GSV;;;;;;;
34096;;;;;;;;NMEA message parser not found for GRM.
34097;RMC;12/26/2016 11:02:14 PM;49.20944605;16.59875565;;;;
34098;;;;;;;;NMEA message parser not found for RMB.
34099;;;;;;;;Failed to parse: GGA.. Meters expected in GGA message.
34100;GSA;;;;;;;
34101;GSV;;;;;;;
34102;GSV;;;;;;;
34103;;;;;;;;NMEA message parser not found for GRM.
34104;RMC;12/26/2016 11:02:15 PM;49.2094437;16.5987459333333;;;;
34105;;;;;;;;NMEA message parser not found for RMB.
34106;;;;;;;;Failed to parse: GGA.. Meters expected in GGA message.
34107;GSA;;;;;;;
34108;GSV;;;;;;;
34109;GSV;;;;;;;
34110;;;;;;;;NMEA message parser not found for GRM.
34111;RMC;12/26/2016 11:02:16 PM;49.2094409833333;16.5987363;;;;
34112;;;;;;;;NMEA message parser not found for RMB.
34113;;;;;;;;Failed to parse: GGA.. Meters expected in GGA message.
34114;GSA;;;;;;;
34115;GSV;;;;;;;
34116;GSV;;;;;;;
34117;;;;;;;;NMEA message parser not found for GRM.
34118;RMC;12/26/2016 11:02:17 PM;49.2094380833333;16.5987267166667;;;;
34119;;;;;;;;NMEA message parser not found for RMB.
34120;;;;;;;;Failed to parse: GGA.. Meters expected in GGA message.
34121;GSA;;;;;;;
34122;GSV;;;;;;;
34123;GSV;;;;;;;
34124;;;;;;;;NMEA message parser not found for GRM.
34125;RMC;12/26/2016 11:02:18 PM;49.2094351833333;16.5987171333333;;;;
34126;;;;;;;;NMEA message parser not found for RMB.
34127;;;;;;;;Failed to parse: GGA.. Meters expected in GGA message.
34128;GSA;;;;;;;
34129;GSV;;;;;;;
34130;GSV;;;;;;;
34131;;;;;;;;NMEA message parser not found for GRM.
34132;RMC;12/26/2016 11:02:19 PM;49.2094322833333;16.59870755;;;;
34133;;;;;;;;NMEA message parser not found for RMB.
34134;;;;;;;;Failed to parse: GGA.. Meters expected in GGA message.
34135;GSA;;;;;;;
34136;GSV;;;;;;;
34137;GSV;;;;;;;
34138;;;;;;;;NMEA message parser not found for GRM.
34139;RMC;12/26/2016 11:02:20 PM;49.2094294;16.5986979666667;;;;
34140;;;;;;;;NMEA message parser not found for RMB.
34141;;;;;;;;Failed to parse: GGA.. Meters expected in GGA message.
34142;GSA;;;;;;;
34143;GSV;;;;;;;
34144;GSV;;;;;;;
34145;;;;;;;;NMEA message parser not found for GRM.
34146;RMC;12/26/2016 11:02:21 PM;49.2094265;16.5986883833333;;;;
34147;;;;;;;;NMEA message parser not found for RMB.
34148;;;;;;;;Failed to parse: GGA.. Meters expected in GGA message.
34149;GSA;;;;;;;
34150;GSV;;;;;;;
34151;GSV;;;;;;;
34152;;;;;;;;NMEA message parser not found for GRM.
34153;RMC;12/26/2016 11:02:22 PM;49.2094236;16.5986788;;;;
34154;;;;;;;;NMEA message parser not found for RMB.
34155;;;;;;;;Failed to parse: GGA.. Meters expected in GGA message.
34156;GSA;;;;;;;
34157;GSV;;;;;;;
34158;GSV;;;;;;;
34159;;;;;;;;NMEA message parser not found for GRM.
34160;RMC;12/26/2016 11:02:23 PM;49.2094207;16.5986692166667;;;;
34161;;;;;;;;NMEA message parser not found for RMB.
34162;;;;;;;;Failed to parse: GGA.. Meters expected in GGA message.
34163;GSA;;;;;;;
34164;GSV;;;;;;;
34165;GSV;;;;;;;
34166;;;;;;;;NMEA message parser not found for GRM.
34167;RMC;12/26/2016 11:02:24 PM;49.2094178166667;16.59865965;;;;
34168;;;;;;;;NMEA message parser not found for RMB.
34169;;;;;;;;Failed to parse: GGA.. Meters expected in GGA message.
34170;GSA;;;;;;;
34171;GSV;;;;;;;
34172;GSV;;;;;;;
34173;;;;;;;;NMEA message parser not found for GRM.
34174;RMC;12/26/2016 11:02:25 PM;49.2094149166667;16.5986500666667;;;;
34175;;;;;;;;NMEA message parser not found for RMB.
34176;;;;;;;;Failed to parse: GGA.. Meters expected in GGA message.
34177;GSA;;;;;;;
34178;GSV;;;;;;;
34179;GSV;;;;;;;
34180;;;;;;;;NMEA message parser not found for GRM.
34181;RMC;12/26/2016 11:02:26 PM;49.2094120166667;16.5986404833333;;;;
34182;;;;;;;;NMEA message parser not found for RMB.
34183;;;;;;;;Failed to parse: GGA.. Meters expected in GGA message.
34184;GSA;;;;;;;
34185;GSV;;;;;;;
34186;GSV;;;;;;;
34187;;;;;;;;NMEA message parser not found for GRM.
34188;RMC;12/26/2016 11:02:27 PM;49.2094091333333;16.5986309;;;;
34189;;;;;;;;NMEA message parser not found for RMB.
34190;;;;;;;;Failed to parse: GGA.. Meters expected in GGA message.
34191;GSA;;;;;;;
34192;GSV;;;;;;;
34193;GSV;;;;;;;
34194;;;;;;;;NMEA message parser not found for GRM.
34195;RMC;12/26/2016 11:02:28 PM;49.2094062333333;16.5986213166667;;;;
34196;;;;;;;;NMEA message parser not found for RMB.
34197;;;;;;;;Failed to parse: GGA.. Meters expected in GGA message.
34198;GSA;;;;;;;
34199;GSV;;;;;;;
34200;GSV;;;;;;;
34201;;;;;;;;NMEA message parser not found for GRM.
34202;RMC;12/26/2016 11:02:29 PM;49.2094033333333;16.5986117333333;;;;
34203;;;;;;;;NMEA message parser not found for RMB.
34204;;;;;;;;Failed to parse: GGA.. Meters expected in GGA message.
34205;GSA;;;;;;;
34206;GSV;;;;;;;
34207;GSV;;;;;;;
34208;;;;;;;;NMEA message parser not found for GRM.
34209;RMC;12/26/2016 11:02:30 PM;49.2094011333333;16.5986020666667;;;;
34210;;;;;;;;NMEA message parser not found for RMB.
34211;;;;;;;;Failed to parse: GGA.. Meters expected in GGA message.
34212;GSA;;;;;;;
34213;GSV;;;;;;;
34214;GSV;;;;;;;
34215;;;;;;;;NMEA message parser not found for GRM.
34216;RMC;12/26/2016 11:02:31 PM;49.2094017833333;16.5985920833333;;;;
34217;;;;;;;;NMEA message parser not found for RMB.
34218;;;;;;;;Failed to parse: GGA.. Meters expected in GGA message.
34219;GSA;;;;;;;
34220;GSV;;;;;;;
34221;GSV;;;;;;;
34222;;;;;;;;NMEA message parser not found for GRM.
34223;RMC;12/26/2016 11:02:32 PM;49.20940245;16.5985821;;;;
34224;;;;;;;;NMEA message parser not found for RMB.
34225;;;;;;;;Failed to parse: GGA.. Meters expected in GGA message.
34226;GSA;;;;;;;
34227;GSV;;;;;;;
34228;GSV;;;;;;;
34229;;;;;;;;NMEA message parser not found for GRM.
34230;RMC;12/26/2016 11:02:33 PM;49.2094031166667;16.5985721;;;;
34231;;;;;;;;NMEA message parser not found for RMB.
34232;;;;;;;;Failed to parse: GGA.. Meters expected in GGA message.
34233;GSA;;;;;;;
34234;GSV;;;;;;;
34235;GSV;;;;;;;
34236;;;;;;;;NMEA message parser not found for GRM.
34237;RMC;12/26/2016 11:02:34 PM;49.2094037833333;16.5985621166667;;;;
34238;;;;;;;;NMEA message parser not found for RMB.
34239;;;;;;;;Failed to parse: GGA.. Meters expected in GGA message.
34240;GSA;;;;;;;
34241;GSV;;;;;;;
34242;GSV;;;;;;;
34243;;;;;;;;NMEA message parser not found for GRM.
34244;RMC;12/26/2016 11:02:35 PM;49.2094044333333;16.5985521333333;;;;
34245;;;;;;;;NMEA message parser not found for RMB.
34246;;;;;;;;Failed to parse: GGA.. Meters expected in GGA message.
34247;GSA;;;;;;;
34248;GSV;;;;;;;
34249;GSV;;;;;;;
34250;;;;;;;;NMEA message parser not found for GRM.
34251;RMC;12/26/2016 11:02:36 PM;49.2094051;16.59854215;;;;
34252;;;;;;;;NMEA message parser not found for RMB.
34253;;;;;;;;Failed to parse: GGA.. Meters expected in GGA message.
34254;GSA;;;;;;;
34255;GSV;;;;;;;
34256;GSV;;;;;;;
34257;;;;;;;;NMEA message parser not found for GRM.
34258;RMC;12/26/2016 11:02:37 PM;49.2094057666667;16.59853215;;;;
34259;;;;;;;;NMEA message parser not found for RMB.
34260;;;;;;;;Failed to parse: GGA.. Meters expected in GGA message.
34261;GSA;;;;;;;
34262;GSV;;;;;;;
34263;GSV;;;;;;;
34264;;;;;;;;NMEA message parser not found for GRM.
34265;RMC;12/26/2016 11:02:38 PM;49.2094064166667;16.5985221666667;;;;
34266;;;;;;;;NMEA message parser not found for RMB.
34267;;;;;;;;Failed to parse: GGA.. Meters expected in GGA message.
34268;GSA;;;;;;;
34269;GSV;;;;;;;
34270;GSV;;;;;;;
34271;;;;;;;;NMEA message parser not found for GRM.
34272;RMC;12/26/2016 11:02:39 PM;49.2094070833333;16.5985121833333;;;;
34273;;;;;;;;NMEA message parser not found for RMB.
34274;;;;;;;;Failed to parse: GGA.. Meters expected in GGA message.
34275;GSA;;;;;;;
34276;GSV;;;;;;;
34277;GSV;;;;;;;
34278;;;;;;;;NMEA message parser not found for GRM.
34279;RMC;12/26/2016 11:02:40 PM;49.20940775;16.5985021833333;;;;
34280;;;;;;;;NMEA message parser not found for RMB.
34281;;;;;;;;Failed to parse: GGA.. Meters expected in GGA message.
34282;GSA;;;;;;;
34283;GSV;;;;;;;
34284;GSV;;;;;;;
34285;;;;;;;;NMEA message parser not found for GRM.
34286;RMC;12/26/2016 11:02:41 PM;49.2094084;16.5984922;;;;
34287;;;;;;;;NMEA message parser not found for RMB.
34288;;;;;;;;Failed to parse: GGA.. Meters expected in GGA message.
34289;GSA;;;;;;;
34290;GSV;;;;;;;
34291;GSV;;;;;;;
34292;;;;;;;;NMEA message parser not found for GRM.
34293;RMC;12/26/2016 11:02:42 PM;49.2094090666667;16.5984822166667;;;;
34294;;;;;;;;NMEA message parser not found for RMB.
34295;;;;;;;;Failed to parse: GGA.. Meters expected in GGA message.
34296;GSA;;;;;;;
34297;GSV;;;;;;;
34298;GSV;;;;;;;
34299;;;;;;;;NMEA message parser not found for GRM.
34300;RMC;12/26/2016 11:02:43 PM;49.2094097333333;16.5984722333333;;;;
34301;;;;;;;;NMEA message parser not found for RMB.
34302;;;;;;;;Failed to parse: GGA.. Meters expected in GGA message.
34303;GSA;;;;;;;
34304;GSV;;;;;;;
34305;GSV;;;;;;;
34306;;;;;;;;NMEA message parser not found for GRM.
34307;RMC;12/26/2016 11:02:44 PM;49.2094104;16.5984622333333;;;;
34308;;;;;;;;NMEA message parser not found for RMB.
34309;;;;;;;;Failed to parse: GGA.. Meters expected in GGA message.
34310;GSA;;;;;;;
34311;GSV;;;;;;;
34312;GSV;;;;;;;
34313;;;;;;;;NMEA message parser not found for GRM.
34314;RMC;12/26/2016 11:02:45 PM;49.20941105;16.59845225;;;;
34315;;;;;;;;NMEA message parser not found for RMB.
34316;;;;;;;;Failed to parse: GGA.. Meters expected in GGA message.
34317;GSA;;;;;;;
34318;GSV;;;;;;;
34319;GSV;;;;;;;
34320;;;;;;;;NMEA message parser not found for GRM.
34321;RMC;12/26/2016 11:02:46 PM;49.2094117166667;16.5984422666667;;;;
34322;;;;;;;;NMEA message parser not found for RMB.
34323;;;;;;;;Failed to parse: GGA.. Meters expected in GGA message.
34324;GSA;;;;;;;
34325;GSV;;;;;;;
34326;GSV;;;;;;;
34327;;;;;;;;NMEA message parser not found for GRM.
34328;RMC;12/26/2016 11:02:47 PM;49.2094169666667;16.5984351333333;;;;
34329;;;;;;;;NMEA message parser not found for RMB.
34330;;;;;;;;Failed to parse: GGA.. Meters expected in GGA message.
34331;GSA;;;;;;;
34332;GSV;;;;;;;
34333;GSV;;;;;;;
34334;;;;;;;;NMEA message parser not found for GRM.
34335;RMC;12/26/2016 11:02:48 PM;49.20942565;16.59843015;;;;
34336;;;;;;;;NMEA message parser not found for RMB.
34337;;;;;;;;Failed to parse: GGA.. Meters expected in GGA message.
34338;GSA;;;;;;;
34339;GSV;;;;;;;
34340;GSV;;;;;;;
34341;;;;;;;;NMEA message parser not found for GRM.
34342;RMC;12/26/2016 11:02:49 PM;49.2094343333333;16.59842515;;;;
34343;;;;;;;;NMEA message parser not found for RMB.
34344;;;;;;;;Failed to parse: GGA.. Meters expected in GGA message.
34345;GSA;;;;;;;
34346;GSV;;;;;;;
34347;GSV;;;;;;;
34348;;;;;;;;NMEA message parser not found for GRM.
34349;RMC;12/26/2016 11:02:50 PM;49.209443;16.5984201666667;;;;
34350;;;;;;;;NMEA message parser not found for RMB.
34351;;;;;;;;Failed to parse: GGA.. Meters expected in GGA message.
34352;GSA;;;;;;;
34353;GSV;;;;;;;
34354;GSV;;;;;;;
34355;;;;;;;;NMEA message parser not found for GRM.
34356;RMC;12/26/2016 11:02:51 PM;49.2094516833333;16.5984151666667;;;;
34357;;;;;;;;NMEA message parser not found for RMB.
34358;;;;;;;;Failed to parse: GGA.. Meters expected in GGA message.
34359;GSA;;;;;;;
34360;GSV;;;;;;;
34361;GSV;;;;;;;
34362;;;;;;;;NMEA message parser not found for GRM.
34363;RMC;12/26/2016 11:02:52 PM;49.2094603666667;16.5984101833333;;;;
34364;;;;;;;;NMEA message parser not found for RMB.
34365;;;;;;;;Failed to parse: GGA.. Meters expected in GGA message.
34366;GSA;;;;;;;
34367;GSV;;;;;;;
34368;GSV;;;;;;;
34369;;;;;;;;NMEA message parser not found for GRM.
34370;RMC;12/26/2016 11:02:53 PM;49.2094690333333;16.5984051833333;;;;
34371;;;;;;;;NMEA message parser not found for RMB.
34372;;;;;;;;Failed to parse: GGA.. Meters expected in GGA message.
34373;GSA;;;;;;;
34374;GSV;;;;;;;
34375;GSV;;;;;;;
34376;;;;;;;;NMEA message parser not found for GRM.
34377;RMC;12/26/2016 11:02:54 PM;49.2094777166667;16.5984002;;;;
34378;;;;;;;;NMEA message parser not found for RMB.
34379;;;;;;;;Failed to parse: GGA.. Meters expected in GGA message.
34380;GSA;;;;;;;
34381;GSV;;;;;;;
34382;GSV;;;;;;;
34383;;;;;;;;NMEA message parser not found for GRM.
34384;RMC;12/26/2016 11:02:55 PM;49.2094863833333;16.5983952;;;;
34385;;;;;;;;NMEA message parser not found for RMB.
34386;;;;;;;;Failed to parse: GGA.. Meters expected in GGA message.
34387;GSA;;;;;;;
34388;GSV;;;;;;;
34389;GSV;;;;;;;
34390;;;;;;;;NMEA message parser not found for GRM.
34391;RMC;12/26/2016 11:02:56 PM;49.2094950666667;16.5983902166667;;;;
34392;;;;;;;;NMEA message parser not found for RMB.
34393;;;;;;;;Failed to parse: GGA.. Meters expected in GGA message.
34394;GSA;;;;;;;
34395;GSV;;;;;;;
34396;GSV;;;;;;;
34397;;;;;;;;NMEA message parser not found for GRM.
34398;RMC;12/26/2016 11:02:57 PM;49.20950375;16.5983852166667;;;;
34399;;;;;;;;NMEA message parser not found for RMB.
34400;;;;;;;;Failed to parse: GGA.. Meters expected in GGA message.
34401;GSA;;;;;;;
34402;GSV;;;;;;;
34403;GSV;;;;;;;
34404;;;;;;;;NMEA message parser not found for GRM.
34405;RMC;12/26/2016 11:02:58 PM;49.2095124166667;16.5983802333333;;;;
34406;;;;;;;;NMEA message parser not found for RMB.
34407;;;;;;;;Failed to parse: GGA.. Meters expected in GGA message.
34408;GSA;;;;;;;
34409;GSV;;;;;;;
34410;GSV;;;;;;;
34411;;;;;;;;NMEA message parser not found for GRM.
34412;RMC;12/26/2016 11:02:59 PM;49.2095211;16.5983752333333;;;;
34413;;;;;;;;NMEA message parser not found for RMB.
34414;;;;;;;;Failed to parse: GGA.. Meters expected in GGA message.
34415;GSA;;;;;;;
34416;GSV;;;;;;;
34417;GSV;;;;;;;
34418;;;;;;;;NMEA message parser not found for GRM.
34419;RMC;12/26/2016 11:03:00 PM;49.2095297666667;16.59837025;;;;
34420;;;;;;;;NMEA message parser not found for RMB.
34421;;;;;;;;Failed to parse: GGA.. Meters expected in GGA message.
34422;GSA;;;;;;;
34423;GSV;;;;;;;
34424;GSV;;;;;;;
34425;;;;;;;;NMEA message parser not found for GRM.
34426;RMC;12/26/2016 11:03:01 PM;49.20953845;16.59836525;;;;
34427;;;;;;;;NMEA message parser not found for RMB.
34428;;;;;;;;Failed to parse: GGA.. Meters expected in GGA message.
34429;GSA;;;;;;;
34430;GSV;;;;;;;
34431;GSV;;;;;;;
34432;;;;;;;;NMEA message parser not found for GRM.
34433;RMC;12/26/2016 11:03:02 PM;49.2095471333333;16.5983602666667;;;;
34434;;;;;;;;NMEA message parser not found for RMB.
34435;;;;;;;;Failed to parse: GGA.. Meters expected in GGA message.
34436;GSA;;;;;;;
34437;GSV;;;;;;;
34438;GSV;;;;;;;
34439;;;;;;;;NMEA message parser not found for GRM.
34440;RMC;12/26/2016 11:03:03 PM;49.2095558;16.5983552666667;;;;
34441;;;;;;;;NMEA message parser not found for RMB.
34442;;;;;;;;Failed to parse: GGA.. Meters expected in GGA message.
34443;GSA;;;;;;;
34444;GSV;;;;;;;
34445;GSV;;;;;;;
34446;;;;;;;;NMEA message parser not found for GRM.
34447;RMC;12/26/2016 11:03:04 PM;49.2095644833333;16.5983502833333;;;;
34448;;;;;;;;NMEA message parser not found for RMB.
34449;;;;;;;;Failed to parse: GGA.. Meters expected in GGA message.
34450;GSA;;;;;;;
34451;GSV;;;;;;;
34452;GSV;;;;;;;
34453;;;;;;;;NMEA message parser not found for GRM.
34454;RMC;12/26/2016 11:03:05 PM;49.20957315;16.5983453;;;;
34455;;;;;;;;NMEA message parser not found for RMB.
34456;;;;;;;;Failed to parse: GGA.. Meters expected in GGA message.
34457;GSA;;;;;;;
34458;GSV;;;;;;;
34459;GSV;;;;;;;
34460;;;;;;;;NMEA message parser not found for GRM.
34461;RMC;12/26/2016 11:03:06 PM;49.2095818333333;16.5983403;;;;
34462;;;;;;;;NMEA message parser not found for RMB.
34463;;;;;;;;Failed to parse: GGA.. Meters expected in GGA message.
34464;GSA;;;;;;;
34465;GSV;;;;;;;
34466;GSV;;;;;;;
34467;;;;;;;;NMEA message parser not found for GRM.
34468;RMC;12/26/2016 11:03:07 PM;49.2095905166667;16.5983353166667;;;;
34469;;;;;;;;NMEA message parser not found for RMB.
34470;;;;;;;;Failed to parse: GGA.. Meters expected in GGA message.
34471;GSA;;;;;;;
34472;GSV;;;;;;;
34473;GSV;;;;;;;
34474;;;;;;;;NMEA message parser not found for GRM.
34475;RMC;12/26/2016 11:03:08 PM;49.2095993666667;16.5983309;;;;
34476;;;;;;;;NMEA message parser not found for RMB.
34477;;;;;;;;Failed to parse: GGA.. Meters expected in GGA message.
34478;GSA;;;;;;;
34479;GSV;;;;;;;
34480;GSV;;;;;;;
34481;;;;;;;;NMEA message parser not found for GRM.
34482;RMC;12/26/2016 11:03:09 PM;49.20960935;16.5983301833333;;;;
34483;;;;;;;;NMEA message parser not found for RMB.
34484;;;;;;;;Failed to parse: GGA.. Meters expected in GGA message.
34485;GSA;;;;;;;
34486;GSV;;;;;;;
34487;GSV;;;;;;;
34488;;;;;;;;NMEA message parser not found for GRM.
34489;RMC;12/26/2016 11:03:10 PM;49.2096193333333;16.5983294833333;;;;
34490;;;;;;;;NMEA message parser not found for RMB.
34491;;;;;;;;Failed to parse: GGA.. Meters expected in GGA message.
34492;GSA;;;;;;;
34493;GSV;;;;;;;
34494;GSV;;;;;;;
34495;;;;;;;;NMEA message parser not found for GRM.
34496;RMC;12/26/2016 11:03:11 PM;49.2096293166667;16.5983287666667;;;;
34497;;;;;;;;NMEA message parser not found for RMB.
34498;;;;;;;;Failed to parse: GGA.. Meters expected in GGA message.
34499;GSA;;;;;;;
34500;GSV;;;;;;;
34501;GSV;;;;;;;
34502;;;;;;;;NMEA message parser not found for GRM.
34503;RMC;12/26/2016 11:03:12 PM;49.2096393;16.59832805;;;;
34504;;;;;;;;NMEA message parser not found for RMB.
34505;;;;;;;;Failed to parse: GGA.. Meters expected in GGA message.
34506;GSA;;;;;;;
34507;GSV;;;;;;;
34508;GSV;;;;;;;
34509;;;;;;;;NMEA message parser not found for GRM.
34510;RMC;12/26/2016 11:03:13 PM;49.2096492833333;16.5983273333333;;;;
34511;;;;;;;;NMEA message parser not found for RMB.
34512;;;;;;;;Failed to parse: GGA.. Meters expected in GGA message.
34513;GSA;;;;;;;
34514;GSV;;;;;;;
34515;GSV;;;;;;;
34516;;;;;;;;NMEA message parser not found for GRM.
34517;RMC;12/26/2016 11:03:14 PM;49.2096592666667;16.5983266166667;;;;
34518;;;;;;;;NMEA message parser not found for RMB.
34519;;;;;;;;Failed to parse: GGA.. Meters expected in GGA message.
34520;GSA;;;;;;;
34521;GSV;;;;;;;
34522;GSV;;;;;;;
34523;;;;;;;;NMEA message parser not found for GRM.
34524;RMC;12/26/2016 11:03:15 PM;49.2096683333333;16.5983272166667;;;;
34525;;;;;;;;NMEA message parser not found for RMB.
34526;;;;;;;;Failed to parse: GGA.. Meters expected in GGA message.
34527;GSA;;;;;;;
34528;GSV;;;;;;;
34529;GSV;;;;;;;
34530;;;;;;;;NMEA message parser not found for GRM.
34531;RMC;12/26/2016 11:03:16 PM;49.2096710333333;16.59833685;;;;
34532;;;;;;;;NMEA message parser not found for RMB.
34533;;;;;;;;Failed to parse: GGA.. Meters expected in GGA message.
34534;GSA;;;;;;;
34535;GSV;;;;;;;
34536;GSV;;;;;;;
34537;;;;;;;;NMEA message parser not found for GRM.
34538;RMC;12/26/2016 11:03:17 PM;49.2096737333333;16.5983465;;;;
34539;;;;;;;;NMEA message parser not found for RMB.
34540;;;;;;;;Failed to parse: GGA.. Meters expected in GGA message.
34541;GSA;;;;;;;
34542;GSV;;;;;;;
34543;GSV;;;;;;;
34544;;;;;;;;NMEA message parser not found for GRM.
34545;RMC;12/26/2016 11:03:18 PM;49.2096764166667;16.5983561333333;;;;
34546;;;;;;;;NMEA message parser not found for RMB.
34547;;;;;;;;Failed to parse: GGA.. Meters expected in GGA message.
34548;GSA;;;;;;;
34549;GSV;;;;;;;
34550;GSV;;;;;;;
34551;;;;;;;;NMEA message parser not found for GRM.
34552;RMC;12/26/2016 11:03:19 PM;49.2096791166667;16.5983657833333;;;;
34553;;;;;;;;NMEA message parser not found for RMB.
34554;;;;;;;;Failed to parse: GGA.. Meters expected in GGA message.
34555;GSA;;;;;;;
34556;GSV;;;;;;;
34557;GSV;;;;;;;
34558;;;;;;;;NMEA message parser not found for GRM.
34559;RMC;12/26/2016 11:03:20 PM;49.2096818166667;16.5983754166667;;;;
34560;;;;;;;;NMEA message parser not found for RMB.
34561;;;;;;;;Failed to parse: GGA.. Meters expected in GGA message.
34562;GSA;;;;;;;
34563;GSV;;;;;;;
34564;GSV;;;;;;;
34565;;;;;;;;NMEA message parser not found for GRM.
34566;RMC;12/26/2016 11:03:21 PM;49.2096845;16.59838505;;;;
34567;;;;;;;;NMEA message parser not found for RMB.
34568;;;;;;;;Failed to parse: GGA.. Meters expected in GGA message.
34569;GSA;;;;;;;
34570;GSV;;;;;;;
34571;GSV;;;;;;;
34572;;;;;;;;NMEA message parser not found for GRM.
34573;RMC;12/26/2016 11:03:22 PM;49.2096872;16.5983947;;;;
34574;;;;;;;;NMEA message parser not found for RMB.
34575;;;;;;;;Failed to parse: GGA.. Meters expected in GGA message.
34576;GSA;;;;;;;
34577;GSV;;;;;;;
34578;GSV;;;;;;;
34579;;;;;;;;NMEA message parser not found for GRM.
34580;RMC;12/26/2016 11:03:23 PM;49.2096899;16.5984043333333;;;;
34581;;;;;;;;NMEA message parser not found for RMB.
34582;;;;;;;;Failed to parse: GGA.. Meters expected in GGA message.
34583;GSA;;;;;;;
34584;GSV;;;;;;;
34585;GSV;;;;;;;
34586;;;;;;;;NMEA message parser not found for GRM.
34587;RMC;12/26/2016 11:03:24 PM;49.2096925833333;16.5984139833333;;;;
34588;;;;;;;;NMEA message parser not found for RMB.
34589;;;;;;;;Failed to parse: GGA.. Meters expected in GGA message.
34590;GSA;;;;;;;
34591;GSV;;;;;;;
34592;GSV;;;;;;;
34593;;;;;;;;NMEA message parser not found for GRM.
34594;RMC;12/26/2016 11:03:25 PM;49.2096952833333;16.5984236166667;;;;
34595;;;;;;;;NMEA message parser not found for RMB.
34596;;;;;;;;Failed to parse: GGA.. Meters expected in GGA message.
34597;GSA;;;;;;;
34598;GSV;;;;;;;
34599;GSV;;;;;;;
34600;;;;;;;;NMEA message parser not found for GRM.
34601;RMC;12/26/2016 11:03:26 PM;49.2096979666667;16.5984332666667;;;;
34602;;;;;;;;NMEA message parser not found for RMB.
34603;;;;;;;;Failed to parse: GGA.. Meters expected in GGA message.
34604;GSA;;;;;;;
34605;GSV;;;;;;;
34606;GSV;;;;;;;
34607;;;;;;;;NMEA message parser not found for GRM.
34608;RMC;12/26/2016 11:03:27 PM;49.2097006666667;16.5984429;;;;
34609;;;;;;;;NMEA message parser not found for RMB.
34610;;;;;;;;Failed to parse: GGA.. Meters expected in GGA message.
34611;GSA;;;;;;;
34612;GSV;;;;;;;
34613;GSV;;;;;;;
34614;;;;;;;;NMEA message parser not found for GRM.
34615;RMC;12/26/2016 11:03:28 PM;49.2097033666667;16.59845255;;;;
34616;;;;;;;;NMEA message parser not found for RMB.
34617;;;;;;;;Failed to parse: GGA.. Meters expected in GGA message.
34618;GSA;;;;;;;
34619;GSV;;;;;;;
34620;GSV;;;;;;;
34621;;;;;;;;NMEA message parser not found for GRM.
34622;RMC;12/26/2016 11:03:29 PM;49.20970605;16.5984621833333;;;;
34623;;;;;;;;NMEA message parser not found for RMB.
34624;;;;;;;;Failed to parse: GGA.. Meters expected in GGA message.
34625;GSA;;;;;;;
34626;GSV;;;;;;;
34627;GSV;;;;;;;
34628;;;;;;;;NMEA message parser not found for GRM.
34629;RMC;12/26/2016 11:03:30 PM;49.20970875;16.5984718166667;;;;
34630;;;;;;;;NMEA message parser not found for RMB.
34631;;;;;;;;Failed to parse: GGA.. Meters expected in GGA message.
34632;GSA;;;;;;;
34633;GSV;;;;;;;
34634;GSV;;;;;;;
34635;;;;;;;;NMEA message parser not found for GRM.
34636;RMC;12/26/2016 11:03:31 PM;49.20971145;16.5984814666667;;;;
34637;;;;;;;;NMEA message parser not found for RMB.
34638;;;;;;;;Failed to parse: GGA.. Meters expected in GGA message.
34639;GSA;;;;;;;
34640;GSV;;;;;;;
34641;GSV;;;;;;;
34642;;;;;;;;NMEA message parser not found for GRM.
34643;RMC;12/26/2016 11:03:32 PM;49.2097141333333;16.5984911;;;;
34644;;;;;;;;NMEA message parser not found for RMB.
34645;;;;;;;;Failed to parse: GGA.. Meters expected in GGA message.
34646;GSA;;;;;;;
34647;GSV;;;;;;;
34648;GSV;;;;;;;
34649;;;;;;;;NMEA message parser not found for GRM.
34650;RMC;12/26/2016 11:03:33 PM;49.2097168333333;16.59850075;;;;
34651;;;;;;;;NMEA message parser not found for RMB.
34652;;;;;;;;Failed to parse: GGA.. Meters expected in GGA message.
34653;GSA;;;;;;;
34654;GSV;;;;;;;
34655;GSV;;;;;;;
34656;;;;;;;;NMEA message parser not found for GRM.
34657;RMC;12/26/2016 11:03:34 PM;49.2097195333333;16.5985103833333;;;;
34658;;;;;;;;NMEA message parser not found for RMB.
34659;;;;;;;;Failed to parse: GGA.. Meters expected in GGA message.
34660;GSA;;;;;;;
34661;GSV;;;;;;;
34662;GSV;;;;;;;
34663;;;;;;;;NMEA message parser not found for GRM.
34664;RMC;12/26/2016 11:03:35 PM;49.2097222166667;16.5985200333333;;;;
34665;;;;;;;;NMEA message parser not found for RMB.
34666;;;;;;;;Failed to parse: GGA.. Meters expected in GGA message.
34667;GSA;;;;;;;
34668;GSV;;;;;;;
34669;GSV;;;;;;;
34670;;;;;;;;NMEA message parser not found for GRM.
34671;RMC;12/26/2016 11:03:36 PM;49.2097249166667;16.5985296666667;;;;
34672;;;;;;;;NMEA message parser not found for RMB.
34673;;;;;;;;Failed to parse: GGA.. Meters expected in GGA message.
34674;GSA;;;;;;;
34675;GSV;;;;;;;
34676;GSV;;;;;;;
34677;;;;;;;;NMEA message parser not found for GRM.
34678;RMC;12/26/2016 11:03:37 PM;49.2097276166667;16.5985393;;;;
34679;;;;;;;;NMEA message parser not found for RMB.
34680;;;;;;;;Failed to parse: GGA.. Meters expected in GGA message.
34681;GSA;;;;;;;
34682;GSV;;;;;;;
34683;GSV;;;;;;;
34684;;;;;;;;NMEA message parser not found for GRM.
34685;RMC;12/26/2016 11:03:38 PM;49.2097303;16.59854895;;;;
34686;;;;;;;;NMEA message parser not found for RMB.
34687;;;;;;;;Failed to parse: GGA.. Meters expected in GGA message.
34688;GSA;;;;;;;
34689;GSV;;;;;;;
34690;GSV;;;;;;;
34691;;;;;;;;NMEA message parser not found for GRM.
34692;RMC;12/26/2016 11:03:39 PM;49.209733;16.5985585833333;;;;
34693;;;;;;;;NMEA message parser not found for RMB.
34694;;;;;;;;Failed to parse: GGA.. Meters expected in GGA message.
34695;GSA;;;;;;;
34696;GSV;;;;;;;
34697;GSV;;;;;;;
34698;;;;;;;;NMEA message parser not found for GRM.
34699;RMC;12/26/2016 11:03:40 PM;49.2097356833333;16.5985682333333;;;;
34700;;;;;;;;NMEA message parser not found for RMB.
34701;;;;;;;;Failed to parse: GGA.. Meters expected in GGA message.
34702;GSA;;;;;;;
34703;GSV;;;;;;;
34704;GSV;;;;;;;
34705;;;;;;;;NMEA message parser not found for GRM.
34706;RMC;12/26/2016 11:03:41 PM;49.2097383833333;16.5985778666667;;;;
34707;;;;;;;;NMEA message parser not found for RMB.
34708;;;;;;;;Failed to parse: GGA.. Meters expected in GGA message.
34709;GSA;;;;;;;
34710;GSV;;;;;;;
34711;GSV;;;;;;;
34712;;;;;;;;NMEA message parser not found for GRM.
34713;RMC;12/26/2016 11:03:42 PM;49.2097410833333;16.5985875166667;;;;
34714;;;;;;;;NMEA message parser not found for RMB.
34715;;;;;;;;Failed to parse: GGA.. Meters expected in GGA message.
34716;GSA;;;;;;;
34717;GSV;;;;;;;
34718;GSV;;;;;;;
34719;;;;;;;;NMEA message parser not found for GRM.
34720;RMC;12/26/2016 11:03:43 PM;49.2097437666667;16.59859715;;;;
34721;;;;;;;;NMEA message parser not found for RMB.
34722;;;;;;;;Failed to parse: GGA.. Meters expected in GGA message.
34723;GSA;;;;;;;
34724;GSV;;;;;;;
34725;GSV;;;;;;;
34726;;;;;;;;NMEA message parser not found for GRM.
34727;RMC;12/26/2016 11:03:44 PM;49.2097464666667;16.5986068;;;;
34728;;;;;;;;NMEA message parser not found for RMB.
34729;;;;;;;;Failed to parse: GGA.. Meters expected in GGA message.
34730;GSA;;;;;;;
34731;GSV;;;;;;;
34732;GSV;;;;;;;
34733;;;;;;;;NMEA message parser not found for GRM.
34734;RMC;12/26/2016 11:03:45 PM;49.2097491666667;16.5986164333333;;;;
34735;;;;;;;;NMEA message parser not found for RMB.
34736;;;;;;;;Failed to parse: GGA.. Meters expected in GGA message.
34737;GSA;;;;;;;
34738;GSV;;;;;;;
34739;GSV;;;;;;;
34740;;;;;;;;NMEA message parser not found for GRM.
34741;RMC;12/26/2016 11:03:46 PM;49.20975185;16.5986260666667;;;;
34742;;;;;;;;NMEA message parser not found for RMB.
34743;;;;;;;;Failed to parse: GGA.. Meters expected in GGA message.
34744;GSA;;;;;;;
34745;GSV;;;;;;;
34746;GSV;;;;;;;
34747;;;;;;;;NMEA message parser not found for GRM.
34748;RMC;12/26/2016 11:03:47 PM;49.20975455;16.5986357166667;;;;
34749;;;;;;;;NMEA message parser not found for RMB.
34750;;;;;;;;Failed to parse: GGA.. Meters expected in GGA message.
34751;GSA;;;;;;;
34752;GSV;;;;;;;
34753;GSV;;;;;;;
34754;;;;;;;;NMEA message parser not found for GRM.
34755;RMC;12/26/2016 11:03:48 PM;49.20975725;16.59864535;;;;
34756;;;;;;;;NMEA message parser not found for RMB.
34757;;;;;;;;Failed to parse: GGA.. Meters expected in GGA message.
34758;GSA;;;;;;;
34759;GSV;;;;;;;
34760;GSV;;;;;;;
34761;;;;;;;;NMEA message parser not found for GRM.
34762;RMC;12/26/2016 11:03:49 PM;49.2097599333333;16.598655;;;;
34763;;;;;;;;NMEA message parser not found for RMB.
34764;;;;;;;;Failed to parse: GGA.. Meters expected in GGA message.
34765;GSA;;;;;;;
34766;GSV;;;;;;;
34767;GSV;;;;;;;
34768;;;;;;;;NMEA message parser not found for GRM.
34769;RMC;12/26/2016 11:03:50 PM;49.2097626333333;16.5986646333333;;;;
34770;;;;;;;;NMEA message parser not found for RMB.
34771;;;;;;;;Failed to parse: GGA.. Meters expected in GGA message.
34772;GSA;;;;;;;
34773;GSV;;;;;;;
34774;GSV;;;;;;;
34775;;;;;;;;NMEA message parser not found for GRM.
34776;RMC;12/26/2016 11:03:51 PM;49.2097653333333;16.5986742833333;;;;
34777;;;;;;;;NMEA message parser not found for RMB.
34778;;;;;;;;Failed to parse: GGA.. Meters expected in GGA message.
34779;GSA;;;;;;;
34780;GSV;;;;;;;
34781;GSV;;;;;;;
34782;;;;;;;;NMEA message parser not found for GRM.
34783;RMC;12/26/2016 11:03:52 PM;49.2097680166667;16.5986839166667;;;;
34784;;;;;;;;NMEA message parser not found for RMB.
34785;;;;;;;;Failed to parse: GGA.. Meters expected in GGA message.
34786;GSA;;;;;;;
34787;GSV;;;;;;;
34788;GSV;;;;;;;
34789;;;;;;;;NMEA message parser not found for GRM.
